! TITLE: Yobs                                                                                                                                                                                                                                                            
! Peak:  4
       6.00860      20.00000
       6.01870      20.00000
       6.02890      20.00000
       6.03910      20.00000
       6.04920      20.00000
       6.05940      20.00000
       6.06960      20.00000
       6.07970      20.00000
       6.08990      20.00000
       6.10010      20.00000
       6.11020      20.00000
       6.12040      20.00000
       6.13060      20.00000
       6.14070      20.00000
       6.15090      20.00000
       6.16110      20.00000
       6.17120      20.00000
       6.18140      20.00000
       6.19150      20.00000
       6.20170      20.00000
       6.21190      20.00000
       6.22200      20.00000
       6.23220      20.00000
       6.24240      20.00000
       6.25250      20.00000
       6.26270      20.00000
       6.27290      20.00000
       6.28300      20.00000
       6.29320      20.00000
       6.30340      20.00000
       6.31350      20.00000
       6.32370      20.00000
       6.33380      20.00000
       6.34400      20.00000
       6.35420      20.00000
       6.36430      20.00000
       6.37450      20.00000
       6.38470      20.00000
       6.39480      20.00000
       6.40500      20.00000
       6.41520      20.00000
       6.42530      20.00000
       6.43550      20.00000
       6.44570      20.00000
       6.45580      20.00000
       6.46600      20.00000
       6.47620      20.00000
       6.48630      20.00000
       6.49650      20.00000
       6.50660      20.00000
       6.51680      20.00000
       6.52700      20.00000
       6.53710      20.00000
       6.54730      20.00000
       6.55750      20.00000
       6.56760      20.00000
       6.57780      20.00000
       6.58800      20.00000
       6.59810      20.00000
       6.60830      20.00000
       6.61850      20.00000
       6.62860      20.00000
       6.63880      20.00000
       6.64890      20.00000
       6.65910      20.00000
       6.66930      20.00000
       6.67940      20.00000
       6.68960      20.00000
       6.69980      20.00000
       6.70990      20.00000
       6.72010      20.00000
       6.73030      20.00000
       6.74040      20.00000
       6.75060      20.00000
       6.76080      20.00000
       6.77090      20.00000
       6.78110      20.00000
       6.79130      20.00000
       6.80140      20.00000
       6.81160      20.00000
       6.82170      20.00000
       6.83190      20.00000
       6.84210      20.00000
       6.85220      20.00000
       6.86240      20.00000
       6.87260      20.00000
       6.88270      20.00000
       6.89290      20.00000
       6.90310      20.00000
       6.91320      20.00000
       6.92340      20.00000
       6.93360      20.00000
       6.94370      20.00000
       6.95390      20.00000
       6.96400      20.00000
       6.97420      20.00000
       6.98440      20.00000
       6.99450      20.00000
       7.00470      20.00000
       7.01490      20.00000
       7.02500      20.00000
       7.03520      20.00000
       7.04540      20.00000
       7.05550      20.00000
       7.06570      20.00000
       7.07590      20.00000
       7.08600      20.00000
       7.09620      20.00000
       7.10640      20.00000
       7.11650      20.00000
       7.12670      20.00000
       7.13680      20.00000
       7.14700      20.00000
       7.15720      20.00000
       7.16730      20.00000
       7.17750      20.00000
       7.18770      20.00000
       7.19780      20.00000
       7.20800      20.00000
       7.21820      20.00000
       7.22830      20.00000
       7.23850      20.00000
       7.24870      20.00000
       7.25880      20.00000
       7.26900      20.00000
       7.27910      20.00000
       7.28930      20.00000
       7.29950      20.00000
       7.30960      20.00000
       7.31980      20.00000
       7.33000      20.00000
       7.34010      20.00000
       7.35030      20.00000
       7.36050      20.00000
       7.37060      20.00000
       7.38080      20.00000
       7.39100      20.00000
       7.40110      20.00000
       7.41130      20.00000
       7.42150      20.00000
       7.43160      20.00000
       7.44180      20.00000
       7.45190      20.00000
       7.46210      20.00000
       7.47230      20.00000
       7.48240      20.00000
       7.49260      20.00000
       7.50280      20.00000
       7.51290      20.00000
       7.52310      20.00000
       7.53330      20.00000
       7.54340      20.00000
       7.55360      20.00000
       7.56380      20.00000
       7.57390      20.00000
       7.58410      20.00000
       7.59420      20.00000
       7.60440      20.00000
       7.61460      20.00000
       7.62470      20.00000
       7.63490      20.00000
       7.64510      20.00000
       7.65520      20.00000
       7.66540      20.00000
       7.67560      20.00000
       7.68570      20.00000
       7.69590      20.00000
       7.70610      20.00000
       7.71620      20.00000
       7.72640      20.00000
       7.73650      20.00000
       7.74670      20.00000
       7.75690      20.00000
       7.76700      20.00000
       7.77720      20.00000
       7.78740      20.00000
       7.79750      20.00000
       7.80770      20.00000
       7.81790      20.00000
       7.82800      20.00000
       7.83820      20.00000
       7.84840      20.00000
       7.85850      20.00000
       7.86870      20.00000
       7.87890      20.00000
       7.88900      20.00000
       7.89920      20.00000
       7.90930      20.00000
       7.91950      20.00000
       7.92970      20.00000
       7.93980      20.00000
       7.95000      20.00000
       7.96020      20.00000
       7.97030      20.00000
       7.98050      20.00000
       7.99070      20.00000
       8.00080      20.00000
       8.01100      20.00000
       8.02120      20.00000
       8.03130      20.00000
       8.04150      20.00000
       8.05160      20.00000
       8.06180      20.00000
       8.07200      20.00000
       8.08210      20.00000
       8.09230      20.00000
       8.10250      20.00000
       8.11260      20.00000
       8.12280      20.00000
       8.13300      20.00000
       8.14310      20.00000
       8.15330      20.00000
       8.16350      20.00000
       8.17360      20.00000
       8.18380      20.00000
       8.19400      20.00000
       8.20410      20.00000
       8.21430      20.00000
       8.22440      20.00000
       8.23460      20.00000
       8.24480      20.00000
       8.25490      20.00000
       8.26510      20.00000
       8.27530      20.00000
       8.28540      20.00000
       8.29560      20.00000
       8.30580      20.00000
       8.31590      20.00000
       8.32610      20.00000
       8.33630      20.00000
       8.34640      20.00000
       8.35660      20.00000
       8.36670      20.00000
       8.37690      20.00000
       8.38710      20.00000
       8.39720      20.00000
       8.40740      20.00000
       8.41760      20.00000
       8.42770      20.00000
       8.43790      20.00000
       8.44810      20.00000
       8.45820      20.00000
       8.46840      20.00000
       8.47860      20.00000
       8.48870      20.00000
       8.49890      20.00000
       8.50910      20.00000
       8.51920      20.00000
       8.52940      20.00000
       8.53950      20.00000
       8.54970      20.00000
       8.55990      20.00000
       8.57000      20.00000
       8.58020      20.00000
       8.59040      20.00000
       8.60050      20.00000
       8.61070      20.00000
       8.62090      20.00000
       8.63100      20.00000
       8.64120      20.00000
       8.65140      20.00000
       8.66150      20.00000
       8.67170      20.00000
       8.68180      20.00000
       8.69200      20.00000
       8.70220      20.00000
       8.71230      20.00000
       8.72250      20.00000
       8.73270      20.00000
       8.74280      20.00000
       8.75300      20.00000
       8.76320      20.00000
       8.77330      20.00000
       8.78350      20.00000
       8.79370      20.00000
       8.80380      20.00000
       8.81400      20.00000
       8.82420      20.00000
       8.83430      20.00000
       8.84450      20.00000
       8.85460      20.00000
       8.86480      20.00000
       8.87500      20.00000
       8.88510      20.00000
       8.89530      20.00000
       8.90550      20.00000
       8.91560      20.00000
       8.92580      20.00000
       8.93600      20.00000
       8.94610      20.00000
       8.95630      20.00000
       8.96650      20.00000
       8.97660      20.00000
       8.98680      20.00000
       8.99690      20.00000
       9.00710      20.00000
       9.01730      20.00000
       9.02740      20.00000
       9.03760      20.00000
       9.04780      20.00000
       9.05790      20.00000
       9.06810      20.00000
       9.07830      20.00000
       9.08840      20.00000
       9.09860      20.00000
       9.10880      20.00000
       9.11890      20.00000
       9.12910      20.00000
       9.13930      20.00000
       9.14940      20.00000
       9.15960      20.00000
       9.16970      20.00000
       9.17990      20.00000
       9.19010      20.00000
       9.20020      20.00000
       9.21040      20.00000
       9.22060      20.00000
       9.23070      20.00000
       9.24090      20.00000
       9.25110      20.00000
       9.26120      20.00000
       9.27140      20.00000
       9.28160      20.00000
       9.29170      20.00000
       9.30190      20.00000
       9.31200      20.00000
       9.32220      20.00000
       9.33240      20.00000
       9.34250      20.00000
       9.35270      20.00000
       9.36290      20.00000
       9.37300      20.00000
       9.38320      20.00000
       9.39340      20.00000
       9.40350      20.00000
       9.41370      20.00000
       9.42390      20.00000
       9.43400      20.00000
       9.44420      20.00000
       9.45440      20.00000
       9.46450      20.00000
       9.47470      20.00000
       9.48480      20.00000
       9.49500      20.00000
       9.50520      20.00000
       9.51530      20.00000
       9.52550      20.00000
       9.53570      20.00000
       9.54580      20.00000
       9.55600      20.00000
       9.56620      20.00000
       9.57630      20.00000
       9.58650      20.00000
       9.59670      20.00000
       9.60680      20.00000
       9.61700      20.00000
       9.62710      20.00000
       9.63730      20.00000
       9.64750      20.00000
       9.65760      20.00000
       9.66780      20.00000
       9.67800      20.00000
       9.68810      20.00000
       9.69830      20.00000
       9.70850      20.00000
       9.71860      20.00000
       9.72880      20.00000
       9.73900      20.00000
       9.74910      20.00000
       9.75930      20.00000
       9.76940      20.00000
       9.77960      20.00000
       9.78980      20.00000
       9.79990      20.00000
       9.81010      20.00000
       9.82030      20.00000
       9.83040      20.00000
       9.84060      20.00000
       9.85080      20.00000
       9.86090      20.00000
       9.87110      20.00000
       9.88130      20.00000
       9.89140      20.00000
       9.90160      20.00000
       9.91180      20.00000
       9.92190      20.00000
       9.93210      20.00000
       9.94220      20.00000
       9.95240      20.00000
       9.96260      20.00000
       9.97270      20.00000
       9.98290      20.00000
       9.99310      20.00000
      10.00320      20.00000
      10.01340      20.00000
      10.02360      20.00000
      10.03370      20.00000
      10.04390      20.00000
      10.05410      20.00000
      10.06420      20.00000
      10.07440      20.00000
      10.08450      20.00000
      10.09470      20.00000
      10.10490      20.00000
      10.11500      20.00000
      10.12520      20.00000
      10.13540      20.00000
      10.14550      20.00000
      10.15570      20.00000
      10.16590      20.00000
      10.17600      20.00000
      10.18620      20.00000
      10.19640      20.00000
      10.20650      20.00000
      10.21670      20.00000
      10.22690      20.00000
      10.23700      20.00000
      10.24720      20.00000
      10.25730      20.00000
      10.26750      20.00000
      10.27770      20.00000
      10.28780      20.00000
      10.29800      20.00000
      10.30820      20.00000
      10.31830      20.00000
      10.32850      20.00000
      10.33870      20.00000
      10.34880      20.00000
      10.35900      20.00000
      10.36920      20.00000
      10.37930      20.00000
      10.38950      20.00000
      10.39960      20.00000
      10.40980      20.00000
      10.42000      20.00000
      10.43010      20.00000
      10.44030      20.00000
      10.45050      20.00000
      10.46060      20.00000
      10.47080      20.00000
      10.48100      20.00000
      10.49110      20.00000
      10.50130      20.00000
      10.51150      20.00000
      10.52160      20.00000
      10.53180      20.00000
      10.54200      20.00000
      10.55210      20.00000
      10.56230      20.00000
      10.57240      20.00000
      10.58260      20.00000
      10.59280      20.00000
      10.60290      20.00000
      10.61310      20.00000
      10.62330      20.00000
      10.63340      20.00000
      10.64360      20.00000
      10.65380      20.00000
      10.66390      20.00000
      10.67410      20.00000
      10.68430      20.02897
      10.69440      20.02900
      10.70460      20.02903
      10.71470      20.02907
      10.72490      20.02910
      10.73510      20.02913
      10.74520      20.02917
      10.75540      20.02920
      10.76560      20.02923
      10.77570      20.02927
      10.78590      20.02930
      10.79610      20.02934
      10.80620      20.02937
      10.81640      20.02940
      10.82660      20.02944
      10.83670      20.02947
      10.84690      20.02950
      10.85710      20.02954
      10.86720      20.02957
      10.87740      20.02961
      10.88750      20.02964
      10.89770      20.02967
      10.90790      20.02971
      10.91800      20.02974
      10.92820      20.02978
      10.93840      20.02981
      10.94850      20.02984
      10.95870      20.02988
      10.96890      20.02991
      10.97900      20.02995
      10.98920      20.02998
      10.99940      20.03002
      11.00950      20.03005
      11.01970      20.03009
      11.02980      20.03012
      11.04000      20.03016
      11.05020      20.03019
      11.06030      20.03023
      11.07050      20.03026
      11.08070      20.03030
      11.09080      20.03033
      11.10100      20.03037
      11.11120      20.03041
      11.12130      20.03044
      11.13150      20.03048
      11.14170      20.03051
      11.15180      20.03055
      11.16200      20.03058
      11.17220      20.03062
      11.18230      20.03065
      11.19250      20.03069
      11.20260      20.03073
      11.21280      20.03076
      11.22300      20.03080
      11.23310      20.03083
      11.24330      20.03087
      11.25350      20.03091
      11.26360      20.03094
      11.27380      20.03098
      11.28400      20.03102
      11.29410      20.03105
      11.30430      20.03109
      11.31450      20.03113
      11.32460      20.03116
      11.33480      20.03120
      11.34490      20.03124
      11.35510      20.03127
      11.36530      20.03131
      11.37540      20.03135
      11.38560      20.03139
      11.39580      20.03142
      11.40590      20.03146
      11.41610      20.03150
      11.42630      20.03153
      11.43640      20.03157
      11.44660      20.03161
      11.45680      20.03165
      11.46690      20.03168
      11.47710      20.03172
      11.48730      20.03176
      11.49740      20.03180
      11.50760      20.03184
      11.51770      20.03187
      11.52790      20.03191
      11.53810      20.03195
      11.54820      20.03199
      11.55840      20.03203
      11.56860      20.03206
      11.57870      20.03210
      11.58890      20.03214
      11.59910      20.03218
      11.60920      20.03222
      11.61940      20.03226
      11.62960      20.03230
      11.63970      20.03234
      11.64990      20.03238
      11.66000      20.03241
      11.67020      20.03245
      11.68040      20.03249
      11.69050      20.03253
      11.70070      20.03257
      11.71090      20.03261
      11.72100      20.03265
      11.73120      20.03269
      11.74140      20.03273
      11.75150      20.03277
      11.76170      20.03281
      11.77190      20.03285
      11.78200      20.03289
      11.79220      20.03293
      11.80230      20.03297
      11.81250      20.03301
      11.82270      20.03305
      11.83280      20.03309
      11.84300      20.03313
      11.85320      20.03317
      11.86330      20.03321
      11.87350      20.03325
      11.88370      20.03329
      11.89380      20.03333
      11.90400      20.03337
      11.91420      20.03341
      11.92430      20.03345
      11.93450      20.03349
      11.94470      20.03354
      11.95480      20.03358
      11.96500      20.03362
      11.97510      20.03366
      11.98530      20.03370
      11.99550      20.03374
      12.00560      20.03378
      12.01580      20.03382
      12.02600      20.03386
      12.03610      20.03391
      12.04630      20.03395
      12.05650      20.03399
      12.06660      20.03403
      12.07680      20.03407
      12.08700      20.03412
      12.09710      20.03416
      12.10730      20.03420
      12.11740      20.03424
      12.12760      20.03429
      12.13780      20.03433
      12.14790      20.03437
      12.15810      20.03441
      12.16830      20.03446
      12.17840      20.03450
      12.18860      20.03454
      12.19880      20.03459
      12.20890      20.03463
      12.21910      20.03467
      12.22930      20.03472
      12.23940      20.03476
      12.24960      20.03480
      12.25980      20.03485
      12.26990      20.03489
      12.28010      20.03493
      12.29020      20.03498
      12.30040      20.03502
      12.31060      20.03506
      12.32070      20.03511
      12.33090      20.03515
      12.34110      20.03520
      12.35120      20.03524
      12.36140      20.03528
      12.37160      20.03533
      12.38170      20.03537
      12.39190      20.03542
      12.40210      20.03546
      12.41220      20.03551
      12.42240      20.03555
      12.43250      20.03560
      12.44270      20.03564
      12.45290      20.03569
      12.46300      20.03573
      12.47320      20.03578
      12.48340      20.03582
      12.49350      20.03587
      12.50370      20.03591
      12.51390      20.03596
      12.52400      20.03600
      12.53420      20.03605
      12.54440      20.03610
      12.55450      20.03614
      12.56470      20.03619
      12.57490      20.03623
      12.58500      20.03628
      12.59520      20.03633
      12.60530      20.03637
      12.61550      20.03642
      12.62570      20.03646
      12.63580      20.03651
      12.64600      20.03656
      12.65620      20.03661
      12.66630      20.03665
      12.67650      20.03670
      12.68670      20.03675
      12.69680      20.03679
      12.70700      20.03684
      12.71720      20.03689
      12.72730      20.03694
      12.73750      20.03698
      12.74760      20.03703
      12.75780      20.03708
      12.76800      20.03713
      12.77810      20.03717
      12.78830      20.03722
      12.79850      20.03727
      12.80860      20.03732
      12.81880      20.03737
      12.82900      20.03741
      12.83910      20.03746
      12.84930      20.03751
      12.85950      20.03756
      12.86960      20.03761
      12.87980      20.03766
      12.89000      20.03771
      12.90010      20.03776
      12.91030      20.03781
      12.92040      20.03785
      12.93060      20.03790
      12.94080      20.03795
      12.95090      20.03800
      12.96110      20.03805
      12.97130      20.03810
      12.98140      20.03815
      12.99160      20.03820
      13.00180      20.03825
      13.01190      20.03830
      13.02210      20.03835
      13.03230      20.03840
      13.04240      20.03845
      13.05260      20.03850
      13.06270      20.03855
      13.07290      20.03860
      13.08310      20.03865
      13.09320      20.03871
      13.10340      20.03876
      13.11360      20.03881
      13.12370      20.03886
      13.13390      20.03891
      13.14410      20.03896
      13.15420      20.03901
      13.16440      20.03906
      13.17460      20.03912
      13.18470      20.03917
      13.19490      20.03922
      13.20510      20.03927
      13.21520      20.03932
      13.22540      20.03938
      13.23550      20.03943
      13.24570      20.03948
      13.25590      20.03953
      13.26600      20.03959
      13.27620      20.03964
      13.28640      20.03969
      13.29650      20.03974
      13.30670      20.03980
      13.31690      20.03985
      13.32700      20.03990
      13.33720      20.03996
      13.34740      20.04001
      13.35750      20.04006
      13.36770      20.04012
      13.37780      20.04017
      13.38800      20.04023
      13.39820      20.04028
      13.40830      20.04033
      13.41850      20.04039
      13.42870      20.04044
      13.43880      20.04050
      13.44900      20.04055
      13.45920      20.04061
      13.46930      20.04066
      13.47950      20.04072
      13.48970      20.04077
      13.49980      20.04082
      13.51000      20.04088
      13.52010      20.04094
      13.53030      20.04099
      13.54050      20.04105
      13.55060      20.04110
      13.56080      20.04116
      13.57100      20.04121
      13.58110      20.04127
      13.59130      20.04133
      13.60150      20.04138
      13.61160      20.04144
      13.62180      20.04150
      13.63200      20.04155
      13.64210      20.04161
      13.65230      20.04167
      13.66250      20.04172
      13.67260      20.04178
      13.68280      20.04184
      13.69290      20.04189
      13.70310      20.04195
      13.71330      20.04201
      13.72340      20.04207
      13.73360      20.04212
      13.74380      20.04218
      13.75390      20.04224
      13.76410      20.04230
      13.77430      20.04236
      13.78440      20.04241
      13.79460      20.04247
      13.80480      20.04253
      13.81490      20.04259
      13.82510      20.04265
      13.83520      20.04271
      13.84540      20.04277
      13.85560      20.04283
      13.86570      20.04288
      13.87590      20.04295
      13.88610      20.04300
      13.89620      20.04306
      13.90640      20.04313
      13.91660      20.04318
      13.92670      20.04324
      13.93690      20.04330
      13.94710      20.04337
      13.95720      20.04342
      13.96740      20.04349
      13.97760      20.04355
      13.98770      20.04361
      13.99790      20.04367
      14.00800      20.04373
      14.01820      20.04379
      14.02840      20.04385
      14.03850      20.04391
      14.04870      20.04398
      14.05890      20.04404
      14.06900      20.04410
      14.07920      20.04416
      14.08940      20.04422
      14.09950      20.04428
      14.10970      20.04435
      14.11990      20.04441
      14.13000      20.04447
      14.14020      20.04453
      14.15030      20.04460
      14.16050      20.04466
      14.17070      20.04472
      14.18080      20.04479
      14.19100      20.04485
      14.20120      20.04491
      14.21130      20.04498
      14.22150      20.04504
      14.23170      20.04511
      14.24180      20.04517
      14.25200      20.04523
      14.26220      20.04530
      14.27230      20.04536
      14.28250      20.04543
      14.29270      20.04549
      14.30280      20.04556
      14.31300      20.04562
      14.32310      20.04569
      14.33330      20.04575
      14.34350      20.04582
      14.35360      20.04589
      14.36380      20.04595
      14.37400      20.04602
      14.38410      20.04608
      14.39430      20.04615
      14.40450      20.04622
      14.41460      20.04628
      14.42480      20.04635
      14.43500      20.04642
      14.44510      20.04648
      14.45530      20.04655
      14.46540      20.04662
      14.47560      20.04668
      14.48580      20.04675
      14.49590      20.04682
      14.50610      20.04689
      14.51630      20.04696
      14.52640      20.04702
      14.53660      20.04709
      14.54680      20.04716
      14.55690      20.04723
      14.56710      20.04730
      14.57730      20.04737
      14.58740      20.04743
      14.59760      20.04750
      14.60780      20.04757
      14.61790      20.04764
      14.62810      20.04771
      14.63820      20.04778
      14.64840      20.04785
      14.65860      20.04792
      14.66870      20.04799
      14.67890      20.04806
      14.68910      20.04813
      14.69920      20.04820
      14.70940      20.04827
      14.71960      20.04835
      14.72970      20.04842
      14.73990      20.04849
      14.75010      20.04856
      14.76020      20.04863
      14.77040      20.04870
      14.78050      20.04877
      14.79070      20.04885
      14.80090      20.04892
      14.81100      20.04899
      14.82120      20.04906
      14.83140      20.04914
      14.84150      20.04921
      14.85170      20.04928
      14.86190      20.04935
      14.87200      20.04943
      14.88220      20.04950
      14.89240      20.04958
      14.90250      20.04965
      14.91270      20.04972
      14.92290      20.04980
      14.93300      20.04987
      14.94320      20.04995
      14.95330      20.05002
      14.96350      20.05010
      14.97370      20.05017
      14.98380      20.05025
      14.99400      20.05032
      15.00420      20.05040
      15.01430      20.05047
      15.02450      20.05055
      15.03470      20.05062
      15.04480      20.05070
      15.05500      20.05078
      15.06520      20.05086
      15.07530      20.05093
      15.08550      20.05101
      15.09560      20.05108
      15.10580      20.05116
      15.11600      20.05124
      15.12610      20.05132
      15.13630      20.05140
      15.14650      20.05147
      15.15660      20.05155
      15.16680      20.05163
      15.17700      20.05171
      15.18710      20.05179
      15.19730      20.05187
      15.20750      20.05194
      15.21760      20.05202
      15.22780      20.05210
      15.23800      20.05218
      15.24810      20.05226
      15.25830      20.05234
      15.26840      20.05242
      15.27860      20.05250
      15.28880      20.05258
      15.29890      20.05266
      15.30910      20.05275
      15.31930      20.05283
      15.32940      20.05291
      15.33960      20.05299
      15.34980      20.05307
      15.35990      20.05315
      15.37010      20.05323
      15.38030      20.05332
      15.39040      20.05340
      15.40060      20.05348
      15.41070      20.05356
      15.42090      20.05365
      15.43110      20.05373
      15.44120      20.05381
      15.45140      20.05390
      15.46160      20.05398
      15.47170      20.05407
      15.48190      20.05415
      15.49210      20.05423
      15.50220      20.05432
      15.51240      20.05440
      15.52260      20.05449
      15.53270      20.05457
      15.54290      20.05466
      15.55300      20.05474
      15.56320      20.05483
      15.57340      20.05492
      15.58350      20.05500
      15.59370      20.05509
      15.60390      20.05517
      15.61400      20.05526
      15.62420      20.05535
      15.63440      20.05544
      15.64450      20.05552
      15.65470      20.05561
      15.66490      20.05570
      15.67500      20.05579
      15.68520      20.05587
      15.69540      20.05596
      15.70550      20.05605
      15.71570      20.05614
      15.72580      20.05623
      15.73600      20.05632
      15.74620      20.05641
      15.75630      20.05650
      15.76650      20.05659
      15.77670      20.05668
      15.78680      20.05677
      15.79700      20.05686
      15.80720      20.05695
      15.81730      20.05704
      15.82750      20.05713
      15.83770      20.05722
      15.84780      20.05731
      15.85800      20.05741
      15.86810      20.05750
      15.87830      20.05759
      15.88850      20.05768
      15.89860      20.05777
      15.90880      20.05787
      15.91900      20.05796
      15.92910      20.05805
      15.93930      20.05815
      15.94950      20.05824
      15.95960      20.05834
      15.96980      20.05843
      15.98000      20.05853
      15.99010      20.05862
      16.00030      20.05871
      16.01050      20.05881
      16.02060      20.05890
      16.03080      20.05900
      16.04090      20.05910
      16.05110      20.05919
      16.06130      20.05929
      16.07140      20.05939
      16.08160      20.05948
      16.09180      20.05958
      16.10190      20.05968
      16.11210      20.05977
      16.12230      20.05987
      16.13240      20.05997
      16.14260      20.06007
      16.15280      20.06017
      16.16290      20.06026
      16.17310      20.06036
      16.18320      20.06046
      16.19340      20.06056
      16.20360      20.06066
      16.21370      20.06076
      16.22390      20.06086
      16.23410      20.06096
      16.24420      20.06106
      16.25440      20.06116
      16.26460      20.06127
      16.27470      20.06137
      16.28490      20.06147
      16.29510      20.06157
      16.30520      20.06167
      16.31540      20.06178
      16.32560      20.06188
      16.33570      20.06198
      16.34590      20.06209
      16.35600      20.06219
      16.36620      20.06229
      16.37640      20.06240
      16.38650      20.06250
      16.39670      20.06260
      16.40690      20.06271
      16.41700      20.06281
      16.42720      20.06292
      16.43740      20.06303
      16.44750      20.06313
      16.45770      20.06324
      16.46790      20.06334
      16.47800      20.06345
      16.48820      20.06356
      16.49830      20.06367
      16.50850      20.06377
      16.51870      20.06388
      16.52880      20.06399
      16.53900      20.06410
      16.54920      20.06421
      16.55930      20.06431
      16.56950      20.06442
      16.57970      20.06453
      16.58980      20.06464
      16.60000      20.06475
      16.61020      20.06486
      16.62030      20.06497
      16.63050      20.06508
      16.64070      20.06520
      16.65080      20.06531
      16.66100      20.06542
      16.67110      20.06553
      16.68130      20.06564
      16.69150      20.06576
      16.70160      20.06587
      16.71180      20.06598
      16.72200      20.06610
      16.73210      20.06621
      16.74230      20.06632
      16.75250      20.06644
      16.76260      20.06655
      16.77280      20.06667
      16.78300      20.06678
      16.79310      20.06690
      16.80330      20.06701
      16.81340      20.06713
      16.82360      20.06724
      16.83380      20.06736
      16.84390      20.06748
      16.85410      20.06759
      16.86430      20.06771
      16.87440      20.06783
      16.88460      20.06795
      16.89480      20.06807
      16.90490      20.06819
      16.91510      20.06831
      16.92530      20.06843
      16.93540      20.06854
      16.94560      20.06866
      16.95580      20.06879
      16.96590      20.06890
      16.97610      20.06903
      16.98620      20.06915
      16.99640      20.06927
      17.00660      20.06939
      17.01670      20.06951
      17.02690      20.06964
      17.03710      20.06976
      17.04720      20.06988
      17.05740      20.07001
      17.06760      20.07013
      17.07770      20.07026
      17.08790      20.07038
      17.09810      20.07051
      17.10820      20.07063
      17.11840      20.07076
      17.12850      20.07088
      17.13870      20.07101
      17.14890      20.07113
      17.15900      20.07126
      17.16920      20.07139
      17.17940      20.07152
      17.18950      20.07164
      17.19970      20.07177
      17.20990      20.07190
      17.22000      20.07203
      17.23020      20.07216
      17.24040      20.07229
      17.25050      20.07242
      17.26070      20.07255
      17.27090      20.07268
      17.28100      20.07281
      17.29120      20.07294
      17.30130      20.07307
      17.31150      20.07321
      17.32170      20.07334
      17.33180      20.07347
      17.34200      20.07360
      17.35220      20.07374
      17.36230      20.07387
      17.37250      20.07401
      17.38270      20.07414
      17.39280      20.07428
      17.40300      20.07441
      17.41320      20.07455
      17.42330      20.07468
      17.43350      20.07482
      17.44360      20.07496
      17.45380      20.07509
      17.46400      20.07523
      17.47410      20.07537
      17.48430      20.07551
      17.49450      20.07565
      17.50460      20.07579
      17.51480      20.07593
      17.52500      20.07607
      17.53510      20.07621
      17.54530      20.07635
      17.55550      20.07649
      17.56560      20.07663
      17.57580      20.07677
      17.58590      20.07691
      17.59610      20.07706
      17.60630      20.07720
      17.61640      20.07734
      17.62660      20.07749
      17.63680      20.07763
      17.64690      20.07778
      17.65710      20.07792
      17.66730      20.07807
      17.67740      20.07821
      17.68760      20.07836
      17.69780      20.07851
      17.70790      20.07865
      17.71810      20.07880
      17.72830      20.07895
      17.73840      20.07910
      17.74860      20.07924
      17.75870      20.07939
      17.76890      20.07954
      17.77910      20.07969
      17.78920      20.07984
      17.79940      20.07999
      17.80960      20.08015
      17.81970      20.08030
      17.82990      20.08045
      17.84010      20.08060
      17.85020      20.08076
      17.86040      20.08091
      17.87060      20.08106
      17.88070      20.08122
      17.89090      20.08137
      17.90100      20.08153
      17.91120      20.08168
      17.92140      20.08184
      17.93150      20.08200
      17.94170      20.08215
      17.95190      20.08231
      17.96200      20.08247
      17.97220      20.08263
      17.98240      20.08279
      17.99250      20.08294
      18.00270      20.08311
      18.01290      20.08327
      18.02300      20.08343
      18.03320      20.08359
      18.04340      20.08375
      18.05350      20.08391
      18.06370      20.08407
      18.07380      20.08424
      18.08400      20.08440
      18.09420      20.08456
      18.10430      20.08473
      18.11450      20.08489
      18.12470      20.08506
      18.13480      20.08522
      18.14500      20.08539
      18.15520      20.08556
      18.16530      20.08573
      18.17550      20.08589
      18.18570      20.08606
      18.19580      20.08623
      18.20600      20.08640
      18.21610      20.08657
      18.22630      20.08674
      18.23650      20.08691
      18.24660      20.08708
      18.25680      20.08725
      18.26700      20.08743
      18.27710      20.08760
      18.28730      20.08777
      18.29750      20.08795
      18.30760      20.08812
      18.31780      20.08830
      18.32800      20.08847
      18.33810      20.08865
      18.34830      20.08883
      18.35850      20.08900
      18.36860      20.08918
      18.37880      20.08936
      18.38890      20.08953
      18.39910      20.08971
      18.40930      20.08990
      18.41940      20.09007
      18.42960      20.09026
      18.43980      20.09044
      18.44990      20.09062
      18.46010      20.09080
      18.47030      20.09098
      18.48040      20.09117
      18.49060      20.09135
      18.50080      20.09154
      18.51090      20.09172
      18.52110      20.09191
      18.53120      20.09209
      18.54140      20.09228
      18.55160      20.09247
      18.56170      20.09266
      18.57190      20.09284
      18.58210      20.09303
      18.59220      20.09322
      18.60240      20.09341
      18.61260      20.09361
      18.62270      20.09380
      18.63290      20.09399
      18.64310      20.09418
      18.65320      20.09437
      18.66340      20.09457
      18.67360      20.09476
      18.68370      20.09496
      18.69390      20.09515
      18.70400      20.09535
      18.71420      20.09555
      18.72440      20.09575
      18.73450      20.09594
      18.74470      20.09614
      18.75490      20.09634
      18.76500      20.09654
      18.77520      20.09674
      18.78540      20.09694
      18.79550      20.09714
      18.80570      20.09735
      18.81590      20.09755
      18.82600      20.09775
      18.83620      20.09796
      18.84630      20.09816
      18.85650      20.09837
      18.86670      20.09858
      18.87680      20.09878
      18.88700      20.09899
      18.89720      20.09920
      18.90730      20.09941
      18.91750      20.09962
      18.92770      20.09983
      18.93780      20.10004
      18.94800      20.10025
      18.95820      20.10046
      18.96830      20.10067
      18.97850      20.10089
      18.98870      20.10110
      18.99880      20.10132
      19.00900      20.10153
      19.01910      20.10175
      19.02930      20.10196
      19.03950      20.10218
      19.04960      20.10240
      19.05980      20.10262
      19.07000      20.10284
      19.08010      20.10306
      19.09030      20.10328
      19.10050      20.10350
      19.11060      20.10373
      19.12080      20.10395
      19.13100      20.10417
      19.14110      20.10440
      19.15130      20.10462
      19.16140      20.10485
      19.17160      20.10508
      19.18180      20.10530
      19.19190      20.10553
      19.20210      20.10576
      19.21230      20.10599
      19.22240      20.10622
      19.23260      20.10645
      19.24280      20.10669
      19.25290      20.10692
      19.26310      20.10715
      19.27330      20.10739
      19.28340      20.10762
      19.29360      20.10786
      19.30380      20.10810
      19.31390      20.10833
      19.32410      20.10857
      19.33420      20.10881
      19.34440      20.10905
      19.35460      20.10929
      19.36470      20.10953
      19.37490      20.10978
      19.38510      20.11002
      19.39520      20.11026
      19.40540      20.11051
      19.41560      20.11075
      19.42570      20.11100
      19.43590      20.11125
      19.44610      20.11150
      19.45620      20.11174
      19.46640      20.11199
      19.47650      20.11224
      19.48670      20.11250
      19.49690      20.11275
      19.50700      20.11300
      19.51720      20.11325
      19.52740      20.11351
      19.53750      20.11376
      19.54770      20.11402
      19.55790      20.11428
      19.56800      20.11454
      19.57820      20.11480
      19.58840      20.11506
      19.59850      20.11532
      19.60870      20.11558
      19.61880      20.11584
      19.62900      20.11610
      19.63920      20.11637
      19.64930      20.11663
      19.65950      20.11690
      19.66970      20.11717
      19.67980      20.11744
      19.69000      20.11770
      19.70020      20.11798
      19.71030      20.11824
      19.72050      20.11852
      19.73070      20.11879
      19.74080      20.11906
      19.75100      20.11934
      19.76120      20.11962
      19.77130      20.11989
      19.78150      20.12017
      19.79160      20.12045
      19.80180      20.12073
      19.81200      20.12101
      19.82210      20.12129
      19.83230      20.12157
      19.84250      20.12185
      19.85260      20.12214
      19.86280      20.12242
      19.87300      20.12271
      19.88310      20.12300
      19.89330      20.12328
      19.90350      20.12358
      19.91360      20.12386
      19.92380      20.12416
      19.93390      20.12444
      19.94410      20.12474
      19.95430      20.12504
      19.96440      20.12533
      19.97460      20.12563
      19.98480      20.12593
      19.99490      20.12622
      20.00510      20.12652
      20.01530      20.12683
      20.02540      20.12712
      20.03560      20.12743
      20.04580      20.12773
      20.05590      20.12804
      20.06610      20.12834
      20.07630      20.12865
      20.08640      20.12896
      20.09660      20.12927
      20.10670      20.12958
      20.11690      20.12989
      20.12710      20.13021
      20.13720      20.13052
      20.14740      20.13083
      20.15760      20.13115
      20.16770      20.13147
      20.17790      20.13178
      20.18810      20.13210
      20.19820      20.13242
      20.20840      20.13275
      20.21860      20.13307
      20.22870      20.13339
      20.23890      20.13372
      20.24900      20.13404
      20.25920      20.13437
      20.26940      20.13470
      20.27950      20.13503
      20.28970      20.13537
      20.29990      20.13570
      20.31000      20.13603
      20.32020      20.13637
      20.33040      20.13671
      20.34050      20.13704
      20.35070      20.13738
      20.36090      20.13772
      20.37100      20.13806
      20.38120      20.13840
      20.39140      20.13875
      20.40150      20.13909
      20.41170      20.13944
      20.42180      20.13979
      20.43200      20.14014
      20.44220      20.14049
      20.45230      20.14084
      20.46250      20.14119
      20.47270      20.14155
      20.48280      20.14190
      20.49300      20.14226
      20.50320      20.14262
      20.51330      20.14298
      20.52350      20.14334
      20.53370      20.14370
      20.54380      20.14407
      20.55400      20.14443
      20.56410      20.14480
      20.57430      20.14517
      20.58450      20.14554
      20.59460      20.14590
      20.60480      20.14628
      20.61500      20.14665
      20.62510      20.14703
      20.63530      20.14740
      20.64550      20.14778
      20.65560      20.14816
      20.66580      20.14854
      20.67600      20.14893
      20.68610      20.14931
      20.69630      20.14969
      20.70650      20.15008
      20.71660      20.15047
      20.72680      20.15086
      20.73690      20.15125
      20.74710      20.15164
      20.75730      20.15204
      20.76740      20.15243
      20.77760      20.15283
      20.78780      20.15323
      20.79790      20.15363
      20.80810      20.15403
      20.81830      20.15444
      20.82840      20.15484
      20.83860      20.15525
      20.84880      20.15566
      20.85890      20.15607
      20.86910      20.15648
      20.87920      20.15689
      20.88940      20.15731
      20.89960      20.15773
      20.90970      20.15814
      20.91990      20.15856
      20.93010      20.15899
      20.94020      20.15941
      20.95040      20.15983
      20.96060      20.16026
      20.97070      20.16069
      20.98090      20.16112
      20.99110      20.16155
      21.00120      20.16198
      21.01140      20.16242
      21.02160      20.16286
      21.03170      20.16329
      21.04190      20.16374
      21.05200      20.16418
      21.06220      20.16462
      21.07240      20.16507
      21.08250      20.16551
      21.09270      20.16597
      21.10290      20.16642
      21.11300      20.16687
      21.12320      20.16733
      21.13340      20.16778
      21.14350      20.16824
      21.15370      20.16870
      21.16390      20.16917
      21.17400      20.16963
      21.18420      20.17010
      21.19430      20.17056
      21.20450      20.17103
      21.21470      20.17151
      21.22480      20.17198
      21.23500      20.17246
      21.24520      20.17294
      21.25530      20.17341
      21.26550      20.17390
      21.27570      20.17438
      21.28580      20.17487
      21.29600      20.17536
      21.30620      20.17585
      21.31630      20.17634
      21.32650      20.17683
      21.33660      20.17733
      21.34680      20.17783
      21.35700      20.17833
      21.36710      20.17883
      21.37730      20.17933
      21.38750      20.17984
      21.39760      20.18035
      21.40780      20.18086
      21.41800      20.18138
      21.42810      20.18189
      21.43830      20.18241
      21.44850      20.18293
      21.45860      20.18345
      21.46880      20.18398
      21.47900      20.18451
      21.48910      20.18503
      21.49930      20.18556
      21.50940      20.18609
      21.51960      20.18663
      21.52980      20.18717
      21.53990      20.18771
      21.55010      20.18825
      21.56030      20.18880
      21.57040      20.18934
      21.58060      20.18990
      21.59080      20.19045
      21.60090      20.19100
      21.61110      20.19156
      21.62130      20.19212
      21.63140      20.19268
      21.64160      20.19325
      21.65170      20.19381
      21.66190      20.19438
      21.67210      20.19495
      21.68220      20.19553
      21.69240      20.19610
      21.70260      20.19669
      21.71270      20.19726
      21.72290      20.19785
      21.73310      20.19844
      21.74320      20.19903
      21.75340      20.19962
      21.76360      20.20022
      21.77370      20.20081
      21.78390      20.20141
      21.79410      20.20202
      21.80420      20.20262
      21.81440      20.20323
      21.82450      20.20384
      21.83470      20.20445
      21.84490      20.20507
      21.85500      20.20569
      21.86520      20.20631
      21.87540      20.20694
      21.88550      20.20757
      21.89570      20.20820
      21.90590      20.20883
      21.91600      20.20947
      21.92620      20.21011
      21.93640      20.21075
      21.94650      20.21140
      21.95670      20.21205
      21.96680      20.21269
      21.97700      20.21335
      21.98720      20.21401
      21.99730      20.21466
      22.00750      20.21533
      22.01770      20.21600
      22.02780      20.21666
      22.03800      20.21734
      22.04820      20.21802
      22.05830      20.21869
      22.06850      20.21938
      22.07870      20.22006
      22.08880      20.22075
      22.09900      20.22144
      22.10920      20.22214
      22.11930      20.22283
      22.12950      20.22354
      22.13960      20.22424
      22.14980      20.22495
      22.16000      20.22566
      22.17010      20.22637
      22.18030      20.22709
      22.19050      20.22782
      22.20060      20.22854
      22.21080      20.22927
      22.22100      20.23000
      22.23110      20.23073
      22.24130      20.23148
      22.25150      20.23222
      22.26160      20.23296
      22.27180      20.23371
      22.28190      20.23446
      22.29210      20.23522
      22.30230      20.23598
      22.31240      20.23674
      22.32260      20.23751
      22.33280      20.23829
      22.34290      20.23906
      22.35310      20.23984
      22.36330      20.24063
      22.37340      20.24141
      22.38360      20.24220
      22.39380      20.24300
      22.40390      20.24379
      22.41410      20.24460
      22.42430      20.24541
      22.43440      20.24621
      22.44460      20.24703
      22.45470      20.24784
      22.46490      20.24867
      22.47510      20.24950
      22.48520      20.25032
      22.49540      20.25116
      22.50560      20.25200
      22.51570      20.25284
      22.52590      20.25369
      22.53610      20.25454
      22.54620      20.25539
      22.55640      20.25626
      22.56660      20.25712
      22.57670      20.25799
      22.58690      20.25886
      22.59700      20.25974
      22.60720      20.26062
      22.61740      20.26151
      22.62750      20.26240
      22.63770      20.26329
      22.64790      20.26420
      22.65800      20.26510
      22.66820      20.26601
      22.67840      20.26693
      22.68850      20.26784
      22.69870      20.26877
      22.70890      20.26970
      22.71900      20.27062
      22.72920      20.27157
      22.73940      20.27251
      22.74950      20.27345
      22.75970      20.27441
      22.76980      20.27536
      22.78000      20.27633
      22.79020      20.27730
      22.80030      20.27826
      22.81050      20.27924
      22.82070      20.28023
      22.83080      20.28121
      22.84100      20.28221
      22.85120      20.28321
      22.86130      20.28421
      22.87150      20.28522
      22.88170      20.28624
      22.89180      20.28725
      22.90200      20.28828
      22.91210      20.28930
      22.92230      20.29034
      22.93250      20.29139
      22.94260      20.29243
      22.95280      20.29349
      22.96300      20.29455
      22.97310      20.29560
      22.98330      20.29668
      22.99350      20.29776
      23.00360      20.29883
      23.01380      20.29992
      23.02400      20.30102
      23.03410      20.30211
      23.04430      20.30322
      23.05450      20.30434
      23.06460      20.30545
      23.07480      20.30658
      23.08490      20.30770
      23.09510      20.30884
      23.10530      20.30998
      23.11540      20.31113
      23.12560      20.31228
      23.13580      20.31345
      23.14590      20.31461
      23.15610      20.31579
      23.16630      20.31697
      23.17640      20.31815
      23.18660      20.31935
      23.19680      20.32056
      23.20690      20.32176
      23.21710      20.32298
      23.22720      20.32419
      23.23740      20.32542
      23.24760      20.32666
      23.25770      20.32789
      23.26790      20.32915
      23.27810      20.33041
      23.28820      20.33166
      23.29840      20.33294
      23.30860      20.33422
      23.31870      20.33550
      23.32890      20.33679
      23.33910      20.33810
      23.34920      20.33940
      23.35940      20.34072
      23.36950      20.34203
      23.37970      20.34337
      23.38990      20.34471
      23.40000      20.34605
      23.41020      20.34740
      23.42040      20.34877
      23.43050      20.35013
      23.44070      20.35151
      23.45090      20.35290
      23.46100      20.35429
      23.47120      20.35570
      23.48140      20.35711
      23.49150      20.35852
      23.50170      20.35995
      23.51190      20.36139
      23.52200      20.36283
      23.53220      20.36429
      23.54230      20.36574
      23.55250      20.36721
      23.56270      20.36870
      23.57280      20.37017
      23.58300      20.37168
      23.59320      20.37319
      23.60330      20.37469
      23.61350      20.37622
      23.62370      20.37776
      23.63380      20.37929
      23.64400      20.38085
      23.65420      20.38242
      23.66430      20.38398
      23.67450      20.38556
      23.68460      20.38715
      23.69480      20.38875
      23.70500      20.39037
      23.71510      20.39198
      23.72530      20.39361
      23.73550      20.39526
      23.74560      20.39690
      23.75580      20.39857
      23.76600      20.40024
      23.77610      20.40191
      23.78630      20.40361
      23.79650      20.40532
      23.80660      20.40702
      23.81680      20.40875
      23.82700      20.41049
      23.83710      20.41223
      23.84730      20.41399
      23.85740      20.41575
      23.86760      20.41753
      23.87780      20.41933
      23.88790      20.42112
      23.89810      20.42294
      23.90830      20.42477
      23.91840      20.42660
      23.92860      20.42845
      23.93880      20.43032
      23.94890      20.43218
      23.95910      20.43407
      23.96930      20.43598
      23.97940      20.43788
      23.98960      20.43980
      23.99970      20.44173
      24.00990      20.44368
      24.02010      20.44565
      24.03020      20.44761
      24.04040      20.44960
      24.05060      20.45161
      24.06070      20.45361
      24.07090      20.45564
      24.08110      20.45769
      24.09120      20.45973
      24.10140      20.46180
      24.11160      20.46389
      24.12170      20.46597
      24.13190      20.46809
      24.14210      20.47022
      24.15220      20.47234
      24.16240      20.47450
      24.17250      20.47666
      24.18270      20.47884
      24.19290      20.48105
      24.20300      20.48325
      24.21320      20.48548
      24.22340      20.48773
      24.23350      20.48997
      24.24370      20.49225
      24.25390      20.49455
      24.26400      20.49684
      24.27420      20.49916
      24.28440      20.50151
      24.29450      20.50385
      24.30470      20.50622
      24.31480      20.50859
      24.32500      20.51101
      24.33520      20.51343
      24.34530      20.51585
      24.35550      20.51831
      24.36570      20.52079
      24.37580      20.52327
      24.38600      20.52578
      24.39620      20.52831
      24.40630      20.53084
      24.41650      20.53341
      24.42670      20.53600
      24.43680      20.53858
      24.44700      20.54120
      24.45720      20.54384
      24.46730      20.54648
      24.47750      20.54916
      24.48760      20.55184
      24.49780      20.55456
      24.50800      20.55730
      24.51810      20.56004
      24.52830      20.56282
      24.53850      20.56562
      24.54860      20.56841
      24.55880      20.57126
      24.56900      20.57413
      24.57910      20.57698
      24.58930      20.57989
      24.59950      20.58282
      24.60960      20.58574
      24.61980      20.58871
      24.62990      20.59168
      24.64010      20.59470
      24.65030      20.59774
      24.66040      20.60077
      24.67060      20.60386
      24.68080      20.60697
      24.69090      20.61008
      24.70110      20.61324
      24.71130      20.61642
      24.72140      20.61959
      24.73160      20.62283
      24.74180      20.62609
      24.75190      20.62934
      24.76210      20.63264
      24.77230      20.63598
      24.78240      20.63930
      24.79260      20.64269
      24.80270      20.64607
      24.81290      20.64951
      24.82310      20.65297
      24.83320      20.65643
      24.84340      20.65995
      24.85360      20.66350
      24.86370      20.66705
      24.87390      20.67065
      24.88410      20.67429
      24.89420      20.67792
      24.90440      20.68161
      24.91460      20.68533
      24.92470      20.68905
      24.93490      20.69283
      24.94500      20.69661
      24.95520      20.70045
      24.96540      20.70433
      24.97550      20.70820
      24.98570      20.71214
      24.99590      20.71612
      25.00600      20.72008
      25.01620      20.72412
      25.02640      20.72820
      25.03650      20.73226
      25.04670      20.73640
      25.05690      20.74058
      25.06700      20.74475
      25.07720      20.74899
      25.08740      20.75327
      25.09750      20.75755
      25.10770      20.76190
      25.11780      20.76625
      25.12800      20.77068
      25.13820      20.77515
      25.14830      20.77961
      25.15850      20.78415
      25.16870      20.78873
      25.17880      20.79331
      25.18900      20.79797
      25.19920      20.80267
      25.20930      20.80737
      25.21950      20.81215
      25.22970      20.81698
      25.23980      20.82180
      25.25000      20.82671
      25.26010      20.83162
      25.27030      20.83662
      25.28050      20.84166
      25.29060      20.84670
      25.30080      20.85184
      25.31100      20.85702
      25.32110      20.86219
      25.33130      20.86746
      25.34150      20.87279
      25.35160      20.87810
      25.36180      20.88352
      25.37200      20.88899
      25.38210      20.89445
      25.39230      20.90002
      25.40240      20.90558
      25.41260      20.91125
      25.42280      20.91698
      25.43290      20.92270
      25.44310      20.92853
      25.45330      20.93441
      25.46340      20.94030
      25.47360      20.94629
      25.48380      20.95234
      25.49390      20.95840
      25.50410      20.96456
      25.51430      20.97079
      25.52440      20.97701
      25.53460      20.98336
      25.54480      20.98977
      25.55490      20.99618
      25.56510      21.00271
      25.57520      21.00924
      25.58540      21.01590
      25.59560      21.02262
      25.60570      21.02935
      25.61590      21.03621
      25.62610      21.04314
      25.63620      21.05006
      25.64640      21.05713
      25.65660      21.06427
      25.66670      21.07141
      25.67690      21.07869
      25.68710      21.08604
      25.69720      21.09340
      25.70740      21.10091
      25.71750      21.10842
      25.72770      21.11608
      25.73790      21.12382
      25.74800      21.13157
      25.75820      21.13947
      25.76840      21.14746
      25.77850      21.15545
      25.78870      21.16361
      25.79890      21.17185
      25.80900      21.18011
      25.81920      21.18853
      25.82940      21.19704
      25.83950      21.20557
      25.84970      21.21427
      25.85990      21.22306
      25.87000      21.23187
      25.88020      21.24087
      25.89030      21.24988
      25.90050      21.25907
      25.91070      21.26838
      25.92080      21.27769
      25.93100      21.28721
      25.94120      21.29683
      25.95130      21.30648
      25.96150      21.31633
      25.97170      21.32630
      25.98180      21.33629
      25.99200      21.34650
      26.00220      21.35683
      26.01230      21.36719
      26.02250      21.37777
      26.03260      21.38839
      26.04280      21.39924
      26.05300      21.41022
      26.06310      21.42124
      26.07330      21.43250
      26.08350      21.44391
      26.09360      21.45536
      26.10380      21.46707
      26.11400      21.47893
      26.12410      21.49084
      26.13430      21.50302
      26.14450      21.51537
      26.15460      21.52776
      26.16480      21.54045
      26.17500      21.55332
      26.18510      21.56624
      26.19530      21.57947
      26.20540      21.59276
      26.21560      21.60637
      26.22580      21.62019
      26.23590      21.63407
      26.24610      21.64829
      26.25630      21.66273
      26.26640      21.67725
      26.27660      21.69214
      26.28680      21.70726
      26.29690      21.72247
      26.30710      21.73806
      26.31730      21.75392
      26.32740      21.76987
      26.33760      21.78624
      26.34770      21.80271
      26.35790      21.81963
      26.36810      21.83684
      26.37820      21.85417
      26.38840      21.87197
      26.39860      21.89008
      26.40870      21.90834
      26.41890      21.92710
      26.42910      21.94620
      26.43920      21.96545
      26.44940      21.98526
      26.45960      22.00544
      26.46970      22.02579
      26.47990      22.04673
      26.49010      22.06808
      26.50020      22.08962
      26.51040      22.11181
      26.52050      22.13420
      26.53070      22.15728
      26.54090      22.18081
      26.55100      22.20459
      26.56120      22.22909
      26.57140      22.25411
      26.58150      22.27939
      26.59170      22.30546
      26.60190      22.33209
      26.61200      22.35901
      26.62220      22.38680
      26.63240      22.41518
      26.64250      22.44391
      26.65270      22.47356
      26.66280      22.50356
      26.67300      22.53455
      26.68320      22.56623
      26.69330      22.59832
      26.70350      22.63146
      26.71370      22.66537
      26.72380      22.69972
      26.73400      22.73521
      26.74420      22.77155
      26.75430      22.80836
      26.76450      22.84642
      26.77470      22.88539
      26.78480      22.92489
      26.79500      22.96575
      26.80520      23.00759
      26.81530      23.05001
      26.82550      23.09389
      26.83560      23.13840
      26.84580      23.18444
      26.85600      23.23162
      26.86610      23.27947
      26.87630      23.32899
      26.88650      23.37972
      26.89660      23.43120
      26.90680      23.48447
      26.91700      23.53906
      26.92710      23.59445
      26.93730      23.65178
      26.94750      23.71054
      26.95760      23.77016
      26.96780      23.83187
      26.97790      23.89447
      26.98810      23.95927
      26.99830      24.02569
      27.00840      24.09307
      27.01860      24.16280
      27.02880      24.23425
      27.03890      24.30676
      27.04910      24.38178
      27.05930      24.45864
      27.06940      24.53662
      27.07960      24.61728
      27.08980      24.69992
      27.09990      24.78373
      27.11010      24.87043
      27.12020      24.95834
      27.13040      25.04926
      27.14060      25.14236
      27.15070      25.23673
      27.16090      25.33431
      27.17110      25.43421
      27.18120      25.53543
      27.19140      25.64006
      27.20160      25.74711
      27.21170      25.85559
      27.22190      25.96766
      27.23210      26.08227
      27.24220      26.19837
      27.25240      26.31822
      27.26260      26.44080
      27.27270      26.56487
      27.28290      26.69294
      27.29300      26.82253
      27.30320      26.95626
      27.31340      27.09289
      27.32350      27.23107
      27.33370      27.37359
      27.34390      27.51913
      27.35400      27.66624
      27.36420      27.81789
      27.37440      27.97264
      27.38450      28.12902
      27.39470      28.29008
      27.40490      28.45440
      27.41500      28.62032
      27.42520      28.79111
      27.43530      28.96353
      27.44550      29.14093
      27.45570      29.32172
      27.46580      29.50406
      27.47600      29.69161
      27.48620      29.88260
      27.49630      30.07508
      27.50650      30.27294
      27.51670      30.47428
      27.52680      30.67706
      27.53700      30.88536
      27.54720      31.09713
      27.55730      31.31035
      27.56750      31.52913
      27.57770      31.75147
      27.58780      31.97509
      27.59800      32.20445
      27.60810      32.43505
      27.61830      32.67136
      27.62850      32.91122
      27.63860      33.15215
      27.64880      33.39893
      27.65900      33.64917
      27.66910      33.90031
      27.67930      34.15736
      27.68950      34.41778
      27.69960      34.67892
      27.70980      34.94597
      27.72000      35.21624
      27.73010      35.48713
      27.74030      35.76379
      27.75040      36.04090
      27.76060      36.32376
      27.77080      36.60969
      27.78090      36.89571
      27.79110      37.18748
      27.80130      37.48208
      27.81140      37.77648
      27.82160      38.07649
      27.83180      38.37910
      27.84190      38.68118
      27.85210      38.98868
      27.86230      39.29850
      27.87240      39.60743
      27.88260      39.92154
      27.89280      40.23758
      27.90290      40.55245
      27.91310      40.87209
      27.92320      41.19027
      27.93340      41.51299
      27.94360      41.83709
      27.95370      42.15915
      27.96390      42.48546
      27.97410      42.81263
      27.98420      43.13724
      27.99440      43.46562
      28.00460      43.79433
      28.01470      44.11992
      28.02490      44.44873
      28.03510      44.77727
      28.04520      45.10210
      28.05540      45.42949
      28.06550      45.75274
      28.07570      46.07807
      28.08590      46.40196
      28.09600      46.72114
      28.10620      47.04151
      28.11640      47.35978
      28.12650      47.67250
      28.13670      47.98566
      28.14690      48.29583
      28.15700      48.59969
      28.16720      48.90303
      28.17740      49.20249
      28.18750      49.49485
      28.19770      49.78566
      28.20790      50.07160
      28.21800      50.34975
      28.22820      50.62519
      28.23830      50.89219
      28.24850      51.15577
      28.25870      51.41285
      28.26880      51.66079
      28.27900      51.90405
      28.28920      52.13991
      28.29930      52.36578
      28.30950      52.58585
      28.31970      52.79752
      28.32980      52.99850
      28.34000      53.19250
      28.35020      53.37717
      28.36030      53.55054
      28.37050      53.71580
      28.38060      53.86941
      28.39080      54.01419
      28.40100      54.14828
      28.41110      54.27038
      28.42130      54.38263
      28.43150      54.48357
      28.44160      54.57225
      28.45180      54.65022
      28.46200      54.71644
      28.47210      54.77029
      28.48230      54.81277
      28.49250      54.84319
      28.50260      54.86138
      28.51280      54.86766
      28.52300      54.86178
      28.53310      54.84400
      28.54330      54.81399
      28.55340      54.77240
      28.56360      54.71846
      28.57380      54.65265
      28.58390      54.57587
      28.59410      54.48677
      28.60430      54.38621
      28.61440      54.27548
      28.62460      54.15263
      28.63480      54.01888
      28.64490      53.87594
      28.65510      53.72119
      28.66530      53.55627
      28.67540      53.38322
      28.68560      53.19887
      28.69570      53.00714
      28.70590      52.80450
      28.71610      52.59312
      28.72620      52.37554
      28.73640      52.14771
      28.74660      51.91216
      28.75670      51.67150
      28.76690      51.42143
      28.77710      51.16453
      28.78720      50.90375
      28.79740      50.63436
      28.80760      50.35911
      28.81770      50.08119
      28.82790      49.79537
      28.83810      49.50471
      28.84820      49.21249
      28.85840      48.91317
      28.86850      48.61298
      28.87870      48.30621
      28.88890      47.99615
      28.89900      47.68620
      28.90920      47.37045
      28.91940      47.05232
      28.92950      46.73508
      28.93970      46.41290
      28.94990      46.08900
      28.96000      45.76693
      28.97020      45.44049
      28.98040      45.11313
      28.99050      44.78832
      29.00070      44.45979
      29.01080      44.13425
      29.02100      43.80540
      29.03120      43.47668
      29.04130      43.15154
      29.05150      42.82365
      29.06170      42.49646
      29.07180      42.17335
      29.08200      41.84803
      29.09220      41.52394
      29.10230      41.20425
      29.11250      40.88294
      29.12270      40.56319
      29.13280      40.24831
      29.14300      39.93214
      29.15310      39.62107
      29.16330      39.30896
      29.17350      38.99907
      29.18360      38.69453
      29.19380      38.38933
      29.20400      38.08664
      29.21410      37.78950
      29.22430      37.49205
      29.23450      37.19735
      29.24460      36.90836
      29.25480      36.61936
      29.26500      36.33338
      29.27510      36.05311
      29.28530      35.77321
      29.29550      35.49639
      29.30560      35.22545
      29.31580      34.95502
      29.32590      34.69049
      29.33610      34.42660
      29.34630      34.16607
      29.35640      33.91144
      29.36660      33.65765
      29.37680      33.40730
      29.38690      33.16282
      29.39710      32.91936
      29.40730      32.67938
      29.41740      32.44523
      29.42760      32.21223
      29.43780      31.98280
      29.44790      31.75902
      29.45810      31.53659
      29.46820      31.31977
      29.47840      31.10436
      29.48860      30.89243
      29.49870      30.68606
      29.50890      30.48111
      29.51910      30.27966
      29.52920      30.08363
      29.53940      29.88908
      29.54960      29.69798
      29.55970      29.51216
      29.56990      29.32787
      29.58010      29.14699
      29.59020      28.97116
      29.60040      28.79692
      29.61060      28.62602
      29.62070      28.45999
      29.63090      28.29559
      29.64100      28.13594
      29.65120      27.97793
      29.66140      27.82305
      29.67150      27.67278
      29.68170      27.52409
      29.69190      27.37844
      29.70200      27.23722
      29.71220      27.09754
      29.72240      26.96081
      29.73250      26.82830
      29.74270      26.69730
      29.75290      26.56916
      29.76300      26.44498
      29.77320      26.32233
      29.78330      26.20351
      29.79350      26.08617
      29.80370      25.97147
      29.81380      25.86040
      29.82400      25.75078
      29.83420      25.64362
      29.84430      25.53994
      29.85450      25.43761
      29.86470      25.33764
      29.87480      25.24094
      29.88500      25.14553
      29.89520      25.05235
      29.90530      24.96225
      29.91550      24.87339
      29.92570      24.78663
      29.93580      24.70274
      29.94600      24.62004
      29.95610      24.54008
      29.96630      24.46127
      29.97650      24.38434
      29.98660      24.30997
      29.99680      24.23670
      30.00700      24.16518
      30.01710      24.09607
      30.02730      24.02795
      30.03750      23.96148
      30.04760      23.89726
      30.05780      23.83397
      30.06800      23.77221
      30.07810      23.71255
      30.08830      23.65374
      30.09840      23.59692
      30.10860      23.54092
      30.11880      23.48629
      30.12890      23.43349
      30.13910      23.38146
      30.14930      23.33068
      30.15940      23.28160
      30.16960      23.23323
      30.17980      23.18601
      30.18990      23.14038
      30.20010      23.09539
      30.21030      23.05147
      30.22040      23.00901
      30.23060      22.96714
      30.24080      22.92625
      30.25090      22.88672
      30.26110      22.84772
      30.27120      22.81000
      30.28140      22.77278
      30.29160      22.73643
      30.30170      22.70124
      30.31190      22.66653
      30.32210      22.63259
      30.33220      22.59975
      30.34240      22.56731
      30.35260      22.53560
      30.36270      22.50490
      30.37290      22.47457
      30.38310      22.44489
      30.39320      22.41615
      30.40340      22.38774
      30.41350      22.36021
      30.42370      22.33299
      30.43390      22.30635
      30.44400      22.28051
      30.45420      22.25496
      30.46440      22.22993
      30.47450      22.20564
      30.48470      22.18161
      30.49490      22.15806
      30.50500      22.13520
      30.51520      22.11256
      30.52540      22.09036
      30.53550      22.06881
      30.54570      22.04744
      30.55590      22.02649
      30.56600      22.00612
      30.57620      21.98594
      30.58630      21.96631
      30.59650      21.94685
      30.60670      21.92773
      30.61680      21.90915
      30.62700      21.89070
      30.63720      21.87258
      30.64730      21.85493
      30.65750      21.83743
      30.66770      21.82021
      30.67780      21.80344
      30.68800      21.78679
      30.69820      21.77041
      30.70830      21.75445
      30.71850      21.73859
      30.72860      21.72314
      30.73880      21.70777
      30.74900      21.69265
      30.75910      21.67790
      30.76930      21.66323
      30.77950      21.64878
      30.78960      21.63468
      30.79980      21.62065
      30.81000      21.60683
      30.82010      21.59334
      30.83030      21.57992
      30.84050      21.56668
      30.85060      21.55375
      30.86080      21.54088
      30.87100      21.52818
      30.88110      21.51579
      30.89130      21.50343
      30.90140      21.49136
      30.91160      21.47933
      30.92180      21.46746
      30.93190      21.45586
      30.94210      21.44430
      30.95230      21.43289
      30.96240      21.42172
      30.97260      21.41059
      30.98280      21.39960
      30.99290      21.38885
      31.00310      21.37813
      31.01330      21.36754
      31.02340      21.35719
      31.03360      21.34685
      31.04370      21.33673
      31.05390      21.32664
      31.06410      21.31667
      31.07420      21.30691
      31.08440      21.29716
      31.09460      21.28753
      31.10470      21.27810
      31.11490      21.26869
      31.12510      21.25938
      31.13520      21.25027
      31.14540      21.24117
      31.15560      21.23218
      31.16570      21.22336
      31.17590      21.21456
      31.18600      21.20594
      31.19620      21.19733
      31.20640      21.18881
      31.21650      21.18047
      31.22670      21.17213
      31.23690      21.16388
      31.24700      21.15580
      31.25720      21.14773
      31.26740      21.13974
      31.27750      21.13191
      31.28770      21.12408
      31.29790      21.11634
      31.30800      21.10875
      31.31820      21.10116
      31.32840      21.09365
      31.33850      21.08629
      31.34870      21.07893
      31.35880      21.07172
      31.36900      21.06451
      31.37920      21.05737
      31.38930      21.05037
      31.39950      21.04337
      31.40970      21.03644
      31.41980      21.02965
      31.43000      21.02285
      31.44020      21.01612
      31.45030      21.00953
      31.46050      21.00293
      31.47070      20.99640
      31.48080      20.98999
      31.49100      20.98358
      31.50110      20.97729
      31.51130      20.97100
      31.52150      20.96477
      31.53160      20.95866
      31.54180      20.95255
      31.55200      20.94650
      31.56210      20.94056
      31.57230      20.93461
      31.58250      20.92873
      31.59260      20.92295
      31.60280      20.91717
      31.61300      20.91145
      31.62310      20.90583
      31.63330      20.90021
      31.64350      20.89464
      31.65360      20.88917
      31.66380      20.88370
      31.67390      20.87834
      31.68410      20.87297
      31.69430      20.86764
      31.70440      20.86242
      31.71460      20.85719
      31.72480      20.85201
      31.73490      20.84693
      31.74510      20.84184
      31.75530      20.83679
      31.76540      20.83184
      31.77560      20.82688
      31.78580      20.82197
      31.79590      20.81714
      31.80610      20.81232
      31.81620      20.80758
      31.82640      20.80283
      31.83660      20.79813
      31.84670      20.79351
      31.85690      20.78889
      31.86710      20.78430
      31.87720      20.77980
      31.88740      20.77530
      31.89760      20.77083
      31.90770      20.76644
      31.91790      20.76205
      31.92810      20.75769
      31.93820      20.75342
      31.94840      20.74914
      31.95860      20.74489
      31.96870      20.74072
      31.97890      20.73654
      31.98900      20.73244
      31.99920      20.72833
      32.00940      20.72426
      32.01950      20.72026
      32.02970      20.71625
      32.03990      20.71228
      32.05000      20.70837
      32.06020      20.70446
      32.07040      20.70058
      32.08050      20.69678
      32.09070      20.69296
      32.10090      20.68918
      32.11100      20.68546
      32.12120      20.68173
      32.13130      20.67807
      32.14150      20.67441
      32.15170      20.67077
      32.16180      20.66720
      32.17200      20.66362
      32.18220      20.66007
      32.19230      20.65659
      32.20250      20.65309
      32.21270      20.64962
      32.22280      20.64622
      32.23300      20.64280
      32.24320      20.63942
      32.25330      20.63609
      32.26350      20.63276
      32.27370      20.62945
      32.28380      20.62620
      32.29400      20.62294
      32.30410      20.61974
      32.31430      20.61653
      32.32450      20.61334
      32.33460      20.61022
      32.34480      20.60708
      32.35500      20.60397
      32.36510      20.60091
      32.37530      20.59784
      32.38550      20.59480
      32.39560      20.59181
      32.40580      20.58882
      32.41600      20.58584
      32.42610      20.58292
      32.43630      20.57999
      32.44640      20.57711
      32.45660      20.57422
      32.46680      20.57136
      32.47690      20.56854
      32.48710      20.56572
      32.49730      20.56291
      32.50740      20.56016
      32.51760      20.55739
      32.52780      20.55465
      32.53790      20.55196
      32.54810      20.54926
      32.55830      20.54657
      32.56840      20.54393
      32.57860      20.54129
      32.58880      20.53867
      32.59890      20.53608
      32.60910      20.53349
      32.61920      20.53095
      32.62940      20.52840
      32.63960      20.52587
      32.64970      20.52338
      32.65990      20.52088
      32.67010      20.51840
      32.68020      20.51596
      32.69040      20.51352
      32.70060      20.51109
      32.71070      20.50870
      32.72090      20.50630
      32.73110      20.50393
      32.74120      20.50159
      32.75140      20.49924
      32.76150      20.49694
      32.77170      20.49463
      32.78190      20.49233
      32.79200      20.49007
      32.80220      20.48780
      32.81240      20.48556
      32.82250      20.48334
      32.83270      20.48112
      32.84290      20.47892
      32.85300      20.47675
      32.86320      20.47458
      32.87340      20.47242
      32.88350      20.47029
      32.89370      20.46816
      32.90390      20.46604
      32.91400      20.46396
      32.92420      20.46187
      32.93430      20.45982
      32.94450      20.45776
      32.95470      20.45571
      32.96480      20.45370
      32.97500      20.45168
      32.98520      20.44967
      32.99530      20.44770
      33.00550      20.44571
      33.01570      20.44375
      33.02580      20.44181
      33.03600      20.43987
      33.04620      20.43794
      33.05630      20.43604
      33.06650      20.43414
      33.07660      20.43226
      33.08680      20.43038
      33.09700      20.42852
      33.10710      20.42668
      33.11730      20.42484
      33.12750      20.42300
      33.13760      20.42120
      33.14780      20.41939
      33.15800      20.41759
      33.16810      20.41582
      33.17830      20.41405
      33.18850      20.41229
      33.19860      20.41055
      33.20880      20.40881
      33.21890      20.40710
      33.22910      20.40538
      33.23930      20.40367
      33.24940      20.40199
      33.25960      20.40030
      33.26980      20.39862
      33.27990      20.39697
      33.29010      20.39531
      33.30030      20.39367
      33.31040      20.39205
      33.32060      20.39042
      33.33080      20.38881
      33.34090      20.38721
      33.35110      20.38562
      33.36130      20.38403
      33.37140      20.38247
      33.38160      20.38090
      33.39170      20.37936
      33.40190      20.37781
      33.41210      20.37627
      33.42220      20.37476
      33.43240      20.37324
      33.44260      20.37173
      33.45270      20.37024
      33.46290      20.36875
      33.47310      20.36726
      33.48320      20.36580
      33.49340      20.36433
      33.50360      20.36288
      33.51370      20.36144
      33.52390      20.36000
      33.53400      20.35858
      33.54420      20.35716
      33.55440      20.35574
      33.56450      20.35435
      33.57470      20.35295
      33.58490      20.35156
      33.59500      20.35019
      33.60520      20.34882
      33.61540      20.34745
      33.62550      20.34611
      33.63570      20.34476
      33.64590      20.34341
      33.65600      20.34209
      33.66620      20.34076
      33.67640      20.33944
      33.68650      20.33814
      33.69670      20.33684
      33.70680      20.33555
      33.71700      20.33426
      33.72720      20.33298
      33.73730      20.33172
      33.74750      20.33045
      33.75770      20.32919
      33.76780      20.32795
      33.77800      20.32670
      33.78820      20.32546
      33.79830      20.32424
      33.80850      20.32302
      33.81870      20.32180
      33.82880      20.32060
      33.83900      20.31939
      33.84910      20.31821
      33.85930      20.31701
      33.86950      20.31583
      33.87960      20.31466
      33.88980      20.31349
      33.90000      20.31232
      33.91010      20.31118
      33.92030      20.31002
      33.93050      20.30888
      33.94060      20.30775
      33.95080      20.30661
      33.96100      20.30549
      33.97110      20.30438
      33.98130      20.30326
      33.99150      20.30215
      34.00160      20.30106
      34.01180      20.29996
      34.02190      20.29888
      34.03210      20.29779
      34.04230      20.29671
      34.05240      20.29565
      34.06260      20.29458
      34.07280      20.29352
      34.08290      20.29247
      34.09310      20.29142
      34.10330      20.29038
      34.11340      20.28935
      34.12360      20.28831
      34.13380      20.28728
      34.14390      20.28627
      34.15410      20.28525
      34.16420      20.28425
      34.17440      20.28324
      34.18460      20.28224
      34.19470      20.28126
      34.20490      20.28026
      34.21510      20.27928
      34.22520      20.27831
      34.23540      20.27733
      34.24560      20.27636
      34.25570      20.27540
      34.26590      20.27444
      34.27610      20.27349
      34.28620      20.27254
      34.29640      20.27160
      34.30660      20.27066
      34.31670      20.26973
      34.32690      20.26880
      34.33700      20.26788
      34.34720      20.26696
      34.35740      20.26604
      34.36750      20.26514
      34.37770      20.26423
      34.38790      20.26332
      34.39800      20.26244
      34.40820      20.26154
      34.41840      20.26065
      34.42850      20.25978
      34.43870      20.25889
      34.44890      20.25802
      34.45900      20.25715
      34.46920      20.25629
      34.47930      20.25543
      34.48950      20.25457
      34.49970      20.25372
      34.50980      20.25288
      34.52000      20.25203
      34.53020      20.25119
      34.54030      20.25036
      34.55050      20.24953
      34.56070      20.24870
      34.57080      20.24788
      34.58100      20.24706
      34.59120      20.24624
      34.60130      20.24543
      34.61150      20.24463
      34.62170      20.24382
      34.63180      20.24303
      34.64200      20.24223
      34.65210      20.24144
      34.66230      20.24065
      34.67250      20.23987
      34.68260      20.23909
      34.69280      20.23832
      34.70300      20.23754
      34.71310      20.23678
      34.72330      20.23601
      34.73350      20.23525
      34.74360      20.23450
      34.75380      20.23374
      34.76400      20.23299
      34.77410      20.23224
      34.78430      20.23150
      34.79440      20.23077
      34.80460      20.23003
      34.81480      20.22929
      34.82490      20.22857
      34.83510      20.22784
      34.84530      20.22712
      34.85540      20.22640
      34.86560      20.22569
      34.87580      20.22497
      34.88590      20.22427
      34.89610      20.22356
      34.90630      20.22286
      34.91640      20.22216
      34.92660      20.22147
      34.93670      20.22078
      34.94690      20.22009
      34.95710      20.21940
      34.96720      20.21872
      34.97740      20.21804
      34.98760      20.21736
      34.99770      20.21669
      35.00790      20.21602
      35.01810      20.21535
      35.02820      20.21469
      35.03840      20.21403
      35.04860      20.21337
      35.05870      20.21272
      35.06890      20.21207
      35.07910      20.21142
      35.08920      20.21078
      35.09940      20.21013
      35.10950      20.20950
      35.11970      20.20886
      35.12990      20.20822
      35.14000      20.20759
      35.15020      20.20696
      35.16040      20.20634
      35.17050      20.20572
      35.18070      20.20510
      35.19090      20.20448
      35.20100      20.20387
      35.21120      20.20325
      35.22140      20.20264
      35.23150      20.20204
      35.24170      20.20144
      35.25180      20.20084
      35.26200      20.20024
      35.27220      20.19964
      35.28230      20.19905
      35.29250      20.19846
      35.30270      20.19787
      35.31280      20.19729
      35.32300      20.19670
      35.33320      20.19612
      35.34330      20.19555
      35.35350      20.19497
      35.36370      20.19440
      35.37380      20.19383
      35.38400      20.19327
      35.39420      20.19270
      35.40430      20.19214
      35.41450      20.19158
      35.42460      20.19102
      35.43480      20.19047
      35.44500      20.18991
      35.45510      20.18937
      35.46530      20.18882
      35.47550      20.18827
      35.48560      20.18773
      35.49580      20.18719
      35.50600      20.18665
      35.51610      20.18612
      35.52630      20.18558
      35.53650      20.18505
      35.54660      20.18452
      35.55680      20.18399
      35.56690      20.18347
      35.57710      20.18295
      35.58730      20.18243
      35.59740      20.18191
      35.60760      20.18139
      35.61780      20.18088
      35.62790      20.18037
      35.63810      20.17986
      35.64830      20.17935
      35.65840      20.17885
      35.66860      20.17835
      35.67880      20.17784
      35.68890      20.17735
      35.69910      20.17685
      35.70930      20.17635
      35.71940      20.17587
      35.72960      20.17537
      35.73970      20.17489
      35.74990      20.17440
      35.76010      20.17391
      35.77020      20.17344
      35.78040      20.17295
      35.79060      20.17247
      35.80070      20.17200
      35.81090      20.17152
      35.82110      20.17105
      35.83120      20.17058
      35.84140      20.17011
      35.85160      20.16964
      35.86170      20.16918
      35.87190      20.16872
      35.88200      20.16826
      35.89220      20.16780
      35.90240      20.16734
      35.91250      20.16689
      35.92270      20.16643
      35.93290      20.16598
      35.94300      20.16553
      35.95320      20.16508
      35.96340      20.16464
      35.97350      20.16420
      35.98370      20.16375
      35.99390      20.16331
