! TITLE: Yobs                                                                                                                                                                                                                                                            
! Peak:  6
       6.00860      24.00000
       6.01870      24.00000
       6.02890      24.00000
       6.03910      24.00000
       6.04920      24.00000
       6.05940      24.00000
       6.06960      24.00000
       6.07970      24.00000
       6.08990      24.00000
       6.10010      24.00000
       6.11020      24.00000
       6.12040      24.00000
       6.13060      24.00000
       6.14070      24.00000
       6.15090      24.00000
       6.16110      24.00000
       6.17120      24.00000
       6.18140      24.00000
       6.19150      24.00000
       6.20170      24.00000
       6.21190      24.00000
       6.22200      24.00000
       6.23220      24.00000
       6.24240      24.00000
       6.25250      24.00000
       6.26270      24.00000
       6.27290      24.00000
       6.28300      24.00000
       6.29320      24.00000
       6.30340      24.00000
       6.31350      24.00000
       6.32370      24.00000
       6.33380      24.00000
       6.34400      24.00000
       6.35420      24.00000
       6.36430      24.00000
       6.37450      24.00000
       6.38470      24.00000
       6.39480      24.00000
       6.40500      24.00000
       6.41520      24.00000
       6.42530      24.00000
       6.43550      24.00000
       6.44570      24.00000
       6.45580      24.00000
       6.46600      24.00000
       6.47620      24.00000
       6.48630      24.00000
       6.49650      24.00000
       6.50660      24.00000
       6.51680      24.00000
       6.52700      24.00000
       6.53710      24.00000
       6.54730      24.00000
       6.55750      24.00000
       6.56760      24.00000
       6.57780      24.00000
       6.58800      24.00000
       6.59810      24.00000
       6.60830      24.00000
       6.61850      24.00000
       6.62860      24.00000
       6.63880      24.00000
       6.64890      24.00000
       6.65910      24.00000
       6.66930      24.00000
       6.67940      24.00000
       6.68960      24.00000
       6.69980      24.00000
       6.70990      24.00000
       6.72010      24.00000
       6.73030      24.00000
       6.74040      24.00000
       6.75060      24.00000
       6.76080      24.00000
       6.77090      24.00000
       6.78110      24.00000
       6.79130      24.00000
       6.80140      24.00000
       6.81160      24.00000
       6.82170      24.00000
       6.83190      24.00000
       6.84210      24.00000
       6.85220      24.00000
       6.86240      24.00000
       6.87260      24.00000
       6.88270      24.00000
       6.89290      24.00000
       6.90310      24.00000
       6.91320      24.00000
       6.92340      24.00000
       6.93360      24.00000
       6.94370      24.00000
       6.95390      24.00000
       6.96400      24.00000
       6.97420      24.00000
       6.98440      24.00000
       6.99450      24.00000
       7.00470      24.00000
       7.01490      24.00000
       7.02500      24.00000
       7.03520      24.00000
       7.04540      24.00000
       7.05550      24.00000
       7.06570      24.00000
       7.07590      24.00000
       7.08600      24.00000
       7.09620      24.00000
       7.10640      24.00000
       7.11650      24.00000
       7.12670      24.00000
       7.13680      24.00000
       7.14700      24.00000
       7.15720      24.00000
       7.16730      24.00000
       7.17750      24.00000
       7.18770      24.00000
       7.19780      24.00000
       7.20800      24.00000
       7.21820      24.00000
       7.22830      24.00000
       7.23850      24.00000
       7.24870      24.00000
       7.25880      24.00000
       7.26900      24.00000
       7.27910      24.00000
       7.28930      24.00000
       7.29950      24.00000
       7.30960      24.00000
       7.31980      24.00000
       7.33000      24.00000
       7.34010      24.00000
       7.35030      24.00000
       7.36050      24.00000
       7.37060      24.00000
       7.38080      24.00000
       7.39100      24.00000
       7.40110      24.00000
       7.41130      24.00000
       7.42150      24.00000
       7.43160      24.00000
       7.44180      24.00000
       7.45190      24.00000
       7.46210      24.00000
       7.47230      24.00000
       7.48240      24.00000
       7.49260      24.00000
       7.50280      24.00000
       7.51290      24.00000
       7.52310      24.00000
       7.53330      24.00000
       7.54340      24.00000
       7.55360      24.00000
       7.56380      24.00000
       7.57390      24.00000
       7.58410      24.00000
       7.59420      24.00000
       7.60440      24.00000
       7.61460      24.00000
       7.62470      24.00000
       7.63490      24.00000
       7.64510      24.00000
       7.65520      24.00000
       7.66540      24.00000
       7.67560      24.00000
       7.68570      24.00000
       7.69590      24.00000
       7.70610      24.00000
       7.71620      24.00000
       7.72640      24.00000
       7.73650      24.00000
       7.74670      24.00000
       7.75690      24.00000
       7.76700      24.00000
       7.77720      24.00000
       7.78740      24.00000
       7.79750      24.00000
       7.80770      24.00000
       7.81790      24.00000
       7.82800      24.00000
       7.83820      24.00000
       7.84840      24.00000
       7.85850      24.00000
       7.86870      24.00000
       7.87890      24.00000
       7.88900      24.00000
       7.89920      24.00000
       7.90930      24.00000
       7.91950      24.00000
       7.92970      24.00000
       7.93980      24.00000
       7.95000      24.00000
       7.96020      24.00000
       7.97030      24.00000
       7.98050      24.00000
       7.99070      24.00000
       8.00080      24.00000
       8.01100      24.00000
       8.02120      24.00000
       8.03130      24.00000
       8.04150      24.00000
       8.05160      24.00000
       8.06180      24.00000
       8.07200      24.00000
       8.08210      24.00000
       8.09230      24.00000
       8.10250      24.00000
       8.11260      24.00000
       8.12280      24.00000
       8.13300      24.00000
       8.14310      24.00000
       8.15330      24.00000
       8.16350      24.00000
       8.17360      24.00000
       8.18380      24.00000
       8.19400      24.00000
       8.20410      24.00000
       8.21430      24.00000
       8.22440      24.00000
       8.23460      24.00000
       8.24480      24.00000
       8.25490      24.00000
       8.26510      24.00000
       8.27530      24.00000
       8.28540      24.00000
       8.29560      24.00000
       8.30580      24.00000
       8.31590      24.00000
       8.32610      24.00000
       8.33630      24.00000
       8.34640      24.00000
       8.35660      24.00000
       8.36670      24.00000
       8.37690      24.00000
       8.38710      24.00000
       8.39720      24.00000
       8.40740      24.00000
       8.41760      24.00000
       8.42770      24.00000
       8.43790      24.00000
       8.44810      24.00000
       8.45820      24.00000
       8.46840      24.00000
       8.47860      24.00000
       8.48870      24.00000
       8.49890      24.00000
       8.50910      24.00000
       8.51920      24.00000
       8.52940      24.00000
       8.53950      24.00000
       8.54970      24.00000
       8.55990      24.00000
       8.57000      24.00000
       8.58020      24.00000
       8.59040      24.00000
       8.60050      24.00000
       8.61070      24.00000
       8.62090      24.00000
       8.63100      24.00000
       8.64120      24.00000
       8.65140      24.00000
       8.66150      24.00000
       8.67170      24.00000
       8.68180      24.00000
       8.69200      24.00000
       8.70220      24.00000
       8.71230      24.00000
       8.72250      24.00000
       8.73270      24.00000
       8.74280      24.00000
       8.75300      24.00000
       8.76320      24.00000
       8.77330      24.00000
       8.78350      24.00000
       8.79370      24.00000
       8.80380      24.00000
       8.81400      24.00000
       8.82420      24.00000
       8.83430      24.00000
       8.84450      24.00000
       8.85460      24.00000
       8.86480      24.00000
       8.87500      24.00000
       8.88510      24.00000
       8.89530      24.00000
       8.90550      24.00000
       8.91560      24.00000
       8.92580      24.00000
       8.93600      24.00000
       8.94610      24.00000
       8.95630      24.00000
       8.96650      24.00000
       8.97660      24.00000
       8.98680      24.00000
       8.99690      24.00000
       9.00710      24.00000
       9.01730      24.00000
       9.02740      24.00000
       9.03760      24.00000
       9.04780      24.00000
       9.05790      24.00000
       9.06810      24.00000
       9.07830      24.00000
       9.08840      24.00000
       9.09860      24.00000
       9.10880      24.00000
       9.11890      24.00000
       9.12910      24.00000
       9.13930      24.00000
       9.14940      24.00000
       9.15960      24.00000
       9.16970      24.00000
       9.17990      24.00000
       9.19010      24.00000
       9.20020      24.00000
       9.21040      24.00000
       9.22060      24.00000
       9.23070      24.00000
       9.24090      24.00000
       9.25110      24.00000
       9.26120      24.00000
       9.27140      24.00000
       9.28160      24.00000
       9.29170      24.00000
       9.30190      24.00000
       9.31200      24.00000
       9.32220      24.00000
       9.33240      24.00000
       9.34250      24.00000
       9.35270      24.00000
       9.36290      24.00000
       9.37300      24.00000
       9.38320      24.00000
       9.39340      24.00127
       9.40350      24.00127
       9.41370      24.00127
       9.42390      24.00127
       9.43400      24.00127
       9.44420      24.00127
       9.45440      24.00127
       9.46450      24.00127
       9.47470      24.00127
       9.48480      24.00128
       9.49500      24.00128
       9.50520      24.00128
       9.51530      24.00128
       9.52550      24.00128
       9.53570      24.00128
       9.54580      24.00128
       9.55600      24.00128
       9.56620      24.00129
       9.57630      24.00129
       9.58650      24.00129
       9.59670      24.00129
       9.60680      24.00129
       9.61700      24.00129
       9.62710      24.00129
       9.63730      24.00129
       9.64750      24.00129
       9.65760      24.00130
       9.66780      24.00130
       9.67800      24.00130
       9.68810      24.00130
       9.69830      24.00130
       9.70850      24.00130
       9.71860      24.00130
       9.72880      24.00130
       9.73900      24.00130
       9.74910      24.00130
       9.75930      24.00131
       9.76940      24.00131
       9.77960      24.00131
       9.78980      24.00131
       9.79990      24.00131
       9.81010      24.00131
       9.82030      24.00131
       9.83040      24.00131
       9.84060      24.00132
       9.85080      24.00132
       9.86090      24.00132
       9.87110      24.00132
       9.88130      24.00132
       9.89140      24.00132
       9.90160      24.00132
       9.91180      24.00132
       9.92190      24.00133
       9.93210      24.00133
       9.94220      24.00133
       9.95240      24.00133
       9.96260      24.00133
       9.97270      24.00133
       9.98290      24.00133
       9.99310      24.00133
      10.00320      24.00134
      10.01340      24.00134
      10.02360      24.00134
      10.03370      24.00134
      10.04390      24.00134
      10.05410      24.00134
      10.06420      24.00134
      10.07440      24.00134
      10.08450      24.00134
      10.09470      24.00134
      10.10490      24.00135
      10.11500      24.00135
      10.12520      24.00135
      10.13540      24.00135
      10.14550      24.00135
      10.15570      24.00135
      10.16590      24.00135
      10.17600      24.00135
      10.18620      24.00136
      10.19640      24.00136
      10.20650      24.00136
      10.21670      24.00136
      10.22690      24.00136
      10.23700      24.00136
      10.24720      24.00136
      10.25730      24.00136
      10.26750      24.00137
      10.27770      24.00137
      10.28780      24.00137
      10.29800      24.00137
      10.30820      24.00137
      10.31830      24.00137
      10.32850      24.00137
      10.33870      24.00137
      10.34880      24.00138
      10.35900      24.00138
      10.36920      24.00138
      10.37930      24.00138
      10.38950      24.00138
      10.39960      24.00138
      10.40980      24.00138
      10.42000      24.00138
      10.43010      24.00138
      10.44030      24.00139
      10.45050      24.00139
      10.46060      24.00139
      10.47080      24.00139
      10.48100      24.00139
      10.49110      24.00139
      10.50130      24.00139
      10.51150      24.00139
      10.52160      24.00140
      10.53180      24.00140
      10.54200      24.00140
      10.55210      24.00140
      10.56230      24.00140
      10.57240      24.00140
      10.58260      24.00140
      10.59280      24.00141
      10.60290      24.00141
      10.61310      24.00141
      10.62330      24.00141
      10.63340      24.00141
      10.64360      24.00141
      10.65380      24.00141
      10.66390      24.00141
      10.67410      24.00142
      10.68430      24.00142
      10.69440      24.00142
      10.70460      24.00142
      10.71470      24.00142
      10.72490      24.00142
      10.73510      24.00142
      10.74520      24.00142
      10.75540      24.00143
      10.76560      24.00143
      10.77570      24.00143
      10.78590      24.00143
      10.79610      24.00143
      10.80620      24.00143
      10.81640      24.00143
      10.82660      24.00143
      10.83670      24.00144
      10.84690      24.00144
      10.85710      24.00144
      10.86720      24.00144
      10.87740      24.00144
      10.88750      24.00144
      10.89770      24.00144
      10.90790      24.00145
      10.91800      24.00145
      10.92820      24.00145
      10.93840      24.00145
      10.94850      24.00145
      10.95870      24.00145
      10.96890      24.00145
      10.97900      24.00146
      10.98920      24.00146
      10.99940      24.00146
      11.00950      24.00146
      11.01970      24.00146
      11.02980      24.00146
      11.04000      24.00146
      11.05020      24.00146
      11.06030      24.00146
      11.07050      24.00147
      11.08070      24.00147
      11.09080      24.00147
      11.10100      24.00147
      11.11120      24.00147
      11.12130      24.00147
      11.13150      24.00147
      11.14170      24.00148
      11.15180      24.00148
      11.16200      24.00148
      11.17220      24.00148
      11.18230      24.00148
      11.19250      24.00148
      11.20260      24.00149
      11.21280      24.00149
      11.22300      24.00149
      11.23310      24.00149
      11.24330      24.00149
      11.25350      24.00149
      11.26360      24.00149
      11.27380      24.00150
      11.28400      24.00150
      11.29410      24.00150
      11.30430      24.00150
      11.31450      24.00150
      11.32460      24.00150
      11.33480      24.00150
      11.34490      24.00150
      11.35510      24.00151
      11.36530      24.00151
      11.37540      24.00151
      11.38560      24.00151
      11.39580      24.00151
      11.40590      24.00151
      11.41610      24.00151
      11.42630      24.00152
      11.43640      24.00152
      11.44660      24.00152
      11.45680      24.00152
      11.46690      24.00152
      11.47710      24.00152
      11.48730      24.00152
      11.49740      24.00153
      11.50760      24.00153
      11.51770      24.00153
      11.52790      24.00153
      11.53810      24.00153
      11.54820      24.00153
      11.55840      24.00154
      11.56860      24.00154
      11.57870      24.00154
      11.58890      24.00154
      11.59910      24.00154
      11.60920      24.00154
      11.61940      24.00154
      11.62960      24.00154
      11.63970      24.00155
      11.64990      24.00155
      11.66000      24.00155
      11.67020      24.00155
      11.68040      24.00155
      11.69050      24.00155
      11.70070      24.00155
      11.71090      24.00156
      11.72100      24.00156
      11.73120      24.00156
      11.74140      24.00156
      11.75150      24.00156
      11.76170      24.00156
      11.77190      24.00157
      11.78200      24.00157
      11.79220      24.00157
      11.80230      24.00157
      11.81250      24.00157
      11.82270      24.00157
      11.83280      24.00158
      11.84300      24.00158
      11.85320      24.00158
      11.86330      24.00158
      11.87350      24.00158
      11.88370      24.00158
      11.89380      24.00158
      11.90400      24.00159
      11.91420      24.00159
      11.92430      24.00159
      11.93450      24.00159
      11.94470      24.00159
      11.95480      24.00159
      11.96500      24.00159
      11.97510      24.00160
      11.98530      24.00160
      11.99550      24.00160
      12.00560      24.00160
      12.01580      24.00160
      12.02600      24.00160
      12.03610      24.00161
      12.04630      24.00161
      12.05650      24.00161
      12.06660      24.00161
      12.07680      24.00161
      12.08700      24.00161
      12.09710      24.00162
      12.10730      24.00162
      12.11740      24.00162
      12.12760      24.00162
      12.13780      24.00162
      12.14790      24.00162
      12.15810      24.00162
      12.16830      24.00163
      12.17840      24.00163
      12.18860      24.00163
      12.19880      24.00163
      12.20890      24.00163
      12.21910      24.00163
      12.22930      24.00163
      12.23940      24.00164
      12.24960      24.00164
      12.25980      24.00164
      12.26990      24.00164
      12.28010      24.00164
      12.29020      24.00164
      12.30040      24.00165
      12.31060      24.00165
      12.32070      24.00165
      12.33090      24.00165
      12.34110      24.00165
      12.35120      24.00165
      12.36140      24.00166
      12.37160      24.00166
      12.38170      24.00166
      12.39190      24.00166
      12.40210      24.00166
      12.41220      24.00167
      12.42240      24.00167
      12.43250      24.00167
      12.44270      24.00167
      12.45290      24.00167
      12.46300      24.00167
      12.47320      24.00167
      12.48340      24.00168
      12.49350      24.00168
      12.50370      24.00168
      12.51390      24.00168
      12.52400      24.00168
      12.53420      24.00168
      12.54440      24.00169
      12.55450      24.00169
      12.56470      24.00169
      12.57490      24.00169
      12.58500      24.00169
      12.59520      24.00169
      12.60530      24.00170
      12.61550      24.00170
      12.62570      24.00170
      12.63580      24.00170
      12.64600      24.00170
      12.65620      24.00171
      12.66630      24.00171
      12.67650      24.00171
      12.68670      24.00171
      12.69680      24.00171
      12.70700      24.00171
      12.71720      24.00171
      12.72730      24.00172
      12.73750      24.00172
      12.74760      24.00172
      12.75780      24.00172
      12.76800      24.00172
      12.77810      24.00172
      12.78830      24.00173
      12.79850      24.00173
      12.80860      24.00173
      12.81880      24.00173
      12.82900      24.00173
      12.83910      24.00174
      12.84930      24.00174
      12.85950      24.00174
      12.86960      24.00174
      12.87980      24.00174
      12.89000      24.00174
      12.90010      24.00175
      12.91030      24.00175
      12.92040      24.00175
      12.93060      24.00175
      12.94080      24.00175
      12.95090      24.00175
      12.96110      24.00176
      12.97130      24.00176
      12.98140      24.00176
      12.99160      24.00176
      13.00180      24.00176
      13.01190      24.00177
      13.02210      24.00177
      13.03230      24.00177
      13.04240      24.00177
      13.05260      24.00177
      13.06270      24.00177
      13.07290      24.00178
      13.08310      24.00178
      13.09320      24.00178
      13.10340      24.00178
      13.11360      24.00178
      13.12370      24.00179
      13.13390      24.00179
      13.14410      24.00179
      13.15420      24.00179
      13.16440      24.00179
      13.17460      24.00179
      13.18470      24.00180
      13.19490      24.00180
      13.20510      24.00180
      13.21520      24.00180
      13.22540      24.00180
      13.23550      24.00181
      13.24570      24.00181
      13.25590      24.00181
      13.26600      24.00181
      13.27620      24.00181
      13.28640      24.00182
      13.29650      24.00182
      13.30670      24.00182
      13.31690      24.00182
      13.32700      24.00182
      13.33720      24.00182
      13.34740      24.00183
      13.35750      24.00183
      13.36770      24.00183
      13.37780      24.00183
      13.38800      24.00183
      13.39820      24.00183
      13.40830      24.00184
      13.41850      24.00184
      13.42870      24.00184
      13.43880      24.00184
      13.44900      24.00184
      13.45920      24.00185
      13.46930      24.00185
      13.47950      24.00185
      13.48970      24.00185
      13.49980      24.00185
      13.51000      24.00186
      13.52010      24.00186
      13.53030      24.00186
      13.54050      24.00186
      13.55060      24.00187
      13.56080      24.00187
      13.57100      24.00187
      13.58110      24.00187
      13.59130      24.00187
      13.60150      24.00187
      13.61160      24.00188
      13.62180      24.00188
      13.63200      24.00188
      13.64210      24.00188
      13.65230      24.00188
      13.66250      24.00189
      13.67260      24.00189
      13.68280      24.00189
      13.69290      24.00189
      13.70310      24.00189
      13.71330      24.00190
      13.72340      24.00190
      13.73360      24.00190
      13.74380      24.00190
      13.75390      24.00190
      13.76410      24.00191
      13.77430      24.00191
      13.78440      24.00191
      13.79460      24.00191
      13.80480      24.00191
      13.81490      24.00192
      13.82510      24.00192
      13.83520      24.00192
      13.84540      24.00192
      13.85560      24.00192
      13.86570      24.00193
      13.87590      24.00193
      13.88610      24.00193
      13.89620      24.00193
      13.90640      24.00193
      13.91660      24.00194
      13.92670      24.00194
      13.93690      24.00194
      13.94710      24.00194
      13.95720      24.00195
      13.96740      24.00195
      13.97760      24.00195
      13.98770      24.00195
      13.99790      24.00195
      14.00800      24.00196
      14.01820      24.00196
      14.02840      24.00196
      14.03850      24.00196
      14.04870      24.00196
      14.05890      24.00197
      14.06900      24.00197
      14.07920      24.00197
      14.08940      24.00197
      14.09950      24.00197
      14.10970      24.00198
      14.11990      24.00198
      14.13000      24.00198
      14.14020      24.00198
      14.15030      24.00199
      14.16050      24.00199
      14.17070      24.00199
      14.18080      24.00199
      14.19100      24.00199
      14.20120      24.00200
      14.21130      24.00200
      14.22150      24.00200
      14.23170      24.00200
      14.24180      24.00200
      14.25200      24.00201
      14.26220      24.00201
      14.27230      24.00201
      14.28250      24.00201
      14.29270      24.00202
      14.30280      24.00202
      14.31300      24.00202
      14.32310      24.00202
      14.33330      24.00202
      14.34350      24.00203
      14.35360      24.00203
      14.36380      24.00203
      14.37400      24.00203
      14.38410      24.00204
      14.39430      24.00204
      14.40450      24.00204
      14.41460      24.00204
      14.42480      24.00204
      14.43500      24.00205
      14.44510      24.00205
      14.45530      24.00205
      14.46540      24.00205
      14.47560      24.00205
      14.48580      24.00206
      14.49590      24.00206
      14.50610      24.00206
      14.51630      24.00206
      14.52640      24.00207
      14.53660      24.00207
      14.54680      24.00207
      14.55690      24.00207
      14.56710      24.00208
      14.57730      24.00208
      14.58740      24.00208
      14.59760      24.00208
      14.60780      24.00208
      14.61790      24.00209
      14.62810      24.00209
      14.63820      24.00209
      14.64840      24.00209
      14.65860      24.00210
      14.66870      24.00210
      14.67890      24.00210
      14.68910      24.00210
      14.69920      24.00211
      14.70940      24.00211
      14.71960      24.00211
      14.72970      24.00211
      14.73990      24.00212
      14.75010      24.00212
      14.76020      24.00212
      14.77040      24.00212
      14.78050      24.00212
      14.79070      24.00213
      14.80090      24.00213
      14.81100      24.00213
      14.82120      24.00213
      14.83140      24.00214
      14.84150      24.00214
      14.85170      24.00214
      14.86190      24.00214
      14.87200      24.00215
      14.88220      24.00215
      14.89240      24.00215
      14.90250      24.00215
      14.91270      24.00216
      14.92290      24.00216
      14.93300      24.00216
      14.94320      24.00216
      14.95330      24.00216
      14.96350      24.00217
      14.97370      24.00217
      14.98380      24.00217
      14.99400      24.00217
      15.00420      24.00218
      15.01430      24.00218
      15.02450      24.00218
      15.03470      24.00218
      15.04480      24.00219
      15.05500      24.00219
      15.06520      24.00219
      15.07530      24.00220
      15.08550      24.00220
      15.09560      24.00220
      15.10580      24.00220
      15.11600      24.00220
      15.12610      24.00221
      15.13630      24.00221
      15.14650      24.00221
      15.15660      24.00221
      15.16680      24.00222
      15.17700      24.00222
      15.18710      24.00222
      15.19730      24.00222
      15.20750      24.00223
      15.21760      24.00223
      15.22780      24.00223
      15.23800      24.00224
      15.24810      24.00224
      15.25830      24.00224
      15.26840      24.00224
      15.27860      24.00224
      15.28880      24.00225
      15.29890      24.00225
      15.30910      24.00225
      15.31930      24.00226
      15.32940      24.00226
      15.33960      24.00226
      15.34980      24.00226
      15.35990      24.00227
      15.37010      24.00227
      15.38030      24.00227
      15.39040      24.00227
      15.40060      24.00228
      15.41070      24.00228
      15.42090      24.00228
      15.43110      24.00229
      15.44120      24.00229
      15.45140      24.00229
      15.46160      24.00229
      15.47170      24.00229
      15.48190      24.00230
      15.49210      24.00230
      15.50220      24.00230
      15.51240      24.00231
      15.52260      24.00231
      15.53270      24.00231
      15.54290      24.00231
      15.55300      24.00232
      15.56320      24.00232
      15.57340      24.00232
      15.58350      24.00233
      15.59370      24.00233
      15.60390      24.00233
      15.61400      24.00233
      15.62420      24.00233
      15.63440      24.00234
      15.64450      24.00234
      15.65470      24.00234
      15.66490      24.00235
      15.67500      24.00235
      15.68520      24.00235
      15.69540      24.00235
      15.70550      24.00236
      15.71570      24.00236
      15.72580      24.00236
      15.73600      24.00237
      15.74620      24.00237
      15.75630      24.00237
      15.76650      24.00237
      15.77670      24.00238
      15.78680      24.00238
      15.79700      24.00238
      15.80720      24.00238
      15.81730      24.00239
      15.82750      24.00239
      15.83770      24.00239
      15.84780      24.00240
      15.85800      24.00240
      15.86810      24.00240
      15.87830      24.00241
      15.88850      24.00241
      15.89860      24.00241
      15.90880      24.00241
      15.91900      24.00242
      15.92910      24.00242
      15.93930      24.00242
      15.94950      24.00242
      15.95960      24.00243
      15.96980      24.00243
      15.98000      24.00243
      15.99010      24.00244
      16.00030      24.00244
      16.01050      24.00244
      16.02060      24.00245
      16.03080      24.00245
      16.04090      24.00245
      16.05110      24.00245
      16.06130      24.00246
      16.07140      24.00246
      16.08160      24.00246
      16.09180      24.00247
      16.10190      24.00247
      16.11210      24.00247
      16.12230      24.00247
      16.13240      24.00248
      16.14260      24.00248
      16.15280      24.00248
      16.16290      24.00249
      16.17310      24.00249
      16.18320      24.00249
      16.19340      24.00249
      16.20360      24.00250
      16.21370      24.00250
      16.22390      24.00250
      16.23410      24.00251
      16.24420      24.00251
      16.25440      24.00251
      16.26460      24.00252
      16.27470      24.00252
      16.28490      24.00252
      16.29510      24.00253
      16.30520      24.00253
      16.31540      24.00253
      16.32560      24.00253
      16.33570      24.00254
      16.34590      24.00254
      16.35600      24.00254
      16.36620      24.00255
      16.37640      24.00255
      16.38650      24.00255
      16.39670      24.00256
      16.40690      24.00256
      16.41700      24.00256
      16.42720      24.00257
      16.43740      24.00257
      16.44750      24.00257
      16.45770      24.00257
      16.46790      24.00258
      16.47800      24.00258
      16.48820      24.00258
      16.49830      24.00259
      16.50850      24.00259
      16.51870      24.00259
      16.52880      24.00260
      16.53900      24.00260
      16.54920      24.00261
      16.55930      24.00261
      16.56950      24.00261
      16.57970      24.00261
      16.58980      24.00262
      16.60000      24.00262
      16.61020      24.00262
      16.62030      24.00263
      16.63050      24.00263
      16.64070      24.00263
      16.65080      24.00264
      16.66100      24.00264
      16.67110      24.00264
      16.68130      24.00265
      16.69150      24.00265
      16.70160      24.00265
      16.71180      24.00266
      16.72200      24.00266
      16.73210      24.00266
      16.74230      24.00267
      16.75250      24.00267
      16.76260      24.00267
      16.77280      24.00268
      16.78300      24.00268
      16.79310      24.00268
      16.80330      24.00269
      16.81340      24.00269
      16.82360      24.00269
      16.83380      24.00270
      16.84390      24.00270
      16.85410      24.00270
      16.86430      24.00271
      16.87440      24.00271
      16.88460      24.00271
      16.89480      24.00272
      16.90490      24.00272
      16.91510      24.00272
      16.92530      24.00273
      16.93540      24.00273
      16.94560      24.00274
      16.95580      24.00274
      16.96590      24.00274
      16.97610      24.00274
      16.98620      24.00275
      16.99640      24.00275
      17.00660      24.00276
      17.01670      24.00276
      17.02690      24.00276
      17.03710      24.00277
      17.04720      24.00277
      17.05740      24.00277
      17.06760      24.00278
      17.07770      24.00278
      17.08790      24.00278
      17.09810      24.00279
      17.10820      24.00279
      17.11840      24.00279
      17.12850      24.00280
      17.13870      24.00280
      17.14890      24.00281
      17.15900      24.00281
      17.16920      24.00281
      17.17940      24.00282
      17.18950      24.00282
      17.19970      24.00282
      17.20990      24.00283
      17.22000      24.00283
      17.23020      24.00283
      17.24040      24.00284
      17.25050      24.00284
      17.26070      24.00284
      17.27090      24.00285
      17.28100      24.00285
      17.29120      24.00286
      17.30130      24.00286
      17.31150      24.00286
      17.32170      24.00287
      17.33180      24.00287
      17.34200      24.00287
      17.35220      24.00288
      17.36230      24.00288
      17.37250      24.00289
      17.38270      24.00289
      17.39280      24.00289
      17.40300      24.00290
      17.41320      24.00290
      17.42330      24.00290
      17.43350      24.00291
      17.44360      24.00291
      17.45380      24.00292
      17.46400      24.00292
      17.47410      24.00292
      17.48430      24.00293
      17.49450      24.00293
      17.50460      24.00294
      17.51480      24.00294
      17.52500      24.00294
      17.53510      24.00295
      17.54530      24.00295
      17.55550      24.00295
      17.56560      24.00296
      17.57580      24.00296
      17.58590      24.00297
      17.59610      24.00297
      17.60630      24.00297
      17.61640      24.00298
      17.62660      24.00298
      17.63680      24.00299
      17.64690      24.00299
      17.65710      24.00299
      17.66730      24.00300
      17.67740      24.00300
      17.68760      24.00301
      17.69780      24.00301
      17.70790      24.00301
      17.71810      24.00302
      17.72830      24.00302
      17.73840      24.00303
      17.74860      24.00303
      17.75870      24.00303
      17.76890      24.00304
      17.77910      24.00304
      17.78920      24.00305
      17.79940      24.00305
      17.80960      24.00305
      17.81970      24.00306
      17.82990      24.00306
      17.84010      24.00307
      17.85020      24.00307
      17.86040      24.00307
      17.87060      24.00308
      17.88070      24.00308
      17.89090      24.00309
      17.90100      24.00309
      17.91120      24.00309
      17.92140      24.00310
      17.93150      24.00310
      17.94170      24.00311
      17.95190      24.00311
      17.96200      24.00311
      17.97220      24.00312
      17.98240      24.00312
      17.99250      24.00313
      18.00270      24.00313
      18.01290      24.00314
      18.02300      24.00314
      18.03320      24.00315
      18.04340      24.00315
      18.05350      24.00315
      18.06370      24.00316
      18.07380      24.00316
      18.08400      24.00317
      18.09420      24.00317
      18.10430      24.00318
      18.11450      24.00318
      18.12470      24.00318
      18.13480      24.00319
      18.14500      24.00319
      18.15520      24.00320
      18.16530      24.00320
      18.17550      24.00321
      18.18570      24.00321
      18.19580      24.00321
      18.20600      24.00322
      18.21610      24.00322
      18.22630      24.00323
      18.23650      24.00323
      18.24660      24.00324
      18.25680      24.00324
      18.26700      24.00325
      18.27710      24.00325
      18.28730      24.00325
      18.29750      24.00326
      18.30760      24.00326
      18.31780      24.00327
      18.32800      24.00327
      18.33810      24.00328
      18.34830      24.00328
      18.35850      24.00329
      18.36860      24.00329
      18.37880      24.00330
      18.38890      24.00330
      18.39910      24.00330
      18.40930      24.00331
      18.41940      24.00331
      18.42960      24.00332
      18.43980      24.00332
      18.44990      24.00333
      18.46010      24.00333
      18.47030      24.00334
      18.48040      24.00334
      18.49060      24.00335
      18.50080      24.00335
      18.51090      24.00336
      18.52110      24.00336
      18.53120      24.00336
      18.54140      24.00337
      18.55160      24.00337
      18.56170      24.00338
      18.57190      24.00338
      18.58210      24.00339
      18.59220      24.00339
      18.60240      24.00340
      18.61260      24.00340
      18.62270      24.00341
      18.63290      24.00341
      18.64310      24.00342
      18.65320      24.00342
      18.66340      24.00343
      18.67360      24.00343
      18.68370      24.00344
      18.69390      24.00344
      18.70400      24.00345
      18.71420      24.00345
      18.72440      24.00346
      18.73450      24.00346
      18.74470      24.00347
      18.75490      24.00347
      18.76500      24.00348
      18.77520      24.00348
      18.78540      24.00348
      18.79550      24.00349
      18.80570      24.00350
      18.81590      24.00350
      18.82600      24.00351
      18.83620      24.00351
      18.84630      24.00352
      18.85650      24.00352
      18.86670      24.00352
      18.87680      24.00353
      18.88700      24.00354
      18.89720      24.00354
      18.90730      24.00355
      18.91750      24.00355
      18.92770      24.00356
      18.93780      24.00356
      18.94800      24.00357
      18.95820      24.00357
      18.96830      24.00358
      18.97850      24.00358
      18.98870      24.00359
      18.99880      24.00359
      19.00900      24.00360
      19.01910      24.00360
      19.02930      24.00361
      19.03950      24.00361
      19.04960      24.00362
      19.05980      24.00362
      19.07000      24.00363
      19.08010      24.00363
      19.09030      24.00364
      19.10050      24.00364
      19.11060      24.00365
      19.12080      24.00366
      19.13100      24.00366
      19.14110      24.00367
      19.15130      24.00367
      19.16140      24.00368
      19.17160      24.00368
      19.18180      24.00369
      19.19190      24.00369
      19.20210      24.00370
      19.21230      24.00370
      19.22240      24.00371
      19.23260      24.00372
      19.24280      24.00372
      19.25290      24.00373
      19.26310      24.00373
      19.27330      24.00374
      19.28340      24.00374
      19.29360      24.00375
      19.30380      24.00375
      19.31390      24.00376
      19.32410      24.00377
      19.33420      24.00377
      19.34440      24.00378
      19.35460      24.00378
      19.36470      24.00379
      19.37490      24.00379
      19.38510      24.00380
      19.39520      24.00380
      19.40540      24.00381
      19.41560      24.00381
      19.42570      24.00382
      19.43590      24.00383
      19.44610      24.00383
      19.45620      24.00384
      19.46640      24.00384
      19.47650      24.00385
      19.48670      24.00385
      19.49690      24.00386
      19.50700      24.00387
      19.51720      24.00387
      19.52740      24.00388
      19.53750      24.00389
      19.54770      24.00389
      19.55790      24.00390
      19.56800      24.00390
      19.57820      24.00391
      19.58840      24.00391
      19.59850      24.00392
      19.60870      24.00393
      19.61880      24.00393
      19.62900      24.00394
      19.63920      24.00394
      19.64930      24.00395
      19.65950      24.00396
      19.66970      24.00396
      19.67980      24.00397
      19.69000      24.00397
      19.70020      24.00398
      19.71030      24.00399
      19.72050      24.00399
      19.73070      24.00400
      19.74080      24.00400
      19.75100      24.00401
      19.76120      24.00402
      19.77130      24.00402
      19.78150      24.00403
      19.79160      24.00403
      19.80180      24.00404
      19.81200      24.00405
      19.82210      24.00405
      19.83230      24.00406
      19.84250      24.00407
      19.85260      24.00407
      19.86280      24.00408
      19.87300      24.00409
      19.88310      24.00409
      19.89330      24.00410
      19.90350      24.00410
      19.91360      24.00411
      19.92380      24.00412
      19.93390      24.00412
      19.94410      24.00413
      19.95430      24.00414
      19.96440      24.00414
      19.97460      24.00415
      19.98480      24.00415
      19.99490      24.00416
      20.00510      24.00417
      20.01530      24.00418
      20.02540      24.00418
      20.03560      24.00419
      20.04580      24.00419
      20.05590      24.00420
      20.06610      24.00421
      20.07630      24.00421
      20.08640      24.00422
      20.09660      24.00423
      20.10670      24.00423
      20.11690      24.00424
      20.12710      24.00425
      20.13720      24.00425
      20.14740      24.00426
      20.15760      24.00427
      20.16770      24.00427
      20.17790      24.00428
      20.18810      24.00429
      20.19820      24.00429
      20.20840      24.00430
      20.21860      24.00431
      20.22870      24.00431
      20.23890      24.00432
      20.24900      24.00433
      20.25920      24.00434
      20.26940      24.00434
      20.27950      24.00435
      20.28970      24.00436
      20.29990      24.00436
      20.31000      24.00437
      20.32020      24.00438
      20.33040      24.00438
      20.34050      24.00439
      20.35070      24.00440
      20.36090      24.00440
      20.37100      24.00441
      20.38120      24.00442
      20.39140      24.00443
      20.40150      24.00443
      20.41170      24.00444
      20.42180      24.00445
      20.43200      24.00445
      20.44220      24.00446
      20.45230      24.00447
      20.46250      24.00448
      20.47270      24.00448
      20.48280      24.00449
      20.49300      24.00450
      20.50320      24.00451
      20.51330      24.00451
      20.52350      24.00452
      20.53370      24.00453
      20.54380      24.00453
      20.55400      24.00454
      20.56410      24.00455
      20.57430      24.00456
      20.58450      24.00456
      20.59460      24.00457
      20.60480      24.00458
      20.61500      24.00459
      20.62510      24.00459
      20.63530      24.00460
      20.64550      24.00461
      20.65560      24.00462
      20.66580      24.00462
      20.67600      24.00463
      20.68610      24.00464
      20.69630      24.00465
      20.70650      24.00465
      20.71660      24.00466
      20.72680      24.00467
      20.73690      24.00468
      20.74710      24.00469
      20.75730      24.00469
      20.76740      24.00470
      20.77760      24.00471
      20.78780      24.00472
      20.79790      24.00472
      20.80810      24.00473
      20.81830      24.00474
      20.82840      24.00475
      20.83860      24.00476
      20.84880      24.00476
      20.85890      24.00477
      20.86910      24.00478
      20.87920      24.00479
      20.88940      24.00480
      20.89960      24.00480
      20.90970      24.00481
      20.91990      24.00482
      20.93010      24.00483
      20.94020      24.00484
      20.95040      24.00484
      20.96060      24.00485
      20.97070      24.00486
      20.98090      24.00487
      20.99110      24.00488
      21.00120      24.00488
      21.01140      24.00489
      21.02160      24.00490
      21.03170      24.00491
      21.04190      24.00492
      21.05200      24.00493
      21.06220      24.00493
      21.07240      24.00494
      21.08250      24.00495
      21.09270      24.00496
      21.10290      24.00497
      21.11300      24.00498
      21.12320      24.00499
      21.13340      24.00499
      21.14350      24.00500
      21.15370      24.00501
      21.16390      24.00502
      21.17400      24.00503
      21.18420      24.00504
      21.19430      24.00504
      21.20450      24.00505
      21.21470      24.00506
      21.22480      24.00507
      21.23500      24.00508
      21.24520      24.00509
      21.25530      24.00510
      21.26550      24.00511
      21.27570      24.00512
      21.28580      24.00513
      21.29600      24.00513
      21.30620      24.00514
      21.31630      24.00515
      21.32650      24.00516
      21.33660      24.00517
      21.34680      24.00518
      21.35700      24.00519
      21.36710      24.00520
      21.37730      24.00521
      21.38750      24.00521
      21.39760      24.00522
      21.40780      24.00523
      21.41800      24.00524
      21.42810      24.00525
      21.43830      24.00526
      21.44850      24.00527
      21.45860      24.00528
      21.46880      24.00529
      21.47900      24.00530
      21.48910      24.00531
      21.49930      24.00532
      21.50940      24.00533
      21.51960      24.00533
      21.52980      24.00534
      21.53990      24.00535
      21.55010      24.00536
      21.56030      24.00537
      21.57040      24.00538
      21.58060      24.00539
      21.59080      24.00540
      21.60090      24.00541
      21.61110      24.00542
      21.62130      24.00543
      21.63140      24.00544
      21.64160      24.00545
      21.65170      24.00546
      21.66190      24.00547
      21.67210      24.00548
      21.68220      24.00549
      21.69240      24.00550
      21.70260      24.00551
      21.71270      24.00552
      21.72290      24.00553
      21.73310      24.00554
      21.74320      24.00555
      21.75340      24.00556
      21.76360      24.00557
      21.77370      24.00558
      21.78390      24.00559
      21.79410      24.00560
      21.80420      24.00561
      21.81440      24.00562
      21.82450      24.00563
      21.83470      24.00564
      21.84490      24.00565
      21.85500      24.00566
      21.86520      24.00567
      21.87540      24.00568
      21.88550      24.00569
      21.89570      24.00570
      21.90590      24.00571
      21.91600      24.00572
      21.92620      24.00573
      21.93640      24.00574
      21.94650      24.00575
      21.95670      24.00576
      21.96680      24.00577
      21.97700      24.00578
      21.98720      24.00579
      21.99730      24.00580
      22.00750      24.00582
      22.01770      24.00583
      22.02780      24.00584
      22.03800      24.00585
      22.04820      24.00586
      22.05830      24.00587
      22.06850      24.00588
      22.07870      24.00589
      22.08880      24.00590
      22.09900      24.00591
      22.10920      24.00592
      22.11930      24.00593
      22.12950      24.00595
      22.13960      24.00596
      22.14980      24.00597
      22.16000      24.00598
      22.17010      24.00599
      22.18030      24.00600
      22.19050      24.00601
      22.20060      24.00602
      22.21080      24.00603
      22.22100      24.00605
      22.23110      24.00606
      22.24130      24.00607
      22.25150      24.00608
      22.26160      24.00609
      22.27180      24.00610
      22.28190      24.00611
      22.29210      24.00613
      22.30230      24.00614
      22.31240      24.00615
      22.32260      24.00616
      22.33280      24.00617
      22.34290      24.00618
      22.35310      24.00620
      22.36330      24.00621
      22.37340      24.00622
      22.38360      24.00623
      22.39380      24.00624
      22.40390      24.00626
      22.41410      24.00627
      22.42430      24.00628
      22.43440      24.00629
      22.44460      24.00630
      22.45470      24.00632
      22.46490      24.00633
      22.47510      24.00634
      22.48520      24.00635
      22.49540      24.00636
      22.50560      24.00638
      22.51570      24.00639
      22.52590      24.00640
      22.53610      24.00641
      22.54620      24.00643
      22.55640      24.00644
      22.56660      24.00645
      22.57670      24.00646
      22.58690      24.00648
      22.59700      24.00649
      22.60720      24.00650
      22.61740      24.00651
      22.62750      24.00653
      22.63770      24.00654
      22.64790      24.00655
      22.65800      24.00657
      22.66820      24.00658
      22.67840      24.00659
      22.68850      24.00660
      22.69870      24.00662
      22.70890      24.00663
      22.71900      24.00664
      22.72920      24.00665
      22.73940      24.00667
      22.74950      24.00668
      22.75970      24.00669
      22.76980      24.00671
      22.78000      24.00672
      22.79020      24.00673
      22.80030      24.00675
      22.81050      24.00676
      22.82070      24.00677
      22.83080      24.00679
      22.84100      24.00680
      22.85120      24.00681
      22.86130      24.00683
      22.87150      24.00684
      22.88170      24.00686
      22.89180      24.00687
      22.90200      24.00688
      22.91210      24.00690
      22.92230      24.00691
      22.93250      24.00692
      22.94260      24.00694
      22.95280      24.00695
      22.96300      24.00697
      22.97310      24.00698
      22.98330      24.00699
      22.99350      24.00701
      23.00360      24.00702
      23.01380      24.00704
      23.02400      24.00705
      23.03410      24.00706
      23.04430      24.00708
      23.05450      24.00709
      23.06460      24.00711
      23.07480      24.00712
      23.08490      24.00714
      23.09510      24.00715
      23.10530      24.00717
      23.11540      24.00718
      23.12560      24.00720
      23.13580      24.00721
      23.14590      24.00723
      23.15610      24.00724
      23.16630      24.00726
      23.17640      24.00727
      23.18660      24.00728
      23.19680      24.00730
      23.20690      24.00731
      23.21710      24.00733
      23.22720      24.00735
      23.23740      24.00736
      23.24760      24.00738
      23.25770      24.00739
      23.26790      24.00741
      23.27810      24.00742
      23.28820      24.00744
      23.29840      24.00745
      23.30860      24.00747
      23.31870      24.00748
      23.32890      24.00750
      23.33910      24.00751
      23.34920      24.00753
      23.35940      24.00755
      23.36950      24.00756
      23.37970      24.00758
      23.38990      24.00759
      23.40000      24.00761
      23.41020      24.00763
      23.42040      24.00764
      23.43050      24.00766
      23.44070      24.00768
      23.45090      24.00769
      23.46100      24.00771
      23.47120      24.00772
      23.48140      24.00774
      23.49150      24.00776
      23.50170      24.00777
      23.51190      24.00779
      23.52200      24.00780
      23.53220      24.00782
      23.54230      24.00784
      23.55250      24.00786
      23.56270      24.00787
      23.57280      24.00789
      23.58300      24.00791
      23.59320      24.00792
      23.60330      24.00794
      23.61350      24.00796
      23.62370      24.00797
      23.63380      24.00799
      23.64400      24.00801
      23.65420      24.00803
      23.66430      24.00804
      23.67450      24.00806
      23.68460      24.00808
      23.69480      24.00809
      23.70500      24.00811
      23.71510      24.00813
      23.72530      24.00815
      23.73550      24.00817
      23.74560      24.00818
      23.75580      24.00820
      23.76600      24.00822
      23.77610      24.00824
      23.78630      24.00826
      23.79650      24.00827
      23.80660      24.00829
      23.81680      24.00831
      23.82700      24.00833
      23.83710      24.00835
      23.84730      24.00837
      23.85740      24.00838
      23.86760      24.00840
      23.87780      24.00842
      23.88790      24.00844
      23.89810      24.00846
      23.90830      24.00848
      23.91840      24.00850
      23.92860      24.00851
      23.93880      24.00853
      23.94890      24.00855
      23.95910      24.00857
      23.96930      24.00859
      23.97940      24.00861
      23.98960      24.00863
      23.99970      24.00865
      24.00990      24.00867
      24.02010      24.00869
      24.03020      24.00871
      24.04040      24.00873
      24.05060      24.00875
      24.06070      24.00877
      24.07090      24.00879
      24.08110      24.00881
      24.09120      24.00883
      24.10140      24.00884
      24.11160      24.00887
      24.12170      24.00888
      24.13190      24.00891
      24.14210      24.00893
      24.15220      24.00895
      24.16240      24.00897
      24.17250      24.00899
      24.18270      24.00901
      24.19290      24.00903
      24.20300      24.00905
      24.21320      24.00907
      24.22340      24.00909
      24.23350      24.00911
      24.24370      24.00913
      24.25390      24.00915
      24.26400      24.00917
      24.27420      24.00920
      24.28440      24.00922
      24.29450      24.00924
      24.30470      24.00926
      24.31480      24.00928
      24.32500      24.00930
      24.33520      24.00933
      24.34530      24.00935
      24.35550      24.00937
      24.36570      24.00939
      24.37580      24.00941
      24.38600      24.00943
      24.39620      24.00945
      24.40630      24.00948
      24.41650      24.00950
      24.42670      24.00952
      24.43680      24.00954
      24.44700      24.00957
      24.45720      24.00959
      24.46730      24.00961
      24.47750      24.00963
      24.48760      24.00966
      24.49780      24.00968
      24.50800      24.00970
      24.51810      24.00973
      24.52830      24.00975
      24.53850      24.00977
      24.54860      24.00980
      24.55880      24.00982
      24.56900      24.00984
      24.57910      24.00987
      24.58930      24.00989
      24.59950      24.00991
      24.60960      24.00994
      24.61980      24.00996
      24.62990      24.00998
      24.64010      24.01001
      24.65030      24.01003
      24.66040      24.01006
      24.67060      24.01008
      24.68080      24.01011
      24.69090      24.01013
      24.70110      24.01015
      24.71130      24.01018
      24.72140      24.01020
      24.73160      24.01023
      24.74180      24.01025
      24.75190      24.01028
      24.76210      24.01031
      24.77230      24.01033
      24.78240      24.01035
      24.79260      24.01038
      24.80270      24.01041
      24.81290      24.01043
      24.82310      24.01046
      24.83320      24.01048
      24.84340      24.01051
      24.85360      24.01053
      24.86370      24.01056
      24.87390      24.01059
      24.88410      24.01061
      24.89420      24.01064
      24.90440      24.01067
      24.91460      24.01069
      24.92470      24.01072
      24.93490      24.01075
      24.94500      24.01077
      24.95520      24.01080
      24.96540      24.01083
      24.97550      24.01085
      24.98570      24.01088
      24.99590      24.01091
      25.00600      24.01093
      25.01620      24.01096
      25.02640      24.01099
      25.03650      24.01102
      25.04670      24.01105
      25.05690      24.01107
      25.06700      24.01110
      25.07720      24.01113
      25.08740      24.01116
      25.09750      24.01119
      25.10770      24.01122
      25.11780      24.01124
      25.12800      24.01127
      25.13820      24.01130
      25.14830      24.01133
      25.15850      24.01136
      25.16870      24.01139
      25.17880      24.01142
      25.18900      24.01145
      25.19920      24.01148
      25.20930      24.01151
      25.21950      24.01154
      25.22970      24.01157
      25.23980      24.01159
      25.25000      24.01163
      25.26010      24.01166
      25.27030      24.01169
      25.28050      24.01172
      25.29060      24.01175
      25.30080      24.01178
      25.31100      24.01181
      25.32110      24.01184
      25.33130      24.01187
      25.34150      24.01190
      25.35160      24.01193
      25.36180      24.01196
      25.37200      24.01200
      25.38210      24.01203
      25.39230      24.01206
      25.40240      24.01209
      25.41260      24.01212
      25.42280      24.01216
      25.43290      24.01219
      25.44310      24.01222
      25.45330      24.01225
      25.46340      24.01229
      25.47360      24.01232
      25.48380      24.01235
      25.49390      24.01238
      25.50410      24.01242
      25.51430      24.01245
      25.52440      24.01248
      25.53460      24.01252
      25.54480      24.01255
      25.55490      24.01258
      25.56510      24.01262
      25.57520      24.01265
      25.58540      24.01269
      25.59560      24.01272
      25.60570      24.01275
      25.61590      24.01279
      25.62610      24.01283
      25.63620      24.01286
      25.64640      24.01290
      25.65660      24.01293
      25.66670      24.01297
      25.67690      24.01300
      25.68710      24.01304
      25.69720      24.01307
      25.70740      24.01311
      25.71750      24.01314
      25.72770      24.01318
      25.73790      24.01322
      25.74800      24.01325
      25.75820      24.01329
      25.76840      24.01333
      25.77850      24.01336
      25.78870      24.01340
      25.79890      24.01344
      25.80900      24.01348
      25.81920      24.01351
      25.82940      24.01355
      25.83950      24.01359
      25.84970      24.01363
      25.85990      24.01367
      25.87000      24.01370
      25.88020      24.01374
      25.89030      24.01378
      25.90050      24.01382
      25.91070      24.01386
      25.92080      24.01390
      25.93100      24.01394
      25.94120      24.01398
      25.95130      24.01402
      25.96150      24.01406
      25.97170      24.01410
      25.98180      24.01414
      25.99200      24.01418
      26.00220      24.01422
      26.01230      24.01426
      26.02250      24.01430
      26.03260      24.01434
      26.04280      24.01438
      26.05300      24.01442
      26.06310      24.01447
      26.07330      24.01451
      26.08350      24.01455
      26.09360      24.01459
      26.10380      24.01463
      26.11400      24.01468
      26.12410      24.01472
      26.13430      24.01476
      26.14450      24.01480
      26.15460      24.01485
      26.16480      24.01489
      26.17500      24.01493
      26.18510      24.01498
      26.19530      24.01502
      26.20540      24.01507
      26.21560      24.01511
      26.22580      24.01516
      26.23590      24.01520
      26.24610      24.01525
      26.25630      24.01529
      26.26640      24.01534
      26.27660      24.01538
      26.28680      24.01543
      26.29690      24.01547
      26.30710      24.01552
      26.31730      24.01557
      26.32740      24.01561
      26.33760      24.01566
      26.34770      24.01571
      26.35790      24.01575
      26.36810      24.01580
      26.37820      24.01585
      26.38840      24.01590
      26.39860      24.01595
      26.40870      24.01599
      26.41890      24.01604
      26.42910      24.01609
      26.43920      24.01614
      26.44940      24.01619
      26.45960      24.01624
      26.46970      24.01629
      26.47990      24.01634
      26.49010      24.01639
      26.50020      24.01644
      26.51040      24.01649
      26.52050      24.01654
      26.53070      24.01659
      26.54090      24.01664
      26.55100      24.01670
      26.56120      24.01675
      26.57140      24.01680
      26.58150      24.01685
      26.59170      24.01690
      26.60190      24.01696
      26.61200      24.01701
      26.62220      24.01706
      26.63240      24.01711
      26.64250      24.01717
      26.65270      24.01722
      26.66280      24.01728
      26.67300      24.01733
      26.68320      24.01739
      26.69330      24.01744
      26.70350      24.01750
      26.71370      24.01755
      26.72380      24.01761
      26.73400      24.01766
      26.74420      24.01772
      26.75430      24.01778
      26.76450      24.01783
      26.77470      24.01789
      26.78480      24.01795
      26.79500      24.01801
      26.80520      24.01806
      26.81530      24.01812
      26.82550      24.01818
      26.83560      24.01824
      26.84580      24.01830
      26.85600      24.01836
      26.86610      24.01842
      26.87630      24.01848
      26.88650      24.01854
      26.89660      24.01860
      26.90680      24.01866
      26.91700      24.01872
      26.92710      24.01878
      26.93730      24.01884
      26.94750      24.01891
      26.95760      24.01897
      26.96780      24.01903
      26.97790      24.01909
      26.98810      24.01916
      26.99830      24.01922
      27.00840      24.01928
      27.01860      24.01935
      27.02880      24.01941
      27.03890      24.01948
      27.04910      24.01954
      27.05930      24.01961
      27.06940      24.01967
      27.07960      24.01974
      27.08980      24.01981
      27.09990      24.01987
      27.11010      24.01994
      27.12020      24.02001
      27.13040      24.02007
      27.14060      24.02014
      27.15070      24.02021
      27.16090      24.02028
      27.17110      24.02035
      27.18120      24.02042
      27.19140      24.02049
      27.20160      24.02056
      27.21170      24.02063
      27.22190      24.02070
      27.23210      24.02077
      27.24220      24.02084
      27.25240      24.02091
      27.26260      24.02099
      27.27270      24.02106
      27.28290      24.02113
      27.29300      24.02121
      27.30320      24.02128
      27.31340      24.02135
      27.32350      24.02143
      27.33370      24.02151
      27.34390      24.02158
      27.35400      24.02166
      27.36420      24.02173
      27.37440      24.02181
      27.38450      24.02188
      27.39470      24.02196
      27.40490      24.02204
      27.41500      24.02212
      27.42520      24.02220
      27.43530      24.02228
      27.44550      24.02236
      27.45570      24.02244
      27.46580      24.02252
      27.47600      24.02260
      27.48620      24.02268
      27.49630      24.02276
      27.50650      24.02284
      27.51670      24.02293
      27.52680      24.02301
      27.53700      24.02309
      27.54720      24.02318
      27.55730      24.02326
      27.56750      24.02335
      27.57770      24.02343
      27.58780      24.02352
      27.59800      24.02360
      27.60810      24.02369
      27.61830      24.02378
      27.62850      24.02386
      27.63860      24.02395
      27.64880      24.02404
      27.65900      24.02413
      27.66910      24.02422
      27.67930      24.02431
      27.68950      24.02440
      27.69960      24.02449
      27.70980      24.02458
      27.72000      24.02468
      27.73010      24.02477
      27.74030      24.02486
      27.75040      24.02495
      27.76060      24.02505
      27.77080      24.02514
      27.78090      24.02524
      27.79110      24.02533
      27.80130      24.02543
      27.81140      24.02553
      27.82160      24.02562
      27.83180      24.02572
      27.84190      24.02582
      27.85210      24.02592
      27.86230      24.02602
      27.87240      24.02612
      27.88260      24.02622
      27.89280      24.02632
      27.90290      24.02642
      27.91310      24.02653
      27.92320      24.02663
      27.93340      24.02673
      27.94360      24.02684
      27.95370      24.02694
      27.96390      24.02705
      27.97410      24.02715
      27.98420      24.02726
      27.99440      24.02737
      28.00460      24.02748
      28.01470      24.02758
      28.02490      24.02769
      28.03510      24.02780
      28.04520      24.02791
      28.05540      24.02802
      28.06550      24.02814
      28.07570      24.02825
      28.08590      24.02836
      28.09600      24.02847
      28.10620      24.02859
      28.11640      24.02871
      28.12650      24.02882
      28.13670      24.02894
      28.14690      24.02905
      28.15700      24.02917
      28.16720      24.02929
      28.17740      24.02941
      28.18750      24.02953
      28.19770      24.02965
      28.20790      24.02977
      28.21800      24.02990
      28.22820      24.03002
      28.23830      24.03014
      28.24850      24.03027
      28.25870      24.03039
      28.26880      24.03052
      28.27900      24.03065
      28.28920      24.03077
      28.29930      24.03090
      28.30950      24.03103
      28.31970      24.03116
      28.32980      24.03129
      28.34000      24.03142
      28.35020      24.03156
      28.36030      24.03169
      28.37050      24.03182
      28.38060      24.03196
      28.39080      24.03209
      28.40100      24.03223
      28.41110      24.03237
      28.42130      24.03251
      28.43150      24.03265
      28.44160      24.03279
      28.45180      24.03293
      28.46200      24.03307
      28.47210      24.03321
      28.48230      24.03336
      28.49250      24.03350
      28.50260      24.03365
      28.51280      24.03379
      28.52300      24.03394
      28.53310      24.03409
      28.54330      24.03424
      28.55340      24.03439
      28.56360      24.03454
      28.57380      24.03469
      28.58390      24.03485
      28.59410      24.03500
      28.60430      24.03516
      28.61440      24.03531
      28.62460      24.03547
      28.63480      24.03563
      28.64490      24.03579
      28.65510      24.03595
      28.66530      24.03611
      28.67540      24.03628
      28.68560      24.03644
      28.69570      24.03660
      28.70590      24.03677
      28.71610      24.03694
      28.72620      24.03711
      28.73640      24.03728
      28.74660      24.03745
      28.75670      24.03762
      28.76690      24.03779
      28.77710      24.03797
      28.78720      24.03814
      28.79740      24.03832
      28.80760      24.03850
      28.81770      24.03868
      28.82790      24.03886
      28.83810      24.03904
      28.84820      24.03922
      28.85840      24.03941
      28.86850      24.03959
      28.87870      24.03978
      28.88890      24.03997
      28.89900      24.04016
      28.90920      24.04035
      28.91940      24.04054
      28.92950      24.04074
      28.93970      24.04093
      28.94990      24.04113
      28.96000      24.04133
      28.97020      24.04153
      28.98040      24.04173
      28.99050      24.04193
      29.00070      24.04214
      29.01080      24.04234
      29.02100      24.04255
      29.03120      24.04276
      29.04130      24.04297
      29.05150      24.04318
      29.06170      24.04340
      29.07180      24.04361
      29.08200      24.04383
      29.09220      24.04405
      29.10230      24.04427
      29.11250      24.04449
      29.12270      24.04472
      29.13280      24.04494
      29.14300      24.04517
      29.15310      24.04540
      29.16330      24.04563
      29.17350      24.04587
      29.18360      24.04610
      29.19380      24.04634
      29.20400      24.04658
      29.21410      24.04682
      29.22430      24.04707
      29.23450      24.04732
      29.24460      24.04756
      29.25480      24.04781
      29.26500      24.04807
      29.27510      24.04832
      29.28530      24.04858
      29.29550      24.04884
      29.30560      24.04910
      29.31580      24.04937
      29.32590      24.04963
      29.33610      24.04990
      29.34630      24.05018
      29.35640      24.05045
      29.36660      24.05073
      29.37680      24.05101
      29.38690      24.05129
      29.39710      24.05158
      29.40730      24.05187
      29.41740      24.05216
      29.42760      24.05246
      29.43780      24.05276
      29.44790      24.05306
      29.45810      24.05337
      29.46820      24.05367
      29.47840      24.05399
      29.48860      24.05431
      29.49870      24.05462
      29.50890      24.05495
      29.51910      24.05528
      29.52920      24.05561
      29.53940      24.05594
      29.54960      24.05629
      29.55970      24.05663
      29.56990      24.05698
      29.58010      24.05733
      29.59020      24.05769
      29.60040      24.05805
      29.61060      24.05842
      29.62070      24.05879
      29.63090      24.05917
      29.64100      24.05955
      29.65120      24.05994
      29.66140      24.06034
      29.67150      24.06074
      29.68170      24.06114
      29.69190      24.06156
      29.70200      24.06197
      29.71220      24.06240
      29.72240      24.06284
      29.73250      24.06327
      29.74270      24.06372
      29.75290      24.06418
      29.76300      24.06464
      29.77320      24.06511
      29.78330      24.06558
      29.79350      24.06607
      29.80370      24.06657
      29.81380      24.06707
      29.82400      24.06758
      29.83420      24.06811
      29.84430      24.06864
      29.85450      24.06919
      29.86470      24.06974
      29.87480      24.07030
      29.88500      24.07088
      29.89520      24.07147
      29.90530      24.07207
      29.91550      24.07269
      29.92570      24.07331
      29.93580      24.07395
      29.94600      24.07460
      29.95610      24.07527
      29.96630      24.07595
      29.97650      24.07665
      29.98660      24.07736
      29.99680      24.07809
      30.00700      24.07884
      30.01710      24.07960
      30.02730      24.08038
      30.03750      24.08119
      30.04760      24.08200
      30.05780      24.08284
      30.06800      24.08371
      30.07810      24.08458
      30.08830      24.08549
      30.09840      24.08641
      30.10860      24.08736
      30.11880      24.08834
      30.12890      24.08933
      30.13910      24.09036
      30.14930      24.09141
      30.15940      24.09249
      30.16960      24.09360
      30.17980      24.09474
      30.18990      24.09590
      30.20010      24.09710
      30.21030      24.09834
      30.22040      24.09959
      30.23060      24.10090
      30.24080      24.10224
      30.25090      24.10360
      30.26110      24.10502
      30.27120      24.10646
      30.28140      24.10796
      30.29160      24.10950
      30.30170      24.11106
      30.31190      24.11269
      30.32210      24.11436
      30.33220      24.11607
      30.34240      24.11784
      30.35260      24.11966
      30.36270      24.12152
      30.37290      24.12344
      30.38310      24.12543
      30.39320      24.12745
      30.40340      24.12955
      30.41350      24.13169
      30.42370      24.13391
      30.43390      24.13620
      30.44400      24.13854
      30.45420      24.14096
      30.46440      24.14346
      30.47450      24.14600
      30.48470      24.14865
      30.49490      24.15137
      30.50500      24.15414
      30.51520      24.15702
      30.52540      24.15999
      30.53550      24.16302
      30.54570      24.16616
      30.55590      24.16939
      30.56600      24.17269
      30.57620      24.17612
      30.58630      24.17961
      30.59650      24.18324
      30.60670      24.18697
      30.61680      24.19077
      30.62700      24.19472
      30.63720      24.19879
      30.64730      24.20293
      30.65750      24.20723
      30.66770      24.21166
      30.67780      24.21617
      30.68800      24.22085
      30.69820      24.22567
      30.70830      24.23057
      30.71850      24.23566
      30.72860      24.24085
      30.73880      24.24623
      30.74900      24.25176
      30.75910      24.25739
      30.76930      24.26324
      30.77950      24.26925
      30.78960      24.27536
      30.79980      24.28171
      30.81000      24.28823
      30.82010      24.29486
      30.83030      24.30173
      30.84050      24.30880
      30.85060      24.31598
      30.86080      24.32343
      30.87100      24.33108
      30.88110      24.33885
      30.89130      24.34691
      30.90140      24.35510
      30.91160      24.36359
      30.92180      24.37230
      30.93190      24.38115
      30.94210      24.39032
      30.95230      24.39972
      30.96240      24.40928
      30.97260      24.41916
      30.98280      24.42930
      30.99290      24.43960
      31.00310      24.45025
      31.01330      24.46117
      31.02340      24.47225
      31.03360      24.48371
      31.04370      24.49534
      31.05390      24.50737
      31.06410      24.51969
      31.07420      24.53218
      31.08440      24.54509
      31.09460      24.55831
      31.10470      24.57171
      31.11490      24.58555
      31.12510      24.59972
      31.13520      24.61407
      31.14540      24.62890
      31.15560      24.64406
      31.16570      24.65941
      31.17590      24.67526
      31.18600      24.69131
      31.19620      24.70786
      31.20640      24.72479
      31.21650      24.74191
      31.22670      24.75957
      31.23690      24.77761
      31.24700      24.79585
      31.25720      24.81466
      31.26740      24.83387
      31.27750      24.85327
      31.28770      24.87328
      31.29790      24.89368
      31.30800      24.91430
      31.31820      24.93554
      31.32840      24.95720
      31.33850      24.97906
      31.34870      25.00157
      31.35880      25.02430
      31.36900      25.04767
      31.37920      25.07150
      31.38930      25.09553
      31.39950      25.12025
      31.40970      25.14543
      31.41980      25.17081
      31.43000      25.19690
      31.44020      25.22346
      31.45030      25.25022
      31.46050      25.27771
      31.47070      25.30568
      31.48080      25.33385
      31.49100      25.36277
      31.50110      25.39189
      31.51130      25.42177
      31.52150      25.45215
      31.53160      25.48272
      31.54180      25.51406
      31.55200      25.54591
      31.56210      25.57793
      31.57230      25.61076
      31.58250      25.64409
      31.59260      25.67758
      31.60280      25.71190
      31.61300      25.74673
      31.62310      25.78169
      31.63330      25.81750
      31.64350      25.85381
      31.65360      25.89026
      31.66380      25.92755
      31.67390      25.96498
      31.68410      26.00326
      31.69430      26.04204
      31.70440      26.08092
      31.71460      26.12068
      31.72480      26.16092
      31.73490      26.20124
      31.74510      26.24245
      31.75530      26.28413
      31.76540      26.32587
      31.77560      26.36849
      31.78580      26.41158
      31.79590      26.45470
      31.80610      26.49871
      31.81620      26.54273
      31.82640      26.58763
      31.83660      26.63296
      31.84670      26.67830
      31.85690      26.72449
      31.86710      26.77112
      31.87720      26.81770
      31.88740      26.86514
      31.89760      26.91299
      31.90770      26.96076
      31.91790      27.00938
      31.92810      27.05839
      31.93820      27.10727
      31.94840      27.15699
      31.95860      27.20706
      31.96870      27.25698
      31.97890      27.30773
      31.98900      27.35828
      31.99920      27.40965
      32.00940      27.46130
      32.01950      27.51274
      32.02970      27.56496
      32.03990      27.61744
      32.05000      27.66964
      32.06020      27.72261
      32.07040      27.77580
      32.08050      27.82868
      32.09070      27.88225
      32.10090      27.93603
      32.11100      27.98945
      32.12120      28.04355
      32.13130      28.09726
      32.14150      28.15160
      32.15170      28.20607
      32.16180      28.26010
      32.17200      28.31474
      32.18220      28.36944
      32.19230      28.42363
      32.20250      28.47840
      32.21270      28.53318
      32.22280      28.58742
      32.23300      28.64216
      32.24320      28.69685
      32.25330      28.75096
      32.26350      28.80552
      32.27370      28.85999
      32.28380      28.91379
      32.29400      28.96801
      32.30410      29.02155
      32.31430      29.07544
      32.32450      29.12913
      32.33460      29.18208
      32.34480      29.23533
      32.35500      29.28833
      32.36510      29.34054
      32.37530      29.39297
      32.38550      29.44510
      32.39560      29.49636
      32.40580      29.54780
      32.41600      29.59885
      32.42610      29.64902
      32.43630      29.69925
      32.44640      29.74858
      32.45660      29.79793
      32.46680      29.84681
      32.47690      29.89469
      32.48710      29.94254
      32.49730      29.98985
      32.50740      30.03614
      32.51760      30.08230
      32.52780      30.12785
      32.53790      30.17232
      32.54810      30.21660
      32.55830      30.26021
      32.56840      30.30271
      32.57860      30.34492
      32.58880      30.38638
      32.59890      30.42672
      32.60910      30.46668
      32.61920      30.50547
      32.62940      30.54381
      32.63960      30.58134
      32.64970      30.61766
      32.65990      30.65348
      32.67010      30.68840
      32.68020      30.72207
      32.69040      30.75517
      32.70060      30.78732
      32.71070      30.81821
      32.72090      30.84843
      32.73110      30.87765
      32.74120      30.90559
      32.75140      30.93278
      32.76150      30.95868
      32.77170      30.98378
      32.78190      31.00780
      32.79200      31.03053
      32.80220      31.05238
      32.81240      31.07312
      32.82250      31.09254
      32.83270      31.11102
      32.84290      31.12837
      32.85300      31.14440
      32.86320      31.15942
      32.87340      31.17327
      32.88350      31.18581
      32.89370      31.19729
      32.90390      31.20757
      32.91400      31.21657
      32.92420      31.22444
      32.93430      31.23104
      32.94450      31.23648
      32.95470      31.24071
      32.96480      31.24368
      32.97500      31.24546
      32.98520      31.24601
      32.99530      31.24534
      33.00550      31.24344
      33.01570      31.24032
      33.02580      31.23601
      33.03600      31.23045
      33.04620      31.22366
      33.05630      31.21574
      33.06650      31.20653
      33.07660      31.19624
      33.08680      31.18464
      33.09700      31.17185
      33.10710      31.15802
      33.11730      31.14289
      33.12750      31.12658
      33.13760      31.10929
      33.14780      31.09069
      33.15800      31.07096
      33.16810      31.05032
      33.17830      31.02836
      33.18850      31.00530
      33.19860      30.98140
      33.20880      30.95619
      33.21890      30.93020
      33.22910      30.90291
      33.23930      30.87459
      33.24940      30.84555
      33.25960      30.81523
      33.26980      30.78395
      33.27990      30.75202
      33.29010      30.71883
      33.30030      30.68472
      33.31040      30.65006
      33.32060      30.61416
      33.33080      30.57739
      33.34090      30.54015
      33.35110      30.50171
      33.36130      30.46246
      33.37140      30.42282
      33.38160      30.38202
      33.39170      30.34086
      33.40190      30.29858
      33.41210      30.25559
      33.42220      30.21236
      33.43240      30.16801
      33.44260      30.12302
      33.45270      30.07785
      33.46290      30.03165
      33.47310      29.98485
      33.48320      29.93795
      33.49340      29.89004
      33.50360      29.84162
      33.51370      29.79319
      33.52390      29.74379
      33.53400      29.69442
      33.54420      29.64414
      33.55440      29.59343
      33.56450      29.54285
      33.57470      29.49138
      33.58490      29.43956
      33.59500      29.38791
      33.60520      29.33545
      33.61540      29.28271
      33.62550      29.23020
      33.63570      29.17692
      33.64590      29.12342
      33.65600      29.07024
      33.66620      29.01634
      33.67640      28.96226
      33.68650      28.90855
      33.69670      28.85419
      33.70680      28.80026
      33.71700      28.74569
      33.72720      28.69104
      33.73730      28.63686
      33.74750      28.58211
      33.75770      28.52734
      33.76780      28.47311
      33.77800      28.41835
      33.78820      28.36361
      33.79830      28.30945
      33.80850      28.25484
      33.81870      28.20028
      33.82880      28.14635
      33.83900      28.09200
      33.84910      28.03833
      33.85930      27.98424
      33.86950      27.93031
      33.87960      27.87707
      33.88980      27.82350
      33.90000      27.77012
      33.91010      27.71749
      33.92030      27.66454
      33.93050      27.61184
      33.94060      27.55989
      33.95080      27.50770
      33.96100      27.45580
      33.97110      27.40466
      33.98130      27.35333
      33.99150      27.30230
      34.00160      27.25211
      34.01180      27.20173
      34.02190      27.15217
      34.03210      27.10248
      34.04230      27.05315
      34.05240      27.00468
      34.06260      26.95609
      34.07280      26.90788
      34.08290      26.86054
      34.09310      26.81313
      34.10330      26.76615
      34.11340      26.72001
      34.12360      26.67385
      34.13380      26.62812
      34.14390      26.58326
      34.15410      26.53842
      34.16420      26.49444
      34.17440      26.45047
      34.18460      26.40697
      34.19470      26.36436
      34.20490      26.32178
      34.21510      26.27967
      34.22520      26.23845
      34.23540      26.19729
      34.24560      26.15661
      34.25570      26.11682
      34.26590      26.07711
      34.27610      26.03789
      34.28620      25.99954
      34.29640      25.96131
      34.30660      25.92357
      34.31670      25.88668
      34.32690      25.84992
      34.33700      25.81401
      34.34720      25.77826
      34.35740      25.74300
      34.36750      25.70856
      34.37770      25.67429
      34.38790      25.64052
      34.39800      25.60757
      34.40820      25.57479
      34.41840      25.54250
      34.42850      25.51101
      34.43870      25.47971
      34.44890      25.44890
      34.45900      25.41887
      34.46920      25.38903
      34.47930      25.35995
      34.48950      25.33109
      34.49970      25.30269
      34.50980      25.27504
      34.52000      25.24759
      34.53020      25.22061
      34.54030      25.19436
      34.55050      25.16831
      34.56070      25.14273
      34.57080      25.11784
      34.58100      25.09317
      34.59120      25.06894
      34.60130      25.04540
      34.61150      25.02206
      34.62170      24.99916
      34.63180      24.97691
      34.64200      24.95487
      34.65210      24.93347
      34.66230      24.91227
      34.67250      24.89149
      34.68260      24.87133
      34.69280      24.85137
      34.70300      24.83181
      34.71310      24.81283
      34.72330      24.79405
      34.73350      24.77567
      34.74360      24.75785
      34.75380      24.74022
      34.76400      24.72297
      34.77410      24.70625
      34.78430      24.68972
      34.79440      24.67372
      34.80460      24.65790
      34.81480      24.64243
      34.82490      24.62745
      34.83510      24.61266
      34.84530      24.59820
      34.85540      24.58420
      34.86560      24.57038
      34.87580      24.55689
      34.88590      24.54383
      34.89610      24.53094
      34.90630      24.51836
      34.91640      24.50619
      34.92660      24.49419
      34.93670      24.48259
      34.94690      24.47116
      34.95710      24.45999
      34.96720      24.44921
      34.97740      24.43858
      34.98760      24.42821
      34.99770      24.41820
      35.00790      24.40833
      35.01810      24.39871
      35.02820      24.38943
      35.03840      24.38028
      35.04860      24.37137
      35.05870      24.36276
      35.06890      24.35430
      35.07910      24.34605
      35.08920      24.33809
      35.09940      24.33026
      35.10950      24.32270
      35.11970      24.31527
      35.12990      24.30803
      35.14000      24.30106
      35.15020      24.29420
      35.16040      24.28752
      35.17050      24.28109
      35.18070      24.27476
      35.19090      24.26860
      35.20100      24.26267
      35.21120      24.25684
      35.22140      24.25117
      35.23150      24.24570
      35.24170      24.24034
      35.25180      24.23516
      35.26200      24.23009
      35.27220      24.22515
      35.28230      24.22039
      35.29250      24.21572
      35.30270      24.21118
      35.31280      24.20681
      35.32300      24.20252
      35.33320      24.19835
      35.34330      24.19434
      35.35350      24.19040
      35.36370      24.18657
      35.37380      24.18288
      35.38400      24.17926
      35.39420      24.17575
      35.40430      24.17237
      35.41450      24.16904
      35.42460      24.16585
      35.43480      24.16272
      35.44500      24.15967
      35.45510      24.15674
      35.46530      24.15387
      35.47550      24.15108
      35.48560      24.14839
      35.49580      24.14575
      35.50600      24.14319
      35.51610      24.14072
      35.52630      24.13831
      35.53650      24.13596
      35.54660      24.13370
      35.55680      24.13148
      35.56690      24.12934
      35.57710      24.12725
      35.58730      24.12521
      35.59740      24.12325
      35.60760      24.12133
      35.61780      24.11946
      35.62790      24.11766
      35.63810      24.11590
      35.64830      24.11418
      35.65840      24.11253
      35.66860      24.11091
      35.67880      24.10933
      35.68890      24.10781
      35.69910      24.10632
      35.70930      24.10487
      35.71940      24.10347
      35.72960      24.10209
      35.73970      24.10077
      35.74990      24.09947
      35.76010      24.09820
      35.77020      24.09698
      35.78040      24.09578
      35.79060      24.09461
      35.80070      24.09349
      35.81090      24.09238
      35.82110      24.09130
      35.83120      24.09026
      35.84140      24.08923
      35.85160      24.08823
      35.86170      24.08727
      35.87190      24.08632
      35.88200      24.08540
      35.89220      24.08450
      35.90240      24.08361
      35.91250      24.08276
      35.92270      24.08192
      35.93290      24.08110
      35.94300      24.08031
      35.95320      24.07952
      35.96340      24.07876
      35.97350      24.07802
      35.98370      24.07729
      35.99390      24.07658
