! TITLE: Yobs                                                                                                                                                                                                                                                            
! Peak:  3
       6.00860      20.00000
       6.01870      20.00000
       6.02890      20.00000
       6.03910      20.00000
       6.04920      20.00000
       6.05940      20.00000
       6.06960      20.00000
       6.07970      20.00000
       6.08990      20.00000
       6.10010      20.00000
       6.11020      20.00000
       6.12040      20.00000
       6.13060      20.00000
       6.14070      20.00000
       6.15090      20.00000
       6.16110      20.00000
       6.17120      20.00000
       6.18140      20.00000
       6.19150      20.00000
       6.20170      20.00000
       6.21190      20.00000
       6.22200      20.00000
       6.23220      20.00000
       6.24240      20.00000
       6.25250      20.00000
       6.26270      20.00000
       6.27290      20.00000
       6.28300      20.00000
       6.29320      20.00000
       6.30340      20.00000
       6.31350      20.00000
       6.32370      20.00000
       6.33380      20.00000
       6.34400      20.00000
       6.35420      20.00000
       6.36430      20.00000
       6.37450      20.00000
       6.38470      20.00000
       6.39480      20.00000
       6.40500      20.00000
       6.41520      20.00000
       6.42530      20.00000
       6.43550      20.00000
       6.44570      20.00000
       6.45580      20.00000
       6.46600      20.00000
       6.47620      20.00000
       6.48630      20.00000
       6.49650      20.00000
       6.50660      20.00000
       6.51680      20.00000
       6.52700      20.00000
       6.53710      20.00000
       6.54730      20.00000
       6.55750      20.00000
       6.56760      20.00000
       6.57780      20.00000
       6.58800      20.00000
       6.59810      20.00000
       6.60830      20.00000
       6.61850      20.00000
       6.62860      20.00000
       6.63880      20.00000
       6.64890      20.00000
       6.65910      20.00000
       6.66930      20.00000
       6.67940      20.00000
       6.68960      20.00000
       6.69980      20.00000
       6.70990      20.00000
       6.72010      20.00000
       6.73030      20.00000
       6.74040      20.00000
       6.75060      20.00000
       6.76080      20.00000
       6.77090      20.00000
       6.78110      20.00000
       6.79130      20.00000
       6.80140      20.00000
       6.81160      20.00000
       6.82170      20.00000
       6.83190      20.00000
       6.84210      20.00000
       6.85220      20.00000
       6.86240      20.00000
       6.87260      20.00000
       6.88270      20.00000
       6.89290      20.00000
       6.90310      20.00000
       6.91320      20.00000
       6.92340      20.00000
       6.93360      20.00000
       6.94370      20.00000
       6.95390      20.00000
       6.96400      20.00000
       6.97420      20.00000
       6.98440      20.00000
       6.99450      20.00000
       7.00470      20.00000
       7.01490      20.00000
       7.02500      20.00000
       7.03520      20.00000
       7.04540      20.00000
       7.05550      20.00000
       7.06570      20.00000
       7.07590      20.00000
       7.08600      20.00000
       7.09620      20.00000
       7.10640      20.00000
       7.11650      20.00000
       7.12670      20.00000
       7.13680      20.00000
       7.14700      20.00000
       7.15720      20.00000
       7.16730      20.00000
       7.17750      20.00000
       7.18770      20.00000
       7.19780      20.00000
       7.20800      20.00000
       7.21820      20.00000
       7.22830      20.00000
       7.23850      20.00000
       7.24870      20.00000
       7.25880      20.00000
       7.26900      20.00000
       7.27910      20.00000
       7.28930      20.00000
       7.29950      20.00000
       7.30960      20.00000
       7.31980      20.00000
       7.33000      20.00000
       7.34010      20.00000
       7.35030      20.00000
       7.36050      20.00000
       7.37060      20.00000
       7.38080      20.00000
       7.39100      20.00000
       7.40110      20.00000
       7.41130      20.00000
       7.42150      20.00000
       7.43160      20.00000
       7.44180      20.00000
       7.45190      20.00000
       7.46210      20.00000
       7.47230      20.00000
       7.48240      20.00000
       7.49260      20.00000
       7.50280      20.00000
       7.51290      20.00000
       7.52310      20.00000
       7.53330      20.00000
       7.54340      20.00000
       7.55360      20.00000
       7.56380      20.00000
       7.57390      20.00000
       7.58410      20.00000
       7.59420      20.00000
       7.60440      20.00000
       7.61460      20.00000
       7.62470      20.00000
       7.63490      20.00000
       7.64510      20.00000
       7.65520      20.00000
       7.66540      20.00000
       7.67560      20.00000
       7.68570      20.00000
       7.69590      20.00000
       7.70610      20.00000
       7.71620      20.00000
       7.72640      20.00000
       7.73650      20.00000
       7.74670      20.00000
       7.75690      20.00000
       7.76700      20.00000
       7.77720      20.00000
       7.78740      20.00000
       7.79750      20.00000
       7.80770      20.00000
       7.81790      20.00000
       7.82800      20.00000
       7.83820      20.00000
       7.84840      20.00000
       7.85850      20.00000
       7.86870      20.00000
       7.87890      20.00000
       7.88900      20.00000
       7.89920      20.00000
       7.90930      20.00000
       7.91950      20.00000
       7.92970      20.00000
       7.93980      20.00000
       7.95000      20.00000
       7.96020      20.00000
       7.97030      20.00000
       7.98050      20.00000
       7.99070      20.00000
       8.00080      20.00000
       8.01100      20.00000
       8.02120      20.00000
       8.03130      20.00000
       8.04150      20.00000
       8.05160      20.00000
       8.06180      20.00000
       8.07200      20.00000
       8.08210      20.00000
       8.09230      20.00000
       8.10250      20.00000
       8.11260      20.00000
       8.12280      20.00000
       8.13300      20.00000
       8.14310      20.00000
       8.15330      20.00000
       8.16350      20.00000
       8.17360      20.00000
       8.18380      20.00000
       8.19400      20.00000
       8.20410      20.00000
       8.21430      20.00000
       8.22440      20.00000
       8.23460      20.00000
       8.24480      20.00000
       8.25490      20.00000
       8.26510      20.00000
       8.27530      20.00000
       8.28540      20.00000
       8.29560      20.00000
       8.30580      20.00000
       8.31590      20.00000
       8.32610      20.00000
       8.33630      20.00000
       8.34640      20.00000
       8.35660      20.00000
       8.36670      20.00000
       8.37690      20.00000
       8.38710      20.00000
       8.39720      20.00000
       8.40740      20.00000
       8.41760      20.00000
       8.42770      20.00000
       8.43790      20.00000
       8.44810      20.00000
       8.45820      20.00000
       8.46840      20.00000
       8.47860      20.00000
       8.48870      20.00000
       8.49890      20.00000
       8.50910      20.00000
       8.51920      20.00000
       8.52940      20.00000
       8.53950      20.00000
       8.54970      20.00000
       8.55990      20.00000
       8.57000      20.00000
       8.58020      20.00000
       8.59040      20.00000
       8.60050      20.00000
       8.61070      20.00000
       8.62090      20.00000
       8.63100      20.00000
       8.64120      20.00000
       8.65140      20.00000
       8.66150      20.00000
       8.67170      20.00000
       8.68180      20.00000
       8.69200      20.00000
       8.70220      20.00000
       8.71230      20.00000
       8.72250      20.00000
       8.73270      20.00000
       8.74280      20.00000
       8.75300      20.00000
       8.76320      20.00000
       8.77330      20.00000
       8.78350      20.00000
       8.79370      20.00000
       8.80380      20.00000
       8.81400      20.00000
       8.82420      20.00000
       8.83430      20.00000
       8.84450      20.00000
       8.85460      20.00000
       8.86480      20.00000
       8.87500      20.00000
       8.88510      20.00000
       8.89530      20.00000
       8.90550      20.00000
       8.91560      20.00000
       8.92580      20.00000
       8.93600      20.00000
       8.94610      20.00000
       8.95630      20.00000
       8.96650      20.00000
       8.97660      20.00000
       8.98680      20.00000
       8.99690      20.00000
       9.00710      20.00000
       9.01730      20.00000
       9.02740      20.00000
       9.03760      20.00000
       9.04780      20.00000
       9.05790      20.00000
       9.06810      20.00000
       9.07830      20.00000
       9.08840      20.00000
       9.09860      20.00000
       9.10880      20.00000
       9.11890      20.00000
       9.12910      20.00000
       9.13930      20.00000
       9.14940      20.00000
       9.15960      20.00000
       9.16970      20.00000
       9.17990      20.00000
       9.19010      20.00000
       9.20020      20.00000
       9.21040      20.00000
       9.22060      20.00000
       9.23070      20.00000
       9.24090      20.00000
       9.25110      20.00000
       9.26120      20.00000
       9.27140      20.00000
       9.28160      20.00000
       9.29170      20.00000
       9.30190      20.00000
       9.31200      20.00000
       9.32220      20.00000
       9.33240      20.00000
       9.34250      20.00000
       9.35270      20.00000
       9.36290      20.00000
       9.37300      20.00000
       9.38320      20.00000
       9.39340      20.00000
       9.40350      20.00000
       9.41370      20.00000
       9.42390      20.00000
       9.43400      20.00000
       9.44420      20.00000
       9.45440      20.00000
       9.46450      20.00000
       9.47470      20.00000
       9.48480      20.00000
       9.49500      20.00000
       9.50520      20.00000
       9.51530      20.00000
       9.52550      20.00000
       9.53570      20.00000
       9.54580      20.00000
       9.55600      20.00000
       9.56620      20.00000
       9.57630      20.00000
       9.58650      20.00000
       9.59670      20.00000
       9.60680      20.00000
       9.61700      20.00000
       9.62710      20.00000
       9.63730      20.00000
       9.64750      20.00000
       9.65760      20.00000
       9.66780      20.00000
       9.67800      20.00000
       9.68810      20.00000
       9.69830      20.00000
       9.70850      20.00000
       9.71860      20.00000
       9.72880      20.00000
       9.73900      20.00000
       9.74910      20.00000
       9.75930      20.00000
       9.76940      20.00000
       9.77960      20.00000
       9.78980      20.00000
       9.79990      20.00000
       9.81010      20.00000
       9.82030      20.00000
       9.83040      20.00000
       9.84060      20.00000
       9.85080      20.00000
       9.86090      20.00000
       9.87110      20.00000
       9.88130      20.00000
       9.89140      20.00000
       9.90160      20.00000
       9.91180      20.00000
       9.92190      20.00000
       9.93210      20.00000
       9.94220      20.00000
       9.95240      20.00000
       9.96260      20.06798
       9.97270      20.06809
       9.98290      20.06820
       9.99310      20.06831
      10.00320      20.06842
      10.01340      20.06853
      10.02360      20.06865
      10.03370      20.06876
      10.04390      20.06887
      10.05410      20.06898
      10.06420      20.06910
      10.07440      20.06921
      10.08450      20.06932
      10.09470      20.06944
      10.10490      20.06955
      10.11500      20.06966
      10.12520      20.06978
      10.13540      20.06989
      10.14550      20.07001
      10.15570      20.07012
      10.16590      20.07024
      10.17600      20.07035
      10.18620      20.07047
      10.19640      20.07059
      10.20650      20.07070
      10.21670      20.07082
      10.22690      20.07094
      10.23700      20.07105
      10.24720      20.07117
      10.25730      20.07129
      10.26750      20.07141
      10.27770      20.07153
      10.28780      20.07164
      10.29800      20.07176
      10.30820      20.07188
      10.31830      20.07200
      10.32850      20.07212
      10.33870      20.07224
      10.34880      20.07236
      10.35900      20.07248
      10.36920      20.07261
      10.37930      20.07273
      10.38950      20.07285
      10.39960      20.07297
      10.40980      20.07310
      10.42000      20.07322
      10.43010      20.07334
      10.44030      20.07346
      10.45050      20.07359
      10.46060      20.07371
      10.47080      20.07384
      10.48100      20.07396
      10.49110      20.07409
      10.50130      20.07421
      10.51150      20.07434
      10.52160      20.07446
      10.53180      20.07459
      10.54200      20.07472
      10.55210      20.07484
      10.56230      20.07497
      10.57240      20.07510
      10.58260      20.07523
      10.59280      20.07535
      10.60290      20.07548
      10.61310      20.07561
      10.62330      20.07574
      10.63340      20.07587
      10.64360      20.07600
      10.65380      20.07613
      10.66390      20.07626
      10.67410      20.07639
      10.68430      20.07652
      10.69440      20.07665
      10.70460      20.07679
      10.71470      20.07692
      10.72490      20.07705
      10.73510      20.07718
      10.74520      20.07732
      10.75540      20.07745
      10.76560      20.07759
      10.77570      20.07772
      10.78590      20.07785
      10.79610      20.07799
      10.80620      20.07813
      10.81640      20.07826
      10.82660      20.07840
      10.83670      20.07853
      10.84690      20.07867
      10.85710      20.07881
      10.86720      20.07894
      10.87740      20.07908
      10.88750      20.07922
      10.89770      20.07936
      10.90790      20.07950
      10.91800      20.07964
      10.92820      20.07978
      10.93840      20.07992
      10.94850      20.08006
      10.95870      20.08020
      10.96890      20.08034
      10.97900      20.08048
      10.98920      20.08062
      10.99940      20.08077
      11.00950      20.08091
      11.01970      20.08105
      11.02980      20.08119
      11.04000      20.08134
      11.05020      20.08148
      11.06030      20.08163
      11.07050      20.08177
      11.08070      20.08192
      11.09080      20.08206
      11.10100      20.08221
      11.11120      20.08236
      11.12130      20.08250
      11.13150      20.08265
      11.14170      20.08280
      11.15180      20.08294
      11.16200      20.08309
      11.17220      20.08324
      11.18230      20.08339
      11.19250      20.08354
      11.20260      20.08369
      11.21280      20.08384
      11.22300      20.08399
      11.23310      20.08414
      11.24330      20.08430
      11.25350      20.08445
      11.26360      20.08460
      11.27380      20.08475
      11.28400      20.08491
      11.29410      20.08506
      11.30430      20.08521
      11.31450      20.08537
      11.32460      20.08553
      11.33480      20.08568
      11.34490      20.08584
      11.35510      20.08599
      11.36530      20.08615
      11.37540      20.08631
      11.38560      20.08646
      11.39580      20.08662
      11.40590      20.08678
      11.41610      20.08694
      11.42630      20.08710
      11.43640      20.08726
      11.44660      20.08742
      11.45680      20.08758
      11.46690      20.08774
      11.47710      20.08790
      11.48730      20.08806
      11.49740      20.08823
      11.50760      20.08839
      11.51770      20.08855
      11.52790      20.08872
      11.53810      20.08888
      11.54820      20.08904
      11.55840      20.08921
      11.56860      20.08938
      11.57870      20.08954
      11.58890      20.08971
      11.59910      20.08988
      11.60920      20.09004
      11.61940      20.09021
      11.62960      20.09038
      11.63970      20.09055
      11.64990      20.09072
      11.66000      20.09089
      11.67020      20.09106
      11.68040      20.09123
      11.69050      20.09140
      11.70070      20.09157
      11.71090      20.09175
      11.72100      20.09192
      11.73120      20.09209
      11.74140      20.09226
      11.75150      20.09244
      11.76170      20.09261
      11.77190      20.09279
      11.78200      20.09296
      11.79220      20.09314
      11.80230      20.09332
      11.81250      20.09349
      11.82270      20.09367
      11.83280      20.09385
      11.84300      20.09403
      11.85320      20.09421
      11.86330      20.09439
      11.87350      20.09457
      11.88370      20.09475
      11.89380      20.09493
      11.90400      20.09511
      11.91420      20.09529
      11.92430      20.09548
      11.93450      20.09566
      11.94470      20.09584
      11.95480      20.09603
      11.96500      20.09621
      11.97510      20.09640
      11.98530      20.09658
      11.99550      20.09677
      12.00560      20.09696
      12.01580      20.09715
      12.02600      20.09733
      12.03610      20.09752
      12.04630      20.09771
      12.05650      20.09790
      12.06660      20.09809
      12.07680      20.09828
      12.08700      20.09847
      12.09710      20.09867
      12.10730      20.09886
      12.11740      20.09905
      12.12760      20.09925
      12.13780      20.09944
      12.14790      20.09963
      12.15810      20.09983
      12.16830      20.10003
      12.17840      20.10022
      12.18860      20.10042
      12.19880      20.10062
      12.20890      20.10082
      12.21910      20.10102
      12.22930      20.10122
      12.23940      20.10141
      12.24960      20.10162
      12.25980      20.10182
      12.26990      20.10202
      12.28010      20.10222
      12.29020      20.10242
      12.30040      20.10263
      12.31060      20.10283
      12.32070      20.10304
      12.33090      20.10324
      12.34110      20.10345
      12.35120      20.10365
      12.36140      20.10386
      12.37160      20.10407
      12.38170      20.10428
      12.39190      20.10449
      12.40210      20.10470
      12.41220      20.10491
      12.42240      20.10512
      12.43250      20.10533
      12.44270      20.10555
      12.45290      20.10576
      12.46300      20.10597
      12.47320      20.10619
      12.48340      20.10640
      12.49350      20.10662
      12.50370      20.10683
      12.51390      20.10705
      12.52400      20.10727
      12.53420      20.10749
      12.54440      20.10771
      12.55450      20.10793
      12.56470      20.10815
      12.57490      20.10837
      12.58500      20.10859
      12.59520      20.10881
      12.60530      20.10903
      12.61550      20.10926
      12.62570      20.10948
      12.63580      20.10971
      12.64600      20.10993
      12.65620      20.11016
      12.66630      20.11039
      12.67650      20.11061
      12.68670      20.11084
      12.69680      20.11107
      12.70700      20.11130
      12.71720      20.11153
      12.72730      20.11176
      12.73750      20.11200
      12.74760      20.11223
      12.75780      20.11246
      12.76800      20.11270
      12.77810      20.11293
      12.78830      20.11317
      12.79850      20.11341
      12.80860      20.11364
      12.81880      20.11388
      12.82900      20.11412
      12.83910      20.11436
      12.84930      20.11460
      12.85950      20.11484
      12.86960      20.11508
      12.87980      20.11533
      12.89000      20.11557
      12.90010      20.11581
      12.91030      20.11606
      12.92040      20.11630
      12.93060      20.11655
      12.94080      20.11680
      12.95090      20.11704
      12.96110      20.11729
      12.97130      20.11755
      12.98140      20.11779
      12.99160      20.11805
      13.00180      20.11830
      13.01190      20.11855
      13.02210      20.11880
      13.03230      20.11906
      13.04240      20.11931
      13.05260      20.11957
      13.06270      20.11983
      13.07290      20.12008
      13.08310      20.12034
      13.09320      20.12060
      13.10340      20.12086
      13.11360      20.12113
      13.12370      20.12139
      13.13390      20.12165
      13.14410      20.12191
      13.15420      20.12218
      13.16440      20.12244
      13.17460      20.12271
      13.18470      20.12298
      13.19490      20.12325
      13.20510      20.12351
      13.21520      20.12378
      13.22540      20.12405
      13.23550      20.12432
      13.24570      20.12460
      13.25590      20.12487
      13.26600      20.12514
      13.27620      20.12542
      13.28640      20.12570
      13.29650      20.12597
      13.30670      20.12625
      13.31690      20.12653
      13.32700      20.12681
      13.33720      20.12709
      13.34740      20.12737
      13.35750      20.12765
      13.36770      20.12794
      13.37780      20.12822
      13.38800      20.12851
      13.39820      20.12879
      13.40830      20.12908
      13.41850      20.12937
      13.42870      20.12966
      13.43880      20.12995
      13.44900      20.13024
      13.45920      20.13053
      13.46930      20.13082
      13.47950      20.13112
      13.48970      20.13141
      13.49980      20.13171
      13.51000      20.13201
      13.52010      20.13230
      13.53030      20.13260
      13.54050      20.13290
      13.55060      20.13320
      13.56080      20.13351
      13.57100      20.13381
      13.58110      20.13411
      13.59130      20.13442
      13.60150      20.13473
      13.61160      20.13503
      13.62180      20.13534
      13.63200      20.13565
      13.64210      20.13596
      13.65230      20.13627
      13.66250      20.13659
      13.67260      20.13690
      13.68280      20.13721
      13.69290      20.13753
      13.70310      20.13785
      13.71330      20.13817
      13.72340      20.13848
      13.73360      20.13880
      13.74380      20.13913
      13.75390      20.13945
      13.76410      20.13977
      13.77430      20.14010
      13.78440      20.14042
      13.79460      20.14075
      13.80480      20.14108
      13.81490      20.14141
      13.82510      20.14174
      13.83520      20.14207
      13.84540      20.14240
      13.85560      20.14274
      13.86570      20.14307
      13.87590      20.14341
      13.88610      20.14375
      13.89620      20.14408
      13.90640      20.14442
      13.91660      20.14476
      13.92670      20.14511
      13.93690      20.14545
      13.94710      20.14580
      13.95720      20.14614
      13.96740      20.14649
      13.97760      20.14684
      13.98770      20.14718
      13.99790      20.14754
      14.00800      20.14789
      14.01820      20.14824
      14.02840      20.14860
      14.03850      20.14895
      14.04870      20.14931
      14.05890      20.14967
      14.06900      20.15003
      14.07920      20.15039
      14.08940      20.15075
      14.09950      20.15111
      14.10970      20.15148
      14.11990      20.15185
      14.13000      20.15221
      14.14020      20.15258
      14.15030      20.15295
      14.16050      20.15332
      14.17070      20.15370
      14.18080      20.15407
      14.19100      20.15445
      14.20120      20.15483
      14.21130      20.15520
      14.22150      20.15558
      14.23170      20.15597
      14.24180      20.15635
      14.25200      20.15673
      14.26220      20.15712
      14.27230      20.15750
      14.28250      20.15789
      14.29270      20.15828
      14.30280      20.15867
      14.31300      20.15907
      14.32310      20.15946
      14.33330      20.15985
      14.34350      20.16025
      14.35360      20.16065
      14.36380      20.16105
      14.37400      20.16145
      14.38410      20.16185
      14.39430      20.16226
      14.40450      20.16267
      14.41460      20.16307
      14.42480      20.16348
      14.43500      20.16390
      14.44510      20.16430
      14.45530      20.16472
      14.46540      20.16513
      14.47560      20.16555
      14.48580      20.16597
      14.49590      20.16639
      14.50610      20.16681
      14.51630      20.16724
      14.52640      20.16766
      14.53660      20.16809
      14.54680      20.16852
      14.55690      20.16894
      14.56710      20.16938
      14.57730      20.16981
      14.58740      20.17024
      14.59760      20.17068
      14.60780      20.17112
      14.61790      20.17156
      14.62810      20.17200
      14.63820      20.17244
      14.64840      20.17289
      14.65860      20.17334
      14.66870      20.17378
      14.67890      20.17423
      14.68910      20.17469
      14.69920      20.17514
      14.70940      20.17559
      14.71960      20.17605
      14.72970      20.17651
      14.73990      20.17697
      14.75010      20.17743
      14.76020      20.17790
      14.77040      20.17836
      14.78050      20.17883
      14.79070      20.17930
      14.80090      20.17978
      14.81100      20.18024
      14.82120      20.18072
      14.83140      20.18120
      14.84150      20.18168
      14.85170      20.18216
      14.86190      20.18264
      14.87200      20.18313
      14.88220      20.18361
      14.89240      20.18410
      14.90250      20.18459
      14.91270      20.18509
      14.92290      20.18558
      14.93300      20.18608
      14.94320      20.18658
      14.95330      20.18707
      14.96350      20.18758
      14.97370      20.18809
      14.98380      20.18859
      14.99400      20.18910
      15.00420      20.18961
      15.01430      20.19012
      15.02450      20.19064
      15.03470      20.19116
      15.04480      20.19167
      15.05500      20.19220
      15.06520      20.19272
      15.07530      20.19324
      15.08550      20.19377
      15.09560      20.19430
      15.10580      20.19483
      15.11600      20.19537
      15.12610      20.19590
      15.13630      20.19644
      15.14650      20.19699
      15.15660      20.19753
      15.16680      20.19807
      15.17700      20.19862
      15.18710      20.19917
      15.19730      20.19972
      15.20750      20.20028
      15.21760      20.20083
      15.22780      20.20139
      15.23800      20.20196
      15.24810      20.20252
      15.25830      20.20308
      15.26840      20.20365
      15.27860      20.20422
      15.28880      20.20480
      15.29890      20.20537
      15.30910      20.20595
      15.31930      20.20653
      15.32940      20.20711
      15.33960      20.20770
      15.34980      20.20829
      15.35990      20.20888
      15.37010      20.20947
      15.38030      20.21007
      15.39040      20.21066
      15.40060      20.21127
      15.41070      20.21186
      15.42090      20.21247
      15.43110      20.21308
      15.44120      20.21369
      15.45140      20.21431
      15.46160      20.21492
      15.47170      20.21554
      15.48190      20.21616
      15.49210      20.21679
      15.50220      20.21741
      15.51240      20.21804
      15.52260      20.21868
      15.53270      20.21931
      15.54290      20.21995
      15.55300      20.22059
      15.56320      20.22123
      15.57340      20.22188
      15.58350      20.22253
      15.59370      20.22318
      15.60390      20.22384
      15.61400      20.22449
      15.62420      20.22515
      15.63440      20.22582
      15.64450      20.22648
      15.65470      20.22715
      15.66490      20.22783
      15.67500      20.22850
      15.68520      20.22918
      15.69540      20.22986
      15.70550      20.23054
      15.71570      20.23123
      15.72580      20.23192
      15.73600      20.23261
      15.74620      20.23331
      15.75630      20.23401
      15.76650      20.23472
      15.77670      20.23542
      15.78680      20.23613
      15.79700      20.23684
      15.80720      20.23756
      15.81730      20.23828
      15.82750      20.23900
      15.83770      20.23973
      15.84780      20.24045
      15.85800      20.24119
      15.86810      20.24192
      15.87830      20.24266
      15.88850      20.24341
      15.89860      20.24415
      15.90880      20.24490
      15.91900      20.24565
      15.92910      20.24640
      15.93930      20.24717
      15.94950      20.24793
      15.95960      20.24870
      15.96980      20.24947
      15.98000      20.25024
      15.99010      20.25102
      16.00030      20.25180
      16.01050      20.25259
      16.02060      20.25337
      16.03080      20.25417
      16.04090      20.25496
      16.05110      20.25576
      16.06130      20.25656
      16.07140      20.25737
      16.08160      20.25818
      16.09180      20.25900
      16.10190      20.25981
      16.11210      20.26064
      16.12230      20.26146
      16.13240      20.26229
      16.14260      20.26313
      16.15280      20.26397
      16.16290      20.26480
      16.17310      20.26565
      16.18320      20.26650
      16.19340      20.26735
      16.20360      20.26822
      16.21370      20.26907
      16.22390      20.26994
      16.23410      20.27081
      16.24420      20.27168
      16.25440      20.27257
      16.26460      20.27345
      16.27470      20.27434
      16.28490      20.27523
      16.29510      20.27613
      16.30520      20.27703
      16.31540      20.27793
      16.32560      20.27885
      16.33570      20.27975
      16.34590      20.28068
      16.35600      20.28160
      16.36620      20.28253
      16.37640      20.28346
      16.38650      20.28439
      16.39670      20.28534
      16.40690      20.28629
      16.41700      20.28723
      16.42720      20.28819
      16.43740      20.28915
      16.44750      20.29011
      16.45770      20.29109
      16.46790      20.29206
      16.47800      20.29304
      16.48820      20.29403
      16.49830      20.29501
      16.50850      20.29601
      16.51870      20.29701
      16.52880      20.29801
      16.53900      20.29902
      16.54920      20.30004
      16.55930      20.30105
      16.56950      20.30208
      16.57970      20.30312
      16.58980      20.30415
      16.60000      20.30519
      16.61020      20.30624
      16.62030      20.30729
      16.63050      20.30835
      16.64070      20.30941
      16.65080      20.31048
      16.66100      20.31155
      16.67110      20.31263
      16.68130      20.31371
      16.69150      20.31481
      16.70160      20.31590
      16.71180      20.31700
      16.72200      20.31812
      16.73210      20.31922
      16.74230      20.32034
      16.75250      20.32147
      16.76260      20.32260
      16.77280      20.32374
      16.78300      20.32489
      16.79310      20.32603
      16.80330      20.32719
      16.81340      20.32834
      16.82360      20.32951
      16.83380      20.33069
      16.84390      20.33186
      16.85410      20.33305
      16.86430      20.33425
      16.87440      20.33544
      16.88460      20.33665
      16.89480      20.33787
      16.90490      20.33908
      16.91510      20.34031
      16.92530      20.34155
      16.93540      20.34278
      16.94560      20.34403
      16.95580      20.34528
      16.96590      20.34653
      16.97610      20.34780
      16.98620      20.34907
      16.99640      20.35035
      17.00660      20.35164
      17.01670      20.35293
      17.02690      20.35423
      17.03710      20.35555
      17.04720      20.35685
      17.05740      20.35818
      17.06760      20.35952
      17.07770      20.36084
      17.08790      20.36219
      17.09810      20.36355
      17.10820      20.36490
      17.11840      20.36627
      17.12850      20.36764
      17.13870      20.36903
      17.14890      20.37042
      17.15900      20.37181
      17.16920      20.37323
      17.17940      20.37465
      17.18950      20.37606
      17.19970      20.37749
      17.20990      20.37894
      17.22000      20.38037
      17.23020      20.38184
      17.24040      20.38330
      17.25050      20.38477
      17.26070      20.38625
      17.27090      20.38775
      17.28100      20.38923
      17.29120      20.39075
      17.30130      20.39225
      17.31150      20.39378
      17.32170      20.39532
      17.33180      20.39685
      17.34200      20.39841
      17.35220      20.39997
      17.36230      20.40153
      17.37250      20.40311
      17.38270      20.40471
      17.39280      20.40629
      17.40300      20.40791
      17.41320      20.40953
      17.42330      20.41114
      17.43350      20.41278
      17.44360      20.41442
      17.45380      20.41608
      17.46400      20.41775
      17.47410      20.41941
      17.48430      20.42110
      17.49450      20.42280
      17.50460      20.42450
      17.51480      20.42622
      17.52500      20.42795
      17.53510      20.42967
      17.54530      20.43143
      17.55550      20.43319
      17.56560      20.43494
      17.57580      20.43673
      17.58590      20.43851
      17.59610      20.44032
      17.60630      20.44213
      17.61640      20.44394
      17.62660      20.44578
      17.63680      20.44764
      17.64690      20.44948
      17.65710      20.45135
      17.66730      20.45324
      17.67740      20.45512
      17.68760      20.45703
      17.69780      20.45895
      17.70790      20.46087
      17.71810      20.46281
      17.72830      20.46477
      17.73840      20.46672
      17.74860      20.46871
      17.75870      20.47069
      17.76890      20.47269
      17.77910      20.47472
      17.78920      20.47673
      17.79940      20.47878
      17.80960      20.48084
      17.81970      20.48289
      17.82990      20.48498
      17.84010      20.48708
      17.85020      20.48917
      17.86040      20.49130
      17.87060      20.49344
      17.88070      20.49557
      17.89090      20.49775
      17.90100      20.49991
      17.91120      20.50211
      17.92140      20.50432
      17.93150      20.50652
      17.94170      20.50876
      17.95190      20.51102
      17.96200      20.51327
      17.97220      20.51556
      17.98240      20.51786
      17.99250      20.52015
      18.00270      20.52249
      18.01290      20.52483
      18.02300      20.52717
      18.03320      20.52955
      18.04340      20.53195
      18.05350      20.53434
      18.06370      20.53677
      18.07380      20.53919
      18.08400      20.54165
      18.09420      20.54413
      18.10430      20.54660
      18.11450      20.54911
      18.12470      20.55164
      18.13480      20.55416
      18.14500      20.55672
      18.15520      20.55931
      18.16530      20.56188
      18.17550      20.56450
      18.18570      20.56713
      18.19580      20.56976
      18.20600      20.57243
      18.21610      20.57510
      18.22630      20.57781
      18.23650      20.58054
      18.24660      20.58326
      18.25680      20.58603
      18.26700      20.58882
      18.27710      20.59160
      18.28730      20.59442
      18.29750      20.59727
      18.30760      20.60011
      18.31780      20.60300
      18.32800      20.60591
      18.33810      20.60881
      18.34830      20.61176
      18.35850      20.61473
      18.36860      20.61770
      18.37880      20.62071
      18.38890      20.62372
      18.39910      20.62678
      18.40930      20.62986
      18.41940      20.63294
      18.42960      20.63607
      18.43980      20.63922
      18.44990      20.64236
      18.46010      20.64556
      18.47030      20.64878
      18.48040      20.65199
      18.49060      20.65526
      18.50080      20.65855
      18.51090      20.66184
      18.52110      20.66518
      18.53120      20.66852
      18.54140      20.67192
      18.55160      20.67533
      18.56170      20.67875
      18.57190      20.68222
      18.58210      20.68572
      18.59220      20.68921
      18.60240      20.69276
      18.61260      20.69634
      18.62270      20.69991
      18.63290      20.70354
      18.64310      20.70721
      18.65320      20.71086
      18.66340      20.71458
      18.67360      20.71833
      18.68370      20.72207
      18.69390      20.72588
      18.70400      20.72968
      18.71420      20.73355
      18.72440      20.73745
      18.73450      20.74134
      18.74470      20.74530
      18.75490      20.74929
      18.76500      20.75328
      18.77520      20.75733
      18.78540      20.76142
      18.79550      20.76550
      18.80570      20.76966
      18.81590      20.77385
      18.82600      20.77803
      18.83620      20.78228
      18.84630      20.78653
      18.85650      20.79086
      18.86670      20.79522
      18.87680      20.79958
      18.88700      20.80401
      18.89720      20.80848
      18.90730      20.81295
      18.91750      20.81749
      18.92770      20.82207
      18.93780      20.82665
      18.94800      20.83131
      18.95820      20.83601
      18.96830      20.84070
      18.97850      20.84548
      18.98870      20.85030
      18.99880      20.85511
      19.00900      20.86001
      19.01910      20.86491
      19.02930      20.86989
      19.03950      20.87492
      19.04960      20.87994
      19.05980      20.88506
      19.07000      20.89021
      19.08010      20.89537
      19.09030      20.90062
      19.10050      20.90591
      19.11060      20.91120
      19.12080      20.91659
      19.13100      20.92203
      19.14110      20.92746
      19.15130      20.93299
      19.16140      20.93852
      19.17160      20.94415
      19.18180      20.94983
      19.19190      20.95551
      19.20210      20.96129
      19.21230      20.96712
      19.22240      20.97296
      19.23260      20.97890
      19.24280      20.98489
      19.25290      20.99088
      19.26310      20.99699
      19.27330      21.00315
      19.28340      21.00931
      19.29360      21.01558
      19.30380      21.02192
      19.31390      21.02825
      19.32410      21.03470
      19.33420      21.04115
      19.34440      21.04772
      19.35460      21.05436
      19.36470      21.06099
      19.37490      21.06775
      19.38510      21.07457
      19.39520      21.08140
      19.40540      21.08835
      19.41560      21.09537
      19.42570      21.10239
      19.43590      21.10955
      19.44610      21.11677
      19.45620      21.12400
      19.46640      21.13136
      19.47650      21.13873
      19.48670      21.14624
      19.49690      21.15383
      19.50700      21.16141
      19.51720      21.16915
      19.52740      21.17696
      19.53750      21.18477
      19.54770      21.19274
      19.55790      21.20078
      19.56800      21.20883
      19.57820      21.21704
      19.58840      21.22533
      19.59850      21.23363
      19.60870      21.24209
      19.61880      21.25055
      19.62900      21.25919
      19.63920      21.26791
      19.64930      21.27663
      19.65950      21.28554
      19.66970      21.29453
      19.67980      21.30354
      19.69000      21.31272
      19.70020      21.32200
      19.71030      21.33129
      19.72050      21.34076
      19.73070      21.35034
      19.74080      21.35992
      19.75100      21.36970
      19.76120      21.37959
      19.77130      21.38948
      19.78150      21.39958
      19.79160      21.40968
      19.80180      21.42000
      19.81200      21.43043
      19.82210      21.44087
      19.83230      21.45153
      19.84250      21.46230
      19.85260      21.47309
      19.86280      21.48410
      19.87300      21.49524
      19.88310      21.50639
      19.89330      21.51777
      19.90350      21.52928
      19.91360      21.54081
      19.92380      21.55258
      19.93390      21.56438
      19.94410      21.57642
      19.95430      21.58860
      19.96440      21.60079
      19.97460      21.61325
      19.98480      21.62586
      19.99490      21.63848
      20.00510      21.65138
      20.01530      21.66443
      20.02540      21.67750
      20.03560      21.69085
      20.04580      21.70436
      20.05590      21.71791
      20.06610      21.73174
      20.07630      21.74574
      20.08640      21.75977
      20.09660      21.77410
      20.10670      21.78847
      20.11690      21.80316
      20.12710      21.81802
      20.13720      21.83292
      20.14740      21.84815
      20.15760      21.86357
      20.16770      21.87902
      20.17790      21.89482
      20.18810      21.91082
      20.19820      21.92685
      20.20840      21.94325
      20.21860      21.95986
      20.22870      21.97651
      20.23890      21.99354
      20.24900      22.01061
      20.25920      22.02808
      20.26940      22.04577
      20.27950      22.06351
      20.28970      22.08166
      20.29990      22.10005
      20.31000      22.11850
      20.32020      22.13737
      20.33040      22.15649
      20.34050      22.17567
      20.35070      22.19531
      20.36090      22.21520
      20.37100      22.23517
      20.38120      22.25560
      20.39140      22.27631
      20.40150      22.29710
      20.41170      22.31837
      20.42180      22.33974
      20.43200      22.36160
      20.44220      22.38378
      20.45230      22.40604
      20.46250      22.42884
      20.47270      22.45197
      20.48280      22.47519
      20.49300      22.49897
      20.50320      22.52310
      20.51330      22.54733
      20.52350      22.57216
      20.53370      22.59736
      20.54380      22.62267
      20.55400      22.64861
      20.56410      22.67468
      20.57430      22.70141
      20.58450      22.72853
      20.59460      22.75580
      20.60480      22.78376
      20.61500      22.81215
      20.62510      22.84070
      20.63530      22.86999
      20.64550      22.89974
      20.65560      22.92967
      20.66580      22.96038
      20.67600      22.99159
      20.68610      23.02299
      20.69630      23.05523
      20.70650      23.08801
      20.71660      23.12102
      20.72680      23.15491
      20.73690      23.18905
      20.74710      23.22413
      20.75730      23.25981
      20.76740      23.29578
      20.77760      23.33275
      20.78780      23.37040
      20.79790      23.40836
      20.80810      23.44741
      20.81830      23.48720
      20.82840      23.52734
      20.83860      23.56867
      20.84880      23.61081
      20.85890      23.65335
      20.86910      23.69718
      20.87920      23.74147
      20.88940      23.78712
      20.89960      23.83371
      20.90970      23.88085
      20.91990      23.92947
      20.93010      23.97915
      20.94020      24.02945
      20.95040      24.08138
      20.96060      24.13451
      20.97070      24.18834
      20.98090      24.24398
      20.99110      24.30097
      21.00120      24.35876
      21.01140      24.41857
      21.02160      24.47988
      21.03170      24.54213
      21.04190      24.60663
      21.05200      24.67216
      21.06220      24.74010
      21.07240      24.80987
      21.08250      24.88087
      21.09270      24.95454
      21.10290      25.03030
      21.11300      25.10747
      21.12320      25.18764
      21.13340      25.27018
      21.14350      25.35432
      21.15370      25.44186
      21.16390      25.53207
      21.17400      25.62414
      21.18420      25.72002
      21.19430      25.81793
      21.20450      25.91997
      21.21470      26.02529
      21.22480      26.13296
      21.23500      26.24525
      21.24520      26.36124
      21.25530      26.47995
      21.26550      26.60382
      21.27570      26.73190
      21.28580      26.86306
      21.29600      27.00001
      21.30620      27.14171
      21.31630      27.28686
      21.32650      27.43856
      21.33660      27.59398
      21.34680      27.75647
      21.35700      27.92468
      21.36710      28.09709
      21.37730      28.27737
      21.38750      28.46406
      21.39760      28.65544
      21.40780      28.85557
      21.41800      29.06279
      21.42810      29.27530
      21.43830      29.49745
      21.44850      29.72752
      21.45860      29.96335
      21.46880      30.20991
      21.47900      30.46517
      21.48910      30.72674
      21.49930      31.00013
      21.50940      31.28020
      21.51960      31.57283
      21.52980      31.87558
      21.53990      32.18555
      21.55010      32.50927
      21.56030      32.84395
      21.57040      33.18641
      21.58060      33.54380
      21.59080      33.91297
      21.60090      34.29057
      21.61110      34.68417
      21.62130      35.09055
      21.63140      35.50569
      21.64160      35.93819
      21.65170      36.37974
      21.66190      36.83944
      21.67210      37.31321
      21.68220      37.79639
      21.69240      38.29889
      21.70260      38.81620
      21.71270      39.34319
      21.72290      39.89063
      21.73310      40.45352
      21.74320      41.02625
      21.75340      41.62047
      21.76360      42.23057
      21.77370      42.85077
      21.78390      43.49314
      21.79410      44.15205
      21.80420      44.82070
      21.81440      45.51256
      21.82450      46.21398
      21.83470      46.93904
      21.84490      47.68085
      21.85500      48.43178
      21.86520      49.20687
      21.87540      49.99861
      21.88550      50.79884
      21.89570      51.62350
      21.90590      52.46436
      21.91600      53.31316
      21.92620      54.18623
      21.93640      55.07493
      21.94650      55.97046
      21.95670      56.88979
      21.96680      57.81506
      21.97700      58.76374
      21.98720      59.72677
      21.99730      60.69379
      22.00750      61.68367
      22.01770      62.68628
      22.02780      63.69094
      22.03800      64.71715
      22.04820      65.75424
      22.05830      66.79109
      22.06850      67.84768
      22.07870      68.91266
      22.08880      69.97509
      22.09900      71.05470
      22.10920      72.13991
      22.11930      73.21944
      22.12950      74.31298
      22.13960      75.39851
      22.14980      76.49568
      22.16000      77.59296
      22.17010      78.67788
      22.18030      79.77074
      22.19050      80.85911
      22.20060      81.93072
      22.21080      83.00536
      22.22100      84.07052
      22.23110      85.11401
      22.24130      86.15485
      22.25150      87.18042
      22.26160      88.17937
      22.27180      89.16890
      22.28190      90.12807
      22.29210      91.07338
      22.30230      91.99297
      22.31240      92.87642
      22.32260      93.73854
      22.33280      94.56859
      22.34290      95.35647
      22.35310      96.11576
      22.36330      96.83620
      22.37340      97.50915
      22.38360      98.14600
      22.39380      98.73782
      22.40390      99.27756
      22.41410      99.77421
      22.42430     100.22040
      22.43440     100.61120
      22.44460     100.95274
      22.45470     101.23736
      22.46490     101.46949
      22.47510     101.64533
      22.48520     101.76331
      22.49540     101.82529
      22.50560     101.82965
      22.51570     101.77715
      22.52590     101.66696
      22.53610     101.49969
      22.54620     101.27846
      22.55640     100.99965
      22.56660     100.66618
      22.57670     100.28335
      22.58690      99.84481
      22.59700      99.36076
      22.60720      98.82310
      22.61740      98.23835
      22.62750      97.61452
      22.63770      96.94154
      22.64790      96.22715
      22.65800      95.48110
      22.66820      94.69106
      22.67840      93.86607
      22.68850      93.01717
      22.69870      92.12957
      22.70890      91.21386
      22.71900      90.28172
      22.72920      89.31664
      22.73940      88.32999
      22.74950      87.33396
      22.75970      86.31066
      22.76980      85.28232
      22.78000      84.23032
      22.79020      83.16694
      22.80030      82.10410
      22.81050      81.02306
      22.82070      79.93549
      22.83080      78.85406
      22.84100      77.75864
      22.85120      76.66151
      22.86130      75.57493
      22.87150      74.47847
      22.88170      73.38428
      22.89180      72.30434
      22.90200      71.21815
      22.91210      70.14827
      22.92230      69.07429
      22.93250      68.00789
      22.94260      66.96039
      22.95280      65.91164
      22.96300      64.87316
      22.97310      63.85520
      22.98330      62.83883
      22.99350      61.83434
      23.00360      60.85227
      23.01380      59.87347
      23.02400      58.90834
      23.03410      57.96667
      23.04430      57.03002
      23.05450      56.10824
      23.06460      55.21058
      23.07480      54.31936
      23.08490      53.45248
      23.09510      52.59283
      23.10530      51.74936
      23.11540      50.93035
      23.12560      50.11952
      23.13580      49.32542
      23.14590      48.55529
      23.15610      47.79438
      23.16630      47.05005
      23.17640      46.32958
      23.18660      45.61853
      23.19680      44.92416
      23.20690      44.25303
      23.21710      43.59164
      23.22720      42.95298
      23.23740      42.32416
      23.24760      41.71152
      23.25770      41.12073
      23.26790      40.53981
      23.27810      39.97467
      23.28820      39.43019
      23.29840      38.89556
      23.30860      38.37609
      23.31870      37.87621
      23.32890      37.38602
      23.33910      36.91011
      23.34920      36.45281
      23.35940      36.00470
      23.36950      35.57442
      23.37970      35.15306
      23.38990      34.74474
      23.40000      34.35303
      23.41020      33.96980
      23.42040      33.59875
      23.43050      33.24310
      23.44070      32.89542
      23.45090      32.55912
      23.46100      32.23688
      23.47120      31.92215
      23.48140      31.61792
      23.49150      31.32658
      23.50170      31.04225
      23.51190      30.76744
      23.52200      30.50451
      23.53220      30.24791
      23.54230      30.00247
      23.55250      29.76298
      23.56270      29.53169
      23.57280      29.31051
      23.58300      29.09474
      23.59320      28.88638
      23.60330      28.68715
      23.61350      28.49280
      23.62370      28.30516
      23.63380      28.12566
      23.64400      27.95061
      23.65420      27.78151
      23.66430      27.61974
      23.67450      27.46193
      23.68460      27.31091
      23.69480      27.16355
      23.70500      27.02111
      23.71510      26.88478
      23.72530      26.75163
      23.73550      26.62289
      23.74560      26.49959
      23.75580      26.37910
      23.76600      26.26251
      23.77610      26.15077
      23.78630      26.04148
      23.79650      25.93567
      23.80660      25.83412
      23.81680      25.73476
      23.82700      25.63844
      23.83710      25.54594
      23.84730      25.45531
      23.85740      25.36822
      23.86760      25.28286
      23.87780      25.19995
      23.88790      25.12021
      23.89810      25.04193
      23.90830      24.96585
      23.91840      24.89258
      23.92860      24.82058
      23.93880      24.75051
      23.94890      24.68296
      23.95910      24.61650
      23.96930      24.55177
      23.97940      24.48927
      23.98960      24.42773
      23.99970      24.36828
      24.00990      24.30970
      24.02010      24.25251
      24.03020      24.19721
      24.04040      24.14265
      24.05060      24.08933
      24.06070      24.03773
      24.07090      23.98676
      24.08110      23.93690
      24.09120      23.88860
      24.10140      23.84084
      24.11160      23.79408
      24.12170      23.74874
      24.13190      23.70387
      24.14210      23.65992
      24.15220      23.61724
      24.16240      23.57498
      24.17250      23.53393
      24.18270      23.49327
      24.19290      23.45337
      24.20300      23.41460
      24.21320      23.37615
      24.22340      23.33840
      24.23350      23.30169
      24.24370      23.26526
      24.25390      23.22947
      24.26400      23.19465
      24.27420      23.16008
      24.28440      23.12609
      24.29450      23.09301
      24.30470      23.06015
      24.31480      23.02814
      24.32500      22.99634
      24.33520      22.96506
      24.34530      22.93457
      24.35550      22.90428
      24.36570      22.87446
      24.37580      22.84539
      24.38600      22.81648
      24.39620      22.78802
      24.40630      22.76027
      24.41650      22.73266
      24.42670      22.70547
      24.43680      22.67895
      24.44700      22.65256
      24.45720      22.62657
      24.46730      22.60119
      24.47750      22.57594
      24.48760      22.55130
      24.49780      22.52677
      24.50800      22.50259
      24.51810      22.47899
      24.52830      22.45549
      24.53850      22.43232
      24.54860      22.40969
      24.55880      22.38716
      24.56900      22.36494
      24.57910      22.34324
      24.58930      22.32162
      24.59950      22.30029
      24.60960      22.27946
      24.61980      22.25871
      24.62990      22.23843
      24.64010      22.21823
      24.65030      22.19830
      24.66040      22.17881
      24.67060      22.15940
      24.68080      22.14024
      24.69090      22.12151
      24.70110      22.10285
      24.71130      22.08442
      24.72140      22.06642
      24.73160      22.04846
      24.74180      22.03074
      24.75190      22.01341
      24.76210      21.99613
      24.77230      21.97906
      24.78240      21.96238
      24.79260      21.94575
      24.80270      21.92948
      24.81290      21.91325
      24.82310      21.89722
      24.83320      21.88155
      24.84340      21.86591
      24.85360      21.85046
      24.86370      21.83535
      24.87390      21.82028
      24.88410      21.80539
      24.89420      21.79082
      24.90440      21.77629
      24.91460      21.76192
      24.92470      21.74787
      24.93490      21.73384
      24.94500      21.72012
      24.95520      21.70642
      24.96540      21.69288
      24.97550      21.67963
      24.98570      21.66641
      24.99590      21.65334
      25.00600      21.64054
      25.01620      21.62777
      25.02640      21.61515
      25.03650      21.60279
      25.04670      21.59045
      25.05690      21.57825
      25.06700      21.56630
      25.07720      21.55437
      25.08740      21.54258
      25.09750      21.53103
      25.10770      21.51950
      25.11780      21.50821
      25.12800      21.49693
      25.13820      21.48577
      25.14830      21.47485
      25.15850      21.46394
      25.16870      21.45315
      25.17880      21.44257
      25.18900      21.43201
      25.19920      21.42157
      25.20930      21.41133
      25.21950      21.40111
      25.22970      21.39100
      25.23980      21.38109
      25.25000      21.37119
      25.26010      21.36149
      25.27030      21.35179
      25.28050      21.34220
      25.29060      21.33280
      25.30080      21.32341
      25.31100      21.31411
      25.32110      21.30501
      25.33130      21.29590
      25.34150      21.28689
      25.35160      21.27806
      25.36180      21.26924
      25.37200      21.26050
      25.38210      21.25194
      25.39230      21.24337
      25.40240      21.23498
      25.41260      21.22659
      25.42280      21.21829
      25.43290      21.21015
      25.44310      21.20201
      25.45330      21.19395
      25.46340      21.18604
      25.47360      21.17814
      25.48380      21.17032
      25.49390      21.16265
      25.50410      21.15498
      25.51430      21.14738
      25.52440      21.13993
      25.53460      21.13248
      25.54480      21.12511
      25.55490      21.11787
      25.56510      21.11064
      25.57520      21.10354
      25.58540      21.09644
      25.59560      21.08941
      25.60570      21.08251
      25.61590      21.07561
      25.62610      21.06878
      25.63620      21.06207
      25.64640      21.05536
      25.65660      21.04872
      25.66670      21.04220
      25.67690      21.03568
      25.68710      21.02922
      25.69720      21.02288
      25.70740      21.01654
      25.71750      21.01031
      25.72770      21.00409
      25.73790      20.99792
      25.74800      20.99186
      25.75820      20.98580
      25.76840      20.97980
      25.77850      20.97391
      25.78870      20.96801
      25.79890      20.96217
      25.80900      20.95643
      25.81920      20.95069
      25.82940      20.94500
      25.83950      20.93942
      25.84970      20.93383
      25.85990      20.92829
      25.87000      20.92285
      25.88020      20.91741
      25.89030      20.91207
      25.90050      20.90672
      25.91070      20.90141
      25.92080      20.89621
      25.93100      20.89100
      25.94120      20.88583
      25.95130      20.88076
      25.96150      20.87568
      25.97170      20.87065
      25.98180      20.86571
      25.99200      20.86076
      26.00220      20.85585
      26.01230      20.85103
      26.02250      20.84620
      26.03260      20.84147
      26.04280      20.83672
      26.05300      20.83202
      26.06310      20.82740
      26.07330      20.82277
      26.08350      20.81818
      26.09360      20.81367
      26.10380      20.80916
      26.11400      20.80468
      26.12410      20.80029
      26.13430      20.79588
      26.14450      20.79152
      26.15460      20.78723
      26.16480      20.78293
      26.17500      20.77867
      26.18510      20.77448
      26.19530      20.77029
      26.20540      20.76617
      26.21560      20.76204
      26.22580      20.75795
      26.23590      20.75393
      26.24610      20.74990
      26.25630      20.74590
      26.26640      20.74197
      26.27660      20.73804
      26.28680      20.73413
      26.29690      20.73030
      26.30710      20.72646
      26.31730      20.72264
      26.32740      20.71890
      26.33760      20.71515
      26.34770      20.71146
      26.35790      20.70776
      26.36810      20.70410
      26.37820      20.70049
      26.38840      20.69688
      26.39860      20.69330
      26.40870      20.68978
      26.41890      20.68625
      26.42910      20.68274
      26.43920      20.67930
      26.44940      20.67585
      26.45960      20.67243
      26.46970      20.66906
      26.47990      20.66569
      26.49010      20.66234
      26.50020      20.65905
      26.51040      20.65576
      26.52050      20.65252
      26.53070      20.64927
      26.54090      20.64604
      26.55100      20.64287
      26.56120      20.63969
      26.57140      20.63654
      26.58150      20.63344
      26.59170      20.63033
      26.60190      20.62724
      26.61200      20.62421
      26.62220      20.62117
      26.63240      20.61815
      26.64250      20.61518
      26.65270      20.61221
      26.66280      20.60928
      26.67300      20.60635
      26.68320      20.60344
      26.69330      20.60057
      26.70350      20.59770
      26.71370      20.59485
      26.72380      20.59205
      26.73400      20.58924
      26.74420      20.58645
      26.75430      20.58370
      26.76450      20.58095
      26.77470      20.57822
      26.78480      20.57553
      26.79500      20.57284
      26.80520      20.57016
      26.81530      20.56753
      26.82550      20.56489
      26.83560      20.56230
      26.84580      20.55970
      26.85600      20.55711
      26.86610      20.55457
      26.87630      20.55202
      26.88650      20.54949
      26.89660      20.54700
      26.90680      20.54450
      26.91700      20.54202
      26.92710      20.53958
      26.93730      20.53713
      26.94750      20.53470
      26.95760      20.53231
      26.96780      20.52991
      26.97790      20.52756
      26.98810      20.52519
      26.99830      20.52284
      27.00840      20.52053
      27.01860      20.51821
      27.02880      20.51590
      27.03890      20.51364
      27.04910      20.51136
      27.05930      20.50910
      27.06940      20.50688
      27.07960      20.50465
      27.08980      20.50244
      27.09990      20.50026
      27.11010      20.49807
      27.12020      20.49592
      27.13040      20.49377
      27.14060      20.49162
      27.15070      20.48951
      27.16090      20.48740
      27.17110      20.48529
      27.18120      20.48322
      27.19140      20.48115
      27.20160      20.47909
      27.21170      20.47706
      27.22190      20.47502
      27.23210      20.47300
      27.24220      20.47101
      27.25240      20.46901
      27.26260      20.46702
      27.27270      20.46507
      27.28290      20.46311
      27.29300      20.46118
      27.30320      20.45925
      27.31340      20.45732
      27.32350      20.45543
      27.33370      20.45353
      27.34390      20.45164
      27.35400      20.44978
      27.36420      20.44792
      27.37440      20.44606
      27.38450      20.44424
      27.39470      20.44241
      27.40490      20.44059
      27.41500      20.43880
      27.42520      20.43700
      27.43530      20.43523
      27.44550      20.43346
      27.45570      20.43169
      27.46580      20.42995
      27.47600      20.42821
      27.48620      20.42648
      27.49630      20.42477
      27.50650      20.42306
      27.51670      20.42136
      27.52680      20.41968
      27.53700      20.41800
      27.54720      20.41633
      27.55730      20.41468
      27.56750      20.41303
      27.57770      20.41139
      27.58780      20.40977
      27.59800      20.40815
      27.60810      20.40655
      27.61830      20.40495
      27.62850      20.40335
      27.63860      20.40178
      27.64880      20.40021
      27.65900      20.39864
      27.66910      20.39710
      27.67930      20.39555
      27.68950      20.39401
      27.69960      20.39250
      27.70980      20.39098
      27.72000      20.38946
      27.73010      20.38797
      27.74030      20.38648
      27.75040      20.38501
      27.76060      20.38353
      27.77080      20.38206
      27.78090      20.38061
      27.79110      20.37916
      27.80130      20.37771
      27.81140      20.37629
      27.82160      20.37486
      27.83180      20.37344
      27.84190      20.37204
      27.85210      20.37064
      27.86230      20.36924
      27.87240      20.36786
      27.88260      20.36648
      27.89280      20.36511
      27.90290      20.36376
      27.91310      20.36240
      27.92320      20.36106
      27.93340      20.35972
      27.94360      20.35838
      27.95370      20.35707
      27.96390      20.35575
      27.97410      20.35443
      27.98420      20.35314
      27.99440      20.35184
      28.00460      20.35055
      28.01470      20.34927
      28.02490      20.34800
      28.03510      20.34672
      28.04520      20.34547
      28.05540      20.34422
      28.06550      20.34298
      28.07570      20.34173
      28.08590      20.34050
      28.09600      20.33928
      28.10620      20.33805
      28.11640      20.33684
      28.12650      20.33564
      28.13670      20.33443
      28.14690      20.33323
      28.15700      20.33205
      28.16720      20.33087
      28.17740      20.32969
      28.18750      20.32853
      28.19770      20.32736
      28.20790      20.32620
      28.21800      20.32506
      28.22820      20.32391
      28.23830      20.32278
      28.24850      20.32165
      28.25870      20.32051
      28.26880      20.31940
      28.27900      20.31828
      28.28920      20.31717
      28.29930      20.31607
      28.30950      20.31497
      28.31970      20.31388
      28.32980      20.31280
      28.34000      20.31172
      28.35020      20.31064
      28.36030      20.30958
      28.37050      20.30851
      28.38060      20.30746
      28.39080      20.30640
      28.40100      20.30535
      28.41110      20.30431
      28.42130      20.30327
      28.43150      20.30224
      28.44160      20.30122
      28.45180      20.30020
      28.46200      20.29918
      28.47210      20.29817
      28.48230      20.29716
      28.49250      20.29616
      28.50260      20.29517
      28.51280      20.29418
      28.52300      20.29319
      28.53310      20.29221
      28.54330      20.29123
      28.55340      20.29027
      28.56360      20.28930
      28.57380      20.28834
      28.58390      20.28738
      28.59410      20.28643
      28.60430      20.28548
      28.61440      20.28454
      28.62460      20.28360
      28.63480      20.28267
      28.64490      20.28174
      28.65510      20.28082
      28.66530      20.27989
      28.67540      20.27899
      28.68560      20.27807
      28.69570      20.27717
      28.70590      20.27627
      28.71610      20.27537
      28.72620      20.27448
      28.73640      20.27359
      28.74660      20.27270
      28.75670      20.27183
      28.76690      20.27095
      28.77710      20.27007
      28.78720      20.26921
      28.79740      20.26834
      28.80760      20.26748
      28.81770      20.26663
      28.82790      20.26578
      28.83810      20.26493
      28.84820      20.26409
      28.85840      20.26325
      28.86850      20.26242
      28.87870      20.26159
      28.88890      20.26076
      28.89900      20.25994
      28.90920      20.25912
      28.91940      20.25830
      28.92950      20.25750
      28.93970      20.25669
      28.94990      20.25588
      28.96000      20.25508
      28.97020      20.25429
      28.98040      20.25349
      28.99050      20.25271
      29.00070      20.25192
      29.01080      20.25114
      29.02100      20.25036
      29.03120      20.24958
      29.04130      20.24882
      29.05150      20.24805
      29.06170      20.24728
      29.07180      20.24653
      29.08200      20.24577
      29.09220      20.24501
      29.10230      20.24427
      29.11250      20.24352
      29.12270      20.24277
      29.13280      20.24204
      29.14300      20.24130
      29.15310      20.24057
      29.16330      20.23984
      29.17350      20.23911
      29.18360      20.23839
      29.19380      20.23767
      29.20400      20.23695
      29.21410      20.23624
      29.22430      20.23553
      29.23450      20.23482
      29.24460      20.23412
      29.25480      20.23342
      29.26500      20.23272
      29.27510      20.23203
      29.28530      20.23134
      29.29550      20.23065
      29.30560      20.22997
      29.31580      20.22928
      29.32590      20.22861
      29.33610      20.22793
      29.34630      20.22725
      29.35640      20.22659
      29.36660      20.22592
      29.37680      20.22525
      29.38690      20.22460
      29.39710      20.22394
      29.40730      20.22328
      29.41740      20.22263
      29.42760      20.22198
      29.43780      20.22133
      29.44790      20.22069
      29.45810      20.22005
      29.46820      20.21941
      29.47840      20.21877
      29.48860      20.21814
      29.49870      20.21751
      29.50890      20.21688
      29.51910      20.21626
      29.52920      20.21564
      29.53940      20.21502
      29.54960      20.21440
      29.55970      20.21379
      29.56990      20.21318
      29.58010      20.21256
      29.59020      20.21196
      29.60040      20.21136
      29.61060      20.21075
      29.62070      20.21016
      29.63090      20.20956
      29.64100      20.20897
      29.65120      20.20838
      29.66140      20.20779
      29.67150      20.20721
      29.68170      20.20662
      29.69190      20.20604
      29.70200      20.20546
      29.71220      20.20489
      29.72240      20.20431
      29.73250      20.20374
      29.74270      20.20317
      29.75290      20.20260
      29.76300      20.20204
      29.77320      20.20148
      29.78330      20.20092
      29.79350      20.20036
      29.80370      20.19981
      29.81380      20.19926
      29.82400      20.19871
      29.83420      20.19816
      29.84430      20.19761
      29.85450      20.19707
      29.86470      20.19653
      29.87480      20.19599
      29.88500      20.19545
      29.89520      20.19492
      29.90530      20.19439
      29.91550      20.19385
      29.92570      20.19332
      29.93580      20.19280
      29.94600      20.19228
      29.95610      20.19176
      29.96630      20.19124
      29.97650      20.19072
      29.98660      20.19020
      29.99680      20.18969
      30.00700      20.18918
      30.01710      20.18867
      30.02730      20.18816
      30.03750      20.18766
      30.04760      20.18716
      30.05780      20.18665
      30.06800      20.18615
      30.07810      20.18566
      30.08830      20.18516
      30.09840      20.18467
      30.10860      20.18418
      30.11880      20.18369
      30.12890      20.18320
      30.13910      20.18272
      30.14930      20.18223
      30.15940      20.18176
      30.16960      20.18127
      30.17980      20.18079
      30.18990      20.18032
      30.20010      20.17985
      30.21030      20.17937
      30.22040      20.17891
      30.23060      20.17844
      30.24080      20.17797
      30.25090      20.17751
      30.26110      20.17704
      30.27120      20.17658
      30.28140      20.17612
      30.29160      20.17566
      30.30170      20.17521
      30.31190      20.17476
      30.32210      20.17430
      30.33220      20.17385
      30.34240      20.17340
      30.35260      20.17296
      30.36270      20.17251
      30.37290      20.17207
      30.38310      20.17163
      30.39320      20.17119
      30.40340      20.17075
      30.41350      20.17031
      30.42370      20.16988
      30.43390      20.16944
      30.44400      20.16901
      30.45420      20.16858
      30.46440      20.16815
      30.47450      20.16773
      30.48470      20.16730
      30.49490      20.16688
      30.50500      20.16646
      30.51520      20.16603
      30.52540      20.16562
      30.53550      20.16520
      30.54570      20.16478
      30.55590      20.16437
      30.56600      20.16396
      30.57620      20.16355
      30.58630      20.16314
      30.59650      20.16273
      30.60670      20.16232
      30.61680      20.16192
      30.62700      20.16151
      30.63720      20.16111
      30.64730      20.16072
      30.65750      20.16031
      30.66770      20.15992
      30.67780      20.15952
      30.68800      20.15913
      30.69820      20.15873
      30.70830      20.15834
      30.71850      20.15795
      30.72860      20.15757
      30.73880      20.15718
      30.74900      20.15679
      30.75910      20.15641
      30.76930      20.15602
      30.77950      20.15564
      30.78960      20.15526
      30.79980      20.15488
      30.81000      20.15450
      30.82010      20.15413
      30.83030      20.15376
      30.84050      20.15338
      30.85060      20.15301
      30.86080      20.15264
      30.87100      20.15227
      30.88110      20.15190
      30.89130      20.15154
      30.90140      20.15117
      30.91160      20.15081
      30.92180      20.15044
      30.93190      20.15008
      30.94210      20.14972
      30.95230      20.14936
      30.96240      20.14901
      30.97260      20.14865
      30.98280      20.14829
      30.99290      20.14794
      31.00310      20.14759
      31.01330      20.14724
      31.02340      20.14689
      31.03360      20.14654
      31.04370      20.14619
      31.05390      20.14585
      31.06410      20.14550
      31.07420      20.14516
      31.08440      20.14482
      31.09460      20.14447
      31.10470      20.14414
      31.11490      20.14380
      31.12510      20.14346
      31.13520      20.14312
      31.14540      20.14279
      31.15560      20.14245
      31.16570      20.14212
      31.17590      20.14179
      31.18600      20.14146
      31.19620      20.14113
      31.20640      20.14080
      31.21650      20.14047
      31.22670      20.14015
      31.23690      20.13982
      31.24700      20.13950
      31.25720      20.13918
      31.26740      20.13885
      31.27750      20.13853
      31.28770      20.13821
      31.29790      20.13790
      31.30800      20.13758
      31.31820      20.13726
      31.32840      20.13695
      31.33850      20.13663
      31.34870      20.13632
      31.35880      20.13601
      31.36900      20.13570
      31.37920      20.13539
      31.38930      20.13508
      31.39950      20.13477
      31.40970      20.13447
      31.41980      20.13416
      31.43000      20.13386
      31.44020      20.13355
      31.45030      20.13325
      31.46050      20.13295
      31.47070      20.13265
      31.48080      20.13235
      31.49100      20.13205
      31.50110      20.13176
      31.51130      20.13146
      31.52150      20.13116
      31.53160      20.13087
      31.54180      20.13058
      31.55200      20.13028
      31.56210      20.13000
      31.57230      20.12970
      31.58250      20.12941
      31.59260      20.12913
      31.60280      20.12884
      31.61300      20.12855
      31.62310      20.12827
      31.63330      20.12798
      31.64350      20.12770
      31.65360      20.12742
      31.66380      20.12713
      31.67390      20.12685
      31.68410      20.12657
      31.69430      20.12629
      31.70440      20.12602
      31.71460      20.12574
      31.72480      20.12546
      31.73490      20.12519
      31.74510      20.12491
      31.75530      20.12464
      31.76540      20.12437
      31.77560      20.12410
      31.78580      20.12382
      31.79590      20.12356
      31.80610      20.12329
      31.81620      20.12302
      31.82640      20.12275
      31.83660      20.12248
      31.84670      20.12222
      31.85690      20.12195
      31.86710      20.12169
      31.87720      20.12143
      31.88740      20.12117
      31.89760      20.12090
      31.90770      20.12064
      31.91790      20.12038
      31.92810      20.12012
      31.93820      20.11987
      31.94840      20.11961
      31.95860      20.11935
      31.96870      20.11910
      31.97890      20.11884
      31.98900      20.11859
      31.99920      20.11834
      32.00940      20.11808
      32.01950      20.11783
      32.02970      20.11758
      32.03990      20.11733
      32.05000      20.11708
      32.06020      20.11684
      32.07040      20.11659
      32.08050      20.11634
      32.09070      20.11610
      32.10090      20.11585
      32.11100      20.11561
      32.12120      20.11536
      32.13130      20.11512
      32.14150      20.11488
      32.15170      20.11464
      32.16180      20.11440
      32.17200      20.11416
      32.18220      20.11392
      32.19230      20.11368
      32.20250      20.11344
      32.21270      20.11320
      32.22280      20.11297
      32.23300      20.11273
      32.24320      20.11250
      32.25330      20.11227
      32.26350      20.11203
      32.27370      20.11180
      32.28380      20.11157
      32.29400      20.11134
      32.30410      20.11111
      32.31430      20.11088
      32.32450      20.11065
      32.33460      20.11042
      32.34480      20.11020
      32.35500      20.10997
      32.36510      20.10974
      32.37530      20.10952
      32.38550      20.10929
      32.39560      20.10907
      32.40580      20.10884
      32.41600      20.10862
      32.42610      20.10840
      32.43630      20.10818
      32.44640      20.10796
      32.45660      20.10774
      32.46680      20.10752
      32.47690      20.10730
      32.48710      20.10708
      32.49730      20.10687
      32.50740      20.10665
      32.51760      20.10644
      32.52780      20.10622
      32.53790      20.10601
      32.54810      20.10579
      32.55830      20.10558
      32.56840      20.10537
      32.57860      20.10515
      32.58880      20.10494
      32.59890      20.10473
      32.60910      20.10452
      32.61920      20.10431
      32.62940      20.10410
      32.63960      20.10390
      32.64970      20.10369
      32.65990      20.10348
      32.67010      20.10328
      32.68020      20.10307
      32.69040      20.10287
      32.70060      20.10266
      32.71070      20.10246
      32.72090      20.10225
      32.73110      20.10205
      32.74120      20.10185
      32.75140      20.10165
      32.76150      20.10145
      32.77170      20.10125
      32.78190      20.10105
      32.79200      20.10085
      32.80220      20.10065
      32.81240      20.10045
      32.82250      20.10025
      32.83270      20.10006
      32.84290      20.09986
      32.85300      20.09967
      32.86320      20.09947
      32.87340      20.09928
      32.88350      20.09908
      32.89370      20.09889
      32.90390      20.09870
      32.91400      20.09850
      32.92420      20.09831
      32.93430      20.09812
      32.94450      20.09793
      32.95470      20.09774
      32.96480      20.09755
      32.97500      20.09736
      32.98520      20.09717
      32.99530      20.09699
      33.00550      20.09680
      33.01570      20.09661
      33.02580      20.09643
      33.03600      20.09624
      33.04620      20.09606
      33.05630      20.09587
      33.06650      20.09569
      33.07660      20.09550
      33.08680      20.09532
      33.09700      20.09514
      33.10710      20.09496
      33.11730      20.09478
      33.12750      20.09459
      33.13760      20.09442
      33.14780      20.09423
      33.15800      20.09406
      33.16810      20.09388
      33.17830      20.09370
      33.18850      20.09352
      33.19860      20.09334
      33.20880      20.09317
      33.21890      20.09299
      33.22910      20.09282
      33.23930      20.09264
      33.24940      20.09247
      33.25960      20.09229
      33.26980      20.09212
      33.27990      20.09194
      33.29010      20.09177
      33.30030      20.09160
      33.31040      20.09143
      33.32060      20.09126
      33.33080      20.09108
      33.34090      20.09091
      33.35110      20.09074
      33.36130      20.09057
      33.37140      20.09041
      33.38160      20.09024
      33.39170      20.09007
      33.40190      20.08990
      33.41210      20.08974
      33.42220      20.08957
      33.43240      20.08940
      33.44260      20.08924
      33.45270      20.08907
      33.46290      20.08891
      33.47310      20.08874
      33.48320      20.08858
      33.49340      20.08842
      33.50360      20.08825
      33.51370      20.08809
      33.52390      20.08793
      33.53400      20.08777
      33.54420      20.08760
      33.55440      20.08744
      33.56450      20.08728
      33.57470      20.08712
      33.58490      20.08696
      33.59500      20.08681
      33.60520      20.08665
      33.61540      20.08649
      33.62550      20.08633
      33.63570      20.08617
      33.64590      20.08602
      33.65600      20.08586
      33.66620      20.08570
      33.67640      20.08555
      33.68650      20.08539
      33.69670      20.08524
      33.70680      20.08508
      33.71700      20.08493
      33.72720      20.08478
      33.73730      20.08463
      33.74750      20.08447
      33.75770      20.08432
      33.76780      20.08417
      33.77800      20.08402
      33.78820      20.08386
      33.79830      20.08372
      33.80850      20.08356
      33.81870      20.08341
      33.82880      20.08327
      33.83900      20.08312
      33.84910      20.08297
      33.85930      20.08282
      33.86950      20.08267
      33.87960      20.08253
      33.88980      20.08238
      33.90000      20.08223
      33.91010      20.08209
      33.92030      20.08194
      33.93050      20.08179
      33.94060      20.08165
      33.95080      20.08150
      33.96100      20.08136
      33.97110      20.08122
      33.98130      20.08107
      33.99150      20.08093
      34.00160      20.08079
      34.01180      20.08064
      34.02190      20.08050
      34.03210      20.08036
      34.04230      20.08022
      34.05240      20.08008
      34.06260      20.07994
      34.07280      20.07980
      34.08290      20.07966
      34.09310      20.07952
      34.10330      20.07938
      34.11340      20.07924
      34.12360      20.07910
      34.13380      20.07896
      34.14390      20.07883
      34.15410      20.07869
      34.16420      20.07855
      34.17440      20.07842
      34.18460      20.07828
      34.19470      20.07815
      34.20490      20.07801
      34.21510      20.07788
      34.22520      20.07774
      34.23540      20.07761
      34.24560      20.07747
      34.25570      20.07734
      34.26590      20.07721
      34.27610      20.07707
      34.28620      20.07694
      34.29640      20.07681
      34.30660      20.07667
      34.31670      20.07654
      34.32690      20.07641
      34.33700      20.07628
      34.34720      20.07615
      34.35740      20.07602
      34.36750      20.07589
      34.37770      20.07576
      34.38790      20.07563
      34.39800      20.07550
      34.40820      20.07537
      34.41840      20.07524
      34.42850      20.07512
      34.43870      20.07499
      34.44890      20.07486
      34.45900      20.07474
      34.46920      20.07461
      34.47930      20.07448
      34.48950      20.07436
      34.49970      20.07423
      34.50980      20.07411
      34.52000      20.07398
      34.53020      20.07385
      34.54030      20.07373
      34.55050      20.07361
      34.56070      20.07348
      34.57080      20.07336
      34.58100      20.07324
      34.59120      20.07311
      34.60130      20.07299
      34.61150      20.07287
      34.62170      20.07275
      34.63180      20.07263
      34.64200      20.07250
      34.65210      20.07238
      34.66230      20.07226
      34.67250      20.07214
      34.68260      20.07202
      34.69280      20.07190
      34.70300      20.07178
      34.71310      20.07166
      34.72330      20.07154
      34.73350      20.07142
      34.74360      20.07131
      34.75380      20.07119
      34.76400      20.07107
      34.77410      20.07095
      34.78430      20.07084
      34.79440      20.07072
      34.80460      20.07060
      34.81480      20.07049
      34.82490      20.07037
      34.83510      20.07026
      34.84530      20.07014
      34.85540      20.07002
      34.86560      20.06991
      34.87580      20.06979
      34.88590      20.06968
      34.89610      20.06957
      34.90630      20.06945
      34.91640      20.06934
      34.92660      20.06923
      34.93670      20.06911
      34.94690      20.06900
      34.95710      20.06889
      34.96720      20.06878
      34.97740      20.06866
      34.98760      20.06855
      34.99770      20.06844
      35.00790      20.06833
      35.01810      20.06822
      35.02820      20.06811
      35.03840      20.06800
      35.04860      20.00000
      35.05870      20.00000
      35.06890      20.00000
      35.07910      20.00000
      35.08920      20.00000
      35.09940      20.00000
      35.10950      20.00000
      35.11970      20.00000
      35.12990      20.00000
      35.14000      20.00000
      35.15020      20.00000
      35.16040      20.00000
      35.17050      20.00000
      35.18070      20.00000
      35.19090      20.00000
      35.20100      20.00000
      35.21120      20.00000
      35.22140      20.00000
      35.23150      20.00000
      35.24170      20.00000
      35.25180      20.00000
      35.26200      20.00000
      35.27220      20.00000
      35.28230      20.00000
      35.29250      20.00000
      35.30270      20.00000
      35.31280      20.00000
      35.32300      20.00000
      35.33320      20.00000
      35.34330      20.00000
      35.35350      20.00000
      35.36370      20.00000
      35.37380      20.00000
      35.38400      20.00000
      35.39420      20.00000
      35.40430      20.00000
      35.41450      20.00000
      35.42460      20.00000
      35.43480      20.00000
      35.44500      20.00000
      35.45510      20.00000
      35.46530      20.00000
      35.47550      20.00000
      35.48560      20.00000
      35.49580      20.00000
      35.50600      20.00000
      35.51610      20.00000
      35.52630      20.00000
      35.53650      20.00000
      35.54660      20.00000
      35.55680      20.00000
      35.56690      20.00000
      35.57710      20.00000
      35.58730      20.00000
      35.59740      20.00000
      35.60760      20.00000
      35.61780      20.00000
      35.62790      20.00000
      35.63810      20.00000
      35.64830      20.00000
      35.65840      20.00000
      35.66860      20.00000
      35.67880      20.00000
      35.68890      20.00000
      35.69910      20.00000
      35.70930      20.00000
      35.71940      20.00000
      35.72960      20.00000
      35.73970      20.00000
      35.74990      20.00000
      35.76010      20.00000
      35.77020      20.00000
      35.78040      20.00000
      35.79060      20.00000
      35.80070      20.00000
      35.81090      20.00000
      35.82110      20.00000
      35.83120      20.00000
      35.84140      20.00000
      35.85160      20.00000
      35.86170      20.00000
      35.87190      20.00000
      35.88200      20.00000
      35.89220      20.00000
      35.90240      20.00000
      35.91250      20.00000
      35.92270      20.00000
      35.93290      20.00000
      35.94300      20.00000
      35.95320      20.00000
      35.96340      20.00000
      35.97350      20.00000
      35.98370      20.00000
      35.99390      20.00000
