! TITLE: Yobs                                                                                                                                                                                                                                                            
! Peak:  5
       6.00860      20.01213
       6.01870      20.01213
       6.02890      20.01215
       6.03910      20.01216
       6.04920      20.01217
       6.05940      20.01218
       6.06960      20.01219
       6.07970      20.01220
       6.08990      20.01221
       6.10010      20.01222
       6.11020      20.01223
       6.12040      20.01224
       6.13060      20.01225
       6.14070      20.01226
       6.15090      20.01227
       6.16110      20.01228
       6.17120      20.01229
       6.18140      20.01230
       6.19150      20.01231
       6.20170      20.01232
       6.21190      20.01233
       6.22200      20.01234
       6.23220      20.01235
       6.24240      20.01236
       6.25250      20.01237
       6.26270      20.01238
       6.27290      20.01240
       6.28300      20.01241
       6.29320      20.01242
       6.30340      20.01243
       6.31350      20.01244
       6.32370      20.01245
       6.33380      20.01246
       6.34400      20.01247
       6.35420      20.01248
       6.36430      20.01249
       6.37450      20.01250
       6.38470      20.01251
       6.39480      20.01252
       6.40500      20.01254
       6.41520      20.01254
       6.42530      20.01256
       6.43550      20.01257
       6.44570      20.01258
       6.45580      20.01259
       6.46600      20.01260
       6.47620      20.01261
       6.48630      20.01262
       6.49650      20.01263
       6.50660      20.01264
       6.51680      20.01265
       6.52700      20.01266
       6.53710      20.01268
       6.54730      20.01269
       6.55750      20.01270
       6.56760      20.01271
       6.57780      20.01272
       6.58800      20.01273
       6.59810      20.01274
       6.60830      20.01275
       6.61850      20.01276
       6.62860      20.01278
       6.63880      20.01278
       6.64890      20.01280
       6.65910      20.01281
       6.66930      20.01282
       6.67940      20.01283
       6.68960      20.01284
       6.69980      20.01285
       6.70990      20.01286
       6.72010      20.01287
       6.73030      20.01289
       6.74040      20.01290
       6.75060      20.01291
       6.76080      20.01292
       6.77090      20.01293
       6.78110      20.01294
       6.79130      20.01295
       6.80140      20.01296
       6.81160      20.01298
       6.82170      20.01299
       6.83190      20.01300
       6.84210      20.01301
       6.85220      20.01302
       6.86240      20.01303
       6.87260      20.01304
       6.88270      20.01306
       6.89290      20.01307
       6.90310      20.01308
       6.91320      20.01309
       6.92340      20.01310
       6.93360      20.01311
       6.94370      20.01312
       6.95390      20.01314
       6.96400      20.01315
       6.97420      20.01316
       6.98440      20.01317
       6.99450      20.01318
       7.00470      20.01320
       7.01490      20.01321
       7.02500      20.01322
       7.03520      20.01323
       7.04540      20.01324
       7.05550      20.01325
       7.06570      20.01326
       7.07590      20.01328
       7.08600      20.01329
       7.09620      20.01330
       7.10640      20.01331
       7.11650      20.01332
       7.12670      20.01333
       7.13680      20.01335
       7.14700      20.01336
       7.15720      20.01337
       7.16730      20.01338
       7.17750      20.01339
       7.18770      20.01341
       7.19780      20.01342
       7.20800      20.01343
       7.21820      20.01344
       7.22830      20.01345
       7.23850      20.01347
       7.24870      20.01348
       7.25880      20.01349
       7.26900      20.01350
       7.27910      20.01351
       7.28930      20.01353
       7.29950      20.01354
       7.30960      20.01355
       7.31980      20.01356
       7.33000      20.01357
       7.34010      20.01359
       7.35030      20.01360
       7.36050      20.01361
       7.37060      20.01362
       7.38080      20.01364
       7.39100      20.01365
       7.40110      20.01366
       7.41130      20.01367
       7.42150      20.01368
       7.43160      20.01370
       7.44180      20.01371
       7.45190      20.01372
       7.46210      20.01373
       7.47230      20.01375
       7.48240      20.01376
       7.49260      20.01377
       7.50280      20.01378
       7.51290      20.01380
       7.52310      20.01381
       7.53330      20.01382
       7.54340      20.01383
       7.55360      20.01385
       7.56380      20.01386
       7.57390      20.01387
       7.58410      20.01388
       7.59420      20.01390
       7.60440      20.01391
       7.61460      20.01392
       7.62470      20.01393
       7.63490      20.01395
       7.64510      20.01396
       7.65520      20.01397
       7.66540      20.01398
       7.67560      20.01400
       7.68570      20.01401
       7.69590      20.01402
       7.70610      20.01403
       7.71620      20.01405
       7.72640      20.01406
       7.73650      20.01407
       7.74670      20.01409
       7.75690      20.01410
       7.76700      20.01411
       7.77720      20.01412
       7.78740      20.01414
       7.79750      20.01415
       7.80770      20.01416
       7.81790      20.01418
       7.82800      20.01419
       7.83820      20.01420
       7.84840      20.01422
       7.85850      20.01423
       7.86870      20.01424
       7.87890      20.01425
       7.88900      20.01427
       7.89920      20.01428
       7.90930      20.01429
       7.91950      20.01431
       7.92970      20.01432
       7.93980      20.01433
       7.95000      20.01435
       7.96020      20.01436
       7.97030      20.01437
       7.98050      20.01439
       7.99070      20.01440
       8.00080      20.01441
       8.01100      20.01443
       8.02120      20.01444
       8.03130      20.01445
       8.04150      20.01447
       8.05160      20.01448
       8.06180      20.01449
       8.07200      20.01451
       8.08210      20.01452
       8.09230      20.01453
       8.10250      20.01455
       8.11260      20.01456
       8.12280      20.01457
       8.13300      20.01459
       8.14310      20.01460
       8.15330      20.01461
       8.16350      20.01463
       8.17360      20.01464
       8.18380      20.01465
       8.19400      20.01467
       8.20410      20.01468
       8.21430      20.01469
       8.22440      20.01471
       8.23460      20.01472
       8.24480      20.01474
       8.25490      20.01475
       8.26510      20.01476
       8.27530      20.01478
       8.28540      20.01479
       8.29560      20.01480
       8.30580      20.01482
       8.31590      20.01483
       8.32610      20.01485
       8.33630      20.01486
       8.34640      20.01487
       8.35660      20.01489
       8.36670      20.01490
       8.37690      20.01492
       8.38710      20.01493
       8.39720      20.01494
       8.40740      20.01496
       8.41760      20.01497
       8.42770      20.01499
       8.43790      20.01500
       8.44810      20.01501
       8.45820      20.01503
       8.46840      20.01504
       8.47860      20.01506
       8.48870      20.01507
       8.49890      20.01509
       8.50910      20.01510
       8.51920      20.01511
       8.52940      20.01513
       8.53950      20.01514
       8.54970      20.01516
       8.55990      20.01517
       8.57000      20.01518
       8.58020      20.01520
       8.59040      20.01521
       8.60050      20.01523
       8.61070      20.01524
       8.62090      20.01526
       8.63100      20.01527
       8.64120      20.01529
       8.65140      20.01530
       8.66150      20.01531
       8.67170      20.01533
       8.68180      20.01534
       8.69200      20.01536
       8.70220      20.01537
       8.71230      20.01539
       8.72250      20.01540
       8.73270      20.01542
       8.74280      20.01543
       8.75300      20.01545
       8.76320      20.01546
       8.77330      20.01548
       8.78350      20.01549
       8.79370      20.01550
       8.80380      20.01552
       8.81400      20.01554
       8.82420      20.01555
       8.83430      20.01556
       8.84450      20.01558
       8.85460      20.01559
       8.86480      20.01561
       8.87500      20.01563
       8.88510      20.01564
       8.89530      20.01565
       8.90550      20.01567
       8.91560      20.01568
       8.92580      20.01570
       8.93600      20.01571
       8.94610      20.01573
       8.95630      20.01575
       8.96650      20.01576
       8.97660      20.01578
       8.98680      20.01579
       8.99690      20.01581
       9.00710      20.01582
       9.01730      20.01584
       9.02740      20.01585
       9.03760      20.01587
       9.04780      20.01588
       9.05790      20.01590
       9.06810      20.01591
       9.07830      20.01593
       9.08840      20.01594
       9.09860      20.01596
       9.10880      20.01597
       9.11890      20.01599
       9.12910      20.01601
       9.13930      20.01602
       9.14940      20.01604
       9.15960      20.01605
       9.16970      20.01607
       9.17990      20.01608
       9.19010      20.01610
       9.20020      20.01612
       9.21040      20.01613
       9.22060      20.01615
       9.23070      20.01616
       9.24090      20.01618
       9.25110      20.01619
       9.26120      20.01621
       9.27140      20.01623
       9.28160      20.01624
       9.29170      20.01626
       9.30190      20.01627
       9.31200      20.01629
       9.32220      20.01630
       9.33240      20.01632
       9.34250      20.01634
       9.35270      20.01635
       9.36290      20.01637
       9.37300      20.01638
       9.38320      20.01640
       9.39340      20.01642
       9.40350      20.01643
       9.41370      20.01645
       9.42390      20.01647
       9.43400      20.01648
       9.44420      20.01650
       9.45440      20.01651
       9.46450      20.01653
       9.47470      20.01655
       9.48480      20.01656
       9.49500      20.01658
       9.50520      20.01660
       9.51530      20.01661
       9.52550      20.01663
       9.53570      20.01665
       9.54580      20.01666
       9.55600      20.01668
       9.56620      20.01670
       9.57630      20.01671
       9.58650      20.01673
       9.59670      20.01674
       9.60680      20.01676
       9.61700      20.01678
       9.62710      20.01679
       9.63730      20.01681
       9.64750      20.01683
       9.65760      20.01684
       9.66780      20.01686
       9.67800      20.01688
       9.68810      20.01690
       9.69830      20.01691
       9.70850      20.01693
       9.71860      20.01694
       9.72880      20.01696
       9.73900      20.01698
       9.74910      20.01700
       9.75930      20.01701
       9.76940      20.01703
       9.77960      20.01705
       9.78980      20.01707
       9.79990      20.01708
       9.81010      20.01710
       9.82030      20.01712
       9.83040      20.01713
       9.84060      20.01715
       9.85080      20.01717
       9.86090      20.01719
       9.87110      20.01720
       9.88130      20.01722
       9.89140      20.01724
       9.90160      20.01725
       9.91180      20.01727
       9.92190      20.01729
       9.93210      20.01731
       9.94220      20.01732
       9.95240      20.01734
       9.96260      20.01736
       9.97270      20.01738
       9.98290      20.01739
       9.99310      20.01741
      10.00320      20.01743
      10.01340      20.01745
      10.02360      20.01747
      10.03370      20.01748
      10.04390      20.01750
      10.05410      20.01752
      10.06420      20.01754
      10.07440      20.01755
      10.08450      20.01757
      10.09470      20.01759
      10.10490      20.01761
      10.11500      20.01763
      10.12520      20.01764
      10.13540      20.01766
      10.14550      20.01768
      10.15570      20.01770
      10.16590      20.01772
      10.17600      20.01773
      10.18620      20.01775
      10.19640      20.01777
      10.20650      20.01779
      10.21670      20.01781
      10.22690      20.01782
      10.23700      20.01784
      10.24720      20.01786
      10.25730      20.01788
      10.26750      20.01790
      10.27770      20.01792
      10.28780      20.01793
      10.29800      20.01795
      10.30820      20.01797
      10.31830      20.01799
      10.32850      20.01801
      10.33870      20.01803
      10.34880      20.01805
      10.35900      20.01806
      10.36920      20.01808
      10.37930      20.01810
      10.38950      20.01812
      10.39960      20.01814
      10.40980      20.01816
      10.42000      20.01818
      10.43010      20.01819
      10.44030      20.01821
      10.45050      20.01823
      10.46060      20.01825
      10.47080      20.01827
      10.48100      20.01829
      10.49110      20.01831
      10.50130      20.01833
      10.51150      20.01835
      10.52160      20.01837
      10.53180      20.01838
      10.54200      20.01840
      10.55210      20.01842
      10.56230      20.01844
      10.57240      20.01846
      10.58260      20.01848
      10.59280      20.01850
      10.60290      20.01852
      10.61310      20.01854
      10.62330      20.01856
      10.63340      20.01858
      10.64360      20.01860
      10.65380      20.01862
      10.66390      20.01863
      10.67410      20.01865
      10.68430      20.01867
      10.69440      20.01869
      10.70460      20.01871
      10.71470      20.01873
      10.72490      20.01875
      10.73510      20.01877
      10.74520      20.01879
      10.75540      20.01881
      10.76560      20.01883
      10.77570      20.01885
      10.78590      20.01887
      10.79610      20.01889
      10.80620      20.01891
      10.81640      20.01893
      10.82660      20.01895
      10.83670      20.01897
      10.84690      20.01899
      10.85710      20.01901
      10.86720      20.01903
      10.87740      20.01905
      10.88750      20.01907
      10.89770      20.01909
      10.90790      20.01911
      10.91800      20.01913
      10.92820      20.01915
      10.93840      20.01917
      10.94850      20.01919
      10.95870      20.01921
      10.96890      20.01923
      10.97900      20.01925
      10.98920      20.01928
      10.99940      20.01929
      11.00950      20.01932
      11.01970      20.01934
      11.02980      20.01936
      11.04000      20.01938
      11.05020      20.01940
      11.06030      20.01942
      11.07050      20.01944
      11.08070      20.01946
      11.09080      20.01948
      11.10100      20.01950
      11.11120      20.01952
      11.12130      20.01954
      11.13150      20.01957
      11.14170      20.01959
      11.15180      20.01961
      11.16200      20.01963
      11.17220      20.01965
      11.18230      20.01967
      11.19250      20.01969
      11.20260      20.01971
      11.21280      20.01973
      11.22300      20.01976
      11.23310      20.01978
      11.24330      20.01980
      11.25350      20.01982
      11.26360      20.01984
      11.27380      20.01986
      11.28400      20.01988
      11.29410      20.01991
      11.30430      20.01993
      11.31450      20.01995
      11.32460      20.01997
      11.33480      20.01999
      11.34490      20.02001
      11.35510      20.02003
      11.36530      20.02006
      11.37540      20.02008
      11.38560      20.02010
      11.39580      20.02012
      11.40590      20.02014
      11.41610      20.02017
      11.42630      20.02019
      11.43640      20.02021
      11.44660      20.02023
      11.45680      20.02025
      11.46690      20.02028
      11.47710      20.02030
      11.48730      20.02032
      11.49740      20.02034
      11.50760      20.02036
      11.51770      20.02039
      11.52790      20.02041
      11.53810      20.02043
      11.54820      20.02045
      11.55840      20.02048
      11.56860      20.02050
      11.57870      20.02052
      11.58890      20.02054
      11.59910      20.02057
      11.60920      20.02059
      11.61940      20.02061
      11.62960      20.02064
      11.63970      20.02066
      11.64990      20.02068
      11.66000      20.02070
      11.67020      20.02073
      11.68040      20.02075
      11.69050      20.02077
      11.70070      20.02080
      11.71090      20.02082
      11.72100      20.02084
      11.73120      20.02086
      11.74140      20.02089
      11.75150      20.02091
      11.76170      20.02093
      11.77190      20.02096
      11.78200      20.02098
      11.79220      20.02100
      11.80230      20.02103
      11.81250      20.02105
      11.82270      20.02107
      11.83280      20.02110
      11.84300      20.02112
      11.85320      20.02114
      11.86330      20.02117
      11.87350      20.02119
      11.88370      20.02122
      11.89380      20.02124
      11.90400      20.02126
      11.91420      20.02129
      11.92430      20.02131
      11.93450      20.02133
      11.94470      20.02136
      11.95480      20.02138
      11.96500      20.02141
      11.97510      20.02143
      11.98530      20.02145
      11.99550      20.02148
      12.00560      20.02150
      12.01580      20.02153
      12.02600      20.02155
      12.03610      20.02157
      12.04630      20.02160
      12.05650      20.02162
      12.06660      20.02165
      12.07680      20.02167
      12.08700      20.02170
      12.09710      20.02172
      12.10730      20.02175
      12.11740      20.02177
      12.12760      20.02180
      12.13780      20.02182
      12.14790      20.02184
      12.15810      20.02187
      12.16830      20.02189
      12.17840      20.02192
      12.18860      20.02194
      12.19880      20.02197
      12.20890      20.02199
      12.21910      20.02202
      12.22930      20.02204
      12.23940      20.02207
      12.24960      20.02209
      12.25980      20.02212
      12.26990      20.02214
      12.28010      20.02217
      12.29020      20.02220
      12.30040      20.02222
      12.31060      20.02225
      12.32070      20.02227
      12.33090      20.02230
      12.34110      20.02232
      12.35120      20.02235
      12.36140      20.02237
      12.37160      20.02240
      12.38170      20.02242
      12.39190      20.02245
      12.40210      20.02248
      12.41220      20.02250
      12.42240      20.02253
      12.43250      20.02255
      12.44270      20.02258
      12.45290      20.02261
      12.46300      20.02263
      12.47320      20.02266
      12.48340      20.02268
      12.49350      20.02271
      12.50370      20.02274
      12.51390      20.02276
      12.52400      20.02279
      12.53420      20.02282
      12.54440      20.02284
      12.55450      20.02287
      12.56470      20.02290
      12.57490      20.02292
      12.58500      20.02295
      12.59520      20.02298
      12.60530      20.02300
      12.61550      20.02303
      12.62570      20.02306
      12.63580      20.02308
      12.64600      20.02311
      12.65620      20.02314
      12.66630      20.02316
      12.67650      20.02319
      12.68670      20.02322
      12.69680      20.02324
      12.70700      20.02327
      12.71720      20.02330
      12.72730      20.02333
      12.73750      20.02335
      12.74760      20.02338
      12.75780      20.02341
      12.76800      20.02344
      12.77810      20.02346
      12.78830      20.02349
      12.79850      20.02352
      12.80860      20.02355
      12.81880      20.02357
      12.82900      20.02360
      12.83910      20.02363
      12.84930      20.02366
      12.85950      20.02369
      12.86960      20.02371
      12.87980      20.02374
      12.89000      20.02377
      12.90010      20.02380
      12.91030      20.02382
      12.92040      20.02385
      12.93060      20.02388
      12.94080      20.02391
      12.95090      20.02394
      12.96110      20.02397
      12.97130      20.02399
      12.98140      20.02402
      12.99160      20.02405
      13.00180      20.02408
      13.01190      20.02411
      13.02210      20.02414
      13.03230      20.02417
      13.04240      20.02419
      13.05260      20.02423
      13.06270      20.02425
      13.07290      20.02428
      13.08310      20.02431
      13.09320      20.02434
      13.10340      20.02437
      13.11360      20.02440
      13.12370      20.02443
      13.13390      20.02446
      13.14410      20.02449
      13.15420      20.02452
      13.16440      20.02455
      13.17460      20.02457
      13.18470      20.02460
      13.19490      20.02463
      13.20510      20.02466
      13.21520      20.02469
      13.22540      20.02472
      13.23550      20.02475
      13.24570      20.02478
      13.25590      20.02481
      13.26600      20.02484
      13.27620      20.02487
      13.28640      20.02490
      13.29650      20.02493
      13.30670      20.02496
      13.31690      20.02499
      13.32700      20.02502
      13.33720      20.02505
      13.34740      20.02509
      13.35750      20.02511
      13.36770      20.02514
      13.37780      20.02518
      13.38800      20.02521
      13.39820      20.02524
      13.40830      20.02527
      13.41850      20.02530
      13.42870      20.02533
      13.43880      20.02536
      13.44900      20.02539
      13.45920      20.02542
      13.46930      20.02545
      13.47950      20.02548
      13.48970      20.02552
      13.49980      20.02555
      13.51000      20.02558
      13.52010      20.02561
      13.53030      20.02564
      13.54050      20.02567
      13.55060      20.02570
      13.56080      20.02574
      13.57100      20.02577
      13.58110      20.02580
      13.59130      20.02583
      13.60150      20.02586
      13.61160      20.02589
      13.62180      20.02593
      13.63200      20.02596
      13.64210      20.02599
      13.65230      20.02602
      13.66250      20.02605
      13.67260      20.02609
      13.68280      20.02612
      13.69290      20.02615
      13.70310      20.02618
      13.71330      20.02622
      13.72340      20.02625
      13.73360      20.02628
      13.74380      20.02632
      13.75390      20.02635
      13.76410      20.02638
      13.77430      20.02641
      13.78440      20.02645
      13.79460      20.02648
      13.80480      20.02651
      13.81490      20.02654
      13.82510      20.02658
      13.83520      20.02661
      13.84540      20.02665
      13.85560      20.02668
      13.86570      20.02671
      13.87590      20.02674
      13.88610      20.02678
      13.89620      20.02681
      13.90640      20.02685
      13.91660      20.02688
      13.92670      20.02691
      13.93690      20.02695
      13.94710      20.02698
      13.95720      20.02702
      13.96740      20.02705
      13.97760      20.02708
      13.98770      20.02712
      13.99790      20.02715
      14.00800      20.02719
      14.01820      20.02722
      14.02840      20.02725
      14.03850      20.02729
      14.04870      20.02732
      14.05890      20.02736
      14.06900      20.02739
      14.07920      20.02743
      14.08940      20.02746
      14.09950      20.02750
      14.10970      20.02753
      14.11990      20.02757
      14.13000      20.02760
      14.14020      20.02764
      14.15030      20.02767
      14.16050      20.02771
      14.17070      20.02774
      14.18080      20.02778
      14.19100      20.02781
      14.20120      20.02785
      14.21130      20.02789
      14.22150      20.02792
      14.23170      20.02796
      14.24180      20.02799
      14.25200      20.02803
      14.26220      20.02806
      14.27230      20.02810
      14.28250      20.02814
      14.29270      20.02817
      14.30280      20.02821
      14.31300      20.02825
      14.32310      20.02828
      14.33330      20.02832
      14.34350      20.02835
      14.35360      20.02839
      14.36380      20.02843
      14.37400      20.02847
      14.38410      20.02850
      14.39430      20.02854
      14.40450      20.02858
      14.41460      20.02861
      14.42480      20.02865
      14.43500      20.02869
      14.44510      20.02872
      14.45530      20.02876
      14.46540      20.02880
      14.47560      20.02884
      14.48580      20.02887
      14.49590      20.02891
      14.50610      20.02895
      14.51630      20.02899
      14.52640      20.02902
      14.53660      20.02906
      14.54680      20.02910
      14.55690      20.02914
      14.56710      20.02918
      14.57730      20.02921
      14.58740      20.02925
      14.59760      20.02929
      14.60780      20.02933
      14.61790      20.02937
      14.62810      20.02941
      14.63820      20.02945
      14.64840      20.02948
      14.65860      20.02952
      14.66870      20.02956
      14.67890      20.02960
      14.68910      20.02964
      14.69920      20.02968
      14.70940      20.02972
      14.71960      20.02976
      14.72970      20.02980
      14.73990      20.02984
      14.75010      20.02988
      14.76020      20.02991
      14.77040      20.02995
      14.78050      20.02999
      14.79070      20.03004
      14.80090      20.03008
      14.81100      20.03012
      14.82120      20.03016
      14.83140      20.03020
      14.84150      20.03024
      14.85170      20.03028
      14.86190      20.03032
      14.87200      20.03036
      14.88220      20.03040
      14.89240      20.03044
      14.90250      20.03048
      14.91270      20.03052
      14.92290      20.03056
      14.93300      20.03060
      14.94320      20.03064
      14.95330      20.03068
      14.96350      20.03072
      14.97370      20.03077
      14.98380      20.03081
      14.99400      20.03085
      15.00420      20.03089
      15.01430      20.03093
      15.02450      20.03097
      15.03470      20.03102
      15.04480      20.03106
      15.05500      20.03110
      15.06520      20.03114
      15.07530      20.03118
      15.08550      20.03123
      15.09560      20.03127
      15.10580      20.03131
      15.11600      20.03135
      15.12610      20.03139
      15.13630      20.03144
      15.14650      20.03148
      15.15660      20.03152
      15.16680      20.03156
      15.17700      20.03161
      15.18710      20.03165
      15.19730      20.03169
      15.20750      20.03174
      15.21760      20.03178
      15.22780      20.03182
      15.23800      20.03187
      15.24810      20.03191
      15.25830      20.03196
      15.26840      20.03200
      15.27860      20.03204
      15.28880      20.03209
      15.29890      20.03213
      15.30910      20.03218
      15.31930      20.03222
      15.32940      20.03226
      15.33960      20.03231
      15.34980      20.03235
      15.35990      20.03240
      15.37010      20.03244
      15.38030      20.03249
      15.39040      20.03253
      15.40060      20.03258
      15.41070      20.03262
      15.42090      20.03267
      15.43110      20.03271
      15.44120      20.03276
      15.45140      20.03280
      15.46160      20.03285
      15.47170      20.03289
      15.48190      20.03294
      15.49210      20.03299
      15.50220      20.03303
      15.51240      20.03308
      15.52260      20.03312
      15.53270      20.03317
      15.54290      20.03322
      15.55300      20.03326
      15.56320      20.03331
      15.57340      20.03336
      15.58350      20.03340
      15.59370      20.03345
      15.60390      20.03349
      15.61400      20.03354
      15.62420      20.03359
      15.63440      20.03364
      15.64450      20.03368
      15.65470      20.03373
      15.66490      20.03378
      15.67500      20.03383
      15.68520      20.03387
      15.69540      20.03392
      15.70550      20.03397
      15.71570      20.03402
      15.72580      20.03407
      15.73600      20.03411
      15.74620      20.03416
      15.75630      20.03421
      15.76650      20.03426
      15.77670      20.03431
      15.78680      20.03436
      15.79700      20.03440
      15.80720      20.03445
      15.81730      20.03450
      15.82750      20.03455
      15.83770      20.03460
      15.84780      20.03465
      15.85800      20.03470
      15.86810      20.03475
      15.87830      20.03480
      15.88850      20.03485
      15.89860      20.03490
      15.90880      20.03495
      15.91900      20.03500
      15.92910      20.03505
      15.93930      20.03510
      15.94950      20.03515
      15.95960      20.03520
      15.96980      20.03525
      15.98000      20.03530
      15.99010      20.03535
      16.00030      20.03540
      16.01050      20.03545
      16.02060      20.03551
      16.03080      20.03556
      16.04090      20.03561
      16.05110      20.03566
      16.06130      20.03571
      16.07140      20.03576
      16.08160      20.03581
      16.09180      20.03587
      16.10190      20.03592
      16.11210      20.03597
      16.12230      20.03602
      16.13240      20.03608
      16.14260      20.03613
      16.15280      20.03618
      16.16290      20.03623
      16.17310      20.03629
      16.18320      20.03634
      16.19340      20.03639
      16.20360      20.03645
      16.21370      20.03650
      16.22390      20.03655
      16.23410      20.03661
      16.24420      20.03666
      16.25440      20.03671
      16.26460      20.03677
      16.27470      20.03682
      16.28490      20.03687
      16.29510      20.03693
      16.30520      20.03698
      16.31540      20.03704
      16.32560      20.03709
      16.33570      20.03715
      16.34590      20.03720
      16.35600      20.03726
      16.36620      20.03731
      16.37640      20.03737
      16.38650      20.03742
      16.39670      20.03748
      16.40690      20.03753
      16.41700      20.03759
      16.42720      20.03765
      16.43740      20.03770
      16.44750      20.03776
      16.45770      20.03781
      16.46790      20.03787
      16.47800      20.03793
      16.48820      20.03798
      16.49830      20.03804
      16.50850      20.03810
      16.51870      20.03815
      16.52880      20.03821
      16.53900      20.03827
      16.54920      20.03832
      16.55930      20.03838
      16.56950      20.03844
      16.57970      20.03850
      16.58980      20.03856
      16.60000      20.03861
      16.61020      20.03867
      16.62030      20.03873
      16.63050      20.03879
      16.64070      20.03885
      16.65080      20.03890
      16.66100      20.03896
      16.67110      20.03902
      16.68130      20.03908
      16.69150      20.03914
      16.70160      20.03920
      16.71180      20.03926
      16.72200      20.03932
      16.73210      20.03938
      16.74230      20.03944
      16.75250      20.03950
      16.76260      20.03956
      16.77280      20.03962
      16.78300      20.03968
      16.79310      20.03974
      16.80330      20.03980
      16.81340      20.03986
      16.82360      20.03992
      16.83380      20.03998
      16.84390      20.04004
      16.85410      20.04011
      16.86430      20.04017
      16.87440      20.04023
      16.88460      20.04029
      16.89480      20.04035
      16.90490      20.04041
      16.91510      20.04048
      16.92530      20.04054
      16.93540      20.04060
      16.94560      20.04066
      16.95580      20.04073
      16.96590      20.04079
      16.97610      20.04085
      16.98620      20.04092
      16.99640      20.04098
      17.00660      20.04104
      17.01670      20.04111
      17.02690      20.04117
      17.03710      20.04123
      17.04720      20.04130
      17.05740      20.04136
      17.06760      20.04143
      17.07770      20.04149
      17.08790      20.04156
      17.09810      20.04162
      17.10820      20.04169
      17.11840      20.04175
      17.12850      20.04182
      17.13870      20.04188
      17.14890      20.04195
      17.15900      20.04201
      17.16920      20.04208
      17.17940      20.04215
      17.18950      20.04221
      17.19970      20.04228
      17.20990      20.04235
      17.22000      20.04241
      17.23020      20.04248
      17.24040      20.04255
      17.25050      20.04261
      17.26070      20.04268
      17.27090      20.04275
      17.28100      20.04281
      17.29120      20.04288
      17.30130      20.04295
      17.31150      20.04302
      17.32170      20.04309
      17.33180      20.04316
      17.34200      20.04322
      17.35220      20.04329
      17.36230      20.04336
      17.37250      20.04343
      17.38270      20.04350
      17.39280      20.04357
      17.40300      20.04364
      17.41320      20.04371
      17.42330      20.04378
      17.43350      20.04385
      17.44360      20.04392
      17.45380      20.04399
      17.46400      20.04406
      17.47410      20.04413
      17.48430      20.04420
      17.49450      20.04427
      17.50460      20.04434
      17.51480      20.04442
      17.52500      20.04449
      17.53510      20.04456
      17.54530      20.04463
      17.55550      20.04470
      17.56560      20.04478
      17.57580      20.04485
      17.58590      20.04492
      17.59610      20.04499
      17.60630      20.04507
      17.61640      20.04514
      17.62660      20.04521
      17.63680      20.04529
      17.64690      20.04536
      17.65710      20.04543
      17.66730      20.04551
      17.67740      20.04558
      17.68760      20.04566
      17.69780      20.04573
      17.70790      20.04581
      17.71810      20.04588
      17.72830      20.04596
      17.73840      20.04603
      17.74860      20.04611
      17.75870      20.04618
      17.76890      20.04626
      17.77910      20.04634
      17.78920      20.04641
      17.79940      20.04649
      17.80960      20.04657
      17.81970      20.04664
      17.82990      20.04672
      17.84010      20.04680
      17.85020      20.04688
      17.86040      20.04695
      17.87060      20.04703
      17.88070      20.04711
      17.89090      20.04719
      17.90100      20.04726
      17.91120      20.04734
      17.92140      20.04742
      17.93150      20.04750
      17.94170      20.04758
      17.95190      20.04766
      17.96200      20.04774
      17.97220      20.04782
      17.98240      20.04790
      17.99250      20.04798
      18.00270      20.04806
      18.01290      20.04814
      18.02300      20.04822
      18.03320      20.04830
      18.04340      20.04838
      18.05350      20.04847
      18.06370      20.04855
      18.07380      20.04863
      18.08400      20.04871
      18.09420      20.04879
      18.10430      20.04888
      18.11450      20.04896
      18.12470      20.04904
      18.13480      20.04912
      18.14500      20.04921
      18.15520      20.04929
      18.16530      20.04938
      18.17550      20.04946
      18.18570      20.04954
      18.19580      20.04963
      18.20600      20.04971
      18.21610      20.04980
      18.22630      20.04988
      18.23650      20.04997
      18.24660      20.05005
      18.25680      20.05014
      18.26700      20.05022
      18.27710      20.05031
      18.28730      20.05040
      18.29750      20.05048
      18.30760      20.05057
      18.31780      20.05066
      18.32800      20.05075
      18.33810      20.05083
      18.34830      20.05092
      18.35850      20.05101
      18.36860      20.05109
      18.37880      20.05118
      18.38890      20.05127
      18.39910      20.05136
      18.40930      20.05145
      18.41940      20.05154
      18.42960      20.05163
      18.43980      20.05172
      18.44990      20.05181
      18.46010      20.05190
      18.47030      20.05199
      18.48040      20.05208
      18.49060      20.05217
      18.50080      20.05226
      18.51090      20.05235
      18.52110      20.05244
      18.53120      20.05254
      18.54140      20.05263
      18.55160      20.05272
      18.56170      20.05281
      18.57190      20.05291
      18.58210      20.05300
      18.59220      20.05309
      18.60240      20.05319
      18.61260      20.05328
      18.62270      20.05337
      18.63290      20.05347
      18.64310      20.05356
      18.65320      20.05366
      18.66340      20.05375
      18.67360      20.05385
      18.68370      20.05394
      18.69390      20.05404
      18.70400      20.05413
      18.71420      20.05423
      18.72440      20.05433
      18.73450      20.05442
      18.74470      20.05452
      18.75490      20.05462
      18.76500      20.05472
      18.77520      20.05482
      18.78540      20.05491
      18.79550      20.05501
      18.80570      20.05511
      18.81590      20.05521
      18.82600      20.05531
      18.83620      20.05541
      18.84630      20.05551
      18.85650      20.05561
      18.86670      20.05571
      18.87680      20.05581
      18.88700      20.05591
      18.89720      20.05601
      18.90730      20.05611
      18.91750      20.05621
      18.92770      20.05631
      18.93780      20.05642
      18.94800      20.05652
      18.95820      20.05662
      18.96830      20.05672
      18.97850      20.05683
      18.98870      20.05693
      18.99880      20.05704
      19.00900      20.05714
      19.01910      20.05724
      19.02930      20.05735
      19.03950      20.05746
      19.04960      20.05756
      19.05980      20.05766
      19.07000      20.05777
      19.08010      20.05788
      19.09030      20.05798
      19.10050      20.05809
      19.11060      20.05820
      19.12080      20.05830
      19.13100      20.05841
      19.14110      20.05852
      19.15130      20.05863
      19.16140      20.05874
      19.17160      20.05885
      19.18180      20.05895
      19.19190      20.05906
      19.20210      20.05917
      19.21230      20.05928
      19.22240      20.05939
      19.23260      20.05950
      19.24280      20.05962
      19.25290      20.05973
      19.26310      20.05984
      19.27330      20.05995
      19.28340      20.06006
      19.29360      20.06017
      19.30380      20.06029
      19.31390      20.06040
      19.32410      20.06051
      19.33420      20.06063
      19.34440      20.06074
      19.35460      20.06086
      19.36470      20.06097
      19.37490      20.06109
      19.38510      20.06120
      19.39520      20.06132
      19.40540      20.06143
      19.41560      20.06155
      19.42570      20.06167
      19.43590      20.06178
      19.44610      20.06190
      19.45620      20.06202
      19.46640      20.06214
      19.47650      20.06225
      19.48670      20.06237
      19.49690      20.06249
      19.50700      20.06261
      19.51720      20.06273
      19.52740      20.06285
      19.53750      20.06297
      19.54770      20.06309
      19.55790      20.06321
      19.56800      20.06334
      19.57820      20.06346
      19.58840      20.06358
      19.59850      20.06370
      19.60870      20.06382
      19.61880      20.06395
      19.62900      20.06407
      19.63920      20.06420
      19.64930      20.06432
      19.65950      20.06444
      19.66970      20.06457
      19.67980      20.06469
      19.69000      20.06482
      19.70020      20.06495
      19.71030      20.06507
      19.72050      20.06520
      19.73070      20.06533
      19.74080      20.06545
      19.75100      20.06558
      19.76120      20.06571
      19.77130      20.06584
      19.78150      20.06597
      19.79160      20.06610
      19.80180      20.06623
      19.81200      20.06636
      19.82210      20.06649
      19.83230      20.06662
      19.84250      20.06675
      19.85260      20.06688
      19.86280      20.06701
      19.87300      20.06715
      19.88310      20.06728
      19.89330      20.06741
      19.90350      20.06755
      19.91360      20.06768
      19.92380      20.06781
      19.93390      20.06795
      19.94410      20.06808
      19.95430      20.06822
      19.96440      20.06836
      19.97460      20.06849
      19.98480      20.06863
      19.99490      20.06877
      20.00510      20.06890
      20.01530      20.06904
      20.02540      20.06918
      20.03560      20.06932
      20.04580      20.06946
      20.05590      20.06960
      20.06610      20.06974
      20.07630      20.06988
      20.08640      20.07002
      20.09660      20.07016
      20.10670      20.07030
      20.11690      20.07045
      20.12710      20.07059
      20.13720      20.07073
      20.14740      20.07088
      20.15760      20.07102
      20.16770      20.07117
      20.17790      20.07131
      20.18810      20.07146
      20.19820      20.07160
      20.20840      20.07175
      20.21860      20.07189
      20.22870      20.07204
      20.23890      20.07219
      20.24900      20.07234
      20.25920      20.07248
      20.26940      20.07263
      20.27950      20.07278
      20.28970      20.07293
      20.29990      20.07308
      20.31000      20.07323
      20.32020      20.07339
      20.33040      20.07354
      20.34050      20.07369
      20.35070      20.07384
      20.36090      20.07400
      20.37100      20.07415
      20.38120      20.07430
      20.39140      20.07446
      20.40150      20.07461
      20.41170      20.07477
      20.42180      20.07492
      20.43200      20.07508
      20.44220      20.07524
      20.45230      20.07539
      20.46250      20.07555
      20.47270      20.07571
      20.48280      20.07587
      20.49300      20.07603
      20.50320      20.07619
      20.51330      20.07635
      20.52350      20.07651
      20.53370      20.07667
      20.54380      20.07683
      20.55400      20.07700
      20.56410      20.07716
      20.57430      20.07732
      20.58450      20.07749
      20.59460      20.07765
      20.60480      20.07782
      20.61500      20.07798
      20.62510      20.07815
      20.63530      20.07832
      20.64550      20.07848
      20.65560      20.07865
      20.66580      20.07882
      20.67600      20.07899
      20.68610      20.07916
      20.69630      20.07933
      20.70650      20.07950
      20.71660      20.07967
      20.72680      20.07984
      20.73690      20.08001
      20.74710      20.08018
      20.75730      20.08036
      20.76740      20.08053
      20.77760      20.08071
      20.78780      20.08088
      20.79790      20.08105
      20.80810      20.08123
      20.81830      20.08141
      20.82840      20.08158
      20.83860      20.08176
      20.84880      20.08194
      20.85890      20.08212
      20.86910      20.08230
      20.87920      20.08248
      20.88940      20.08266
      20.89960      20.08284
      20.90970      20.08302
      20.91990      20.08321
      20.93010      20.08339
      20.94020      20.08357
      20.95040      20.08376
      20.96060      20.08394
      20.97070      20.08413
      20.98090      20.08431
      20.99110      20.08450
      21.00120      20.08469
      21.01140      20.08488
      21.02160      20.08506
      21.03170      20.08525
      21.04190      20.08544
      21.05200      20.08563
      21.06220      20.08582
      21.07240      20.08602
      21.08250      20.08621
      21.09270      20.08640
      21.10290      20.08660
      21.11300      20.08679
      21.12320      20.08698
      21.13340      20.08718
      21.14350      20.08738
      21.15370      20.08757
      21.16390      20.08777
      21.17400      20.08797
      21.18420      20.08817
      21.19430      20.08837
      21.20450      20.08857
      21.21470      20.08877
      21.22480      20.08897
      21.23500      20.08917
      21.24520      20.08937
      21.25530      20.08958
      21.26550      20.08978
      21.27570      20.08999
      21.28580      20.09019
      21.29600      20.09040
      21.30620      20.09061
      21.31630      20.09081
      21.32650      20.09102
      21.33660      20.09123
      21.34680      20.09144
      21.35700      20.09165
      21.36710      20.09186
      21.37730      20.09208
      21.38750      20.09229
      21.39760      20.09250
      21.40780      20.09272
      21.41800      20.09293
      21.42810      20.09315
      21.43830      20.09336
      21.44850      20.09358
      21.45860      20.09380
      21.46880      20.09402
      21.47900      20.09424
      21.48910      20.09446
      21.49930      20.09468
      21.50940      20.09490
      21.51960      20.09512
      21.52980      20.09535
      21.53990      20.09557
      21.55010      20.09580
      21.56030      20.09602
      21.57040      20.09625
      21.58060      20.09648
      21.59080      20.09670
      21.60090      20.09693
      21.61110      20.09716
      21.62130      20.09739
      21.63140      20.09762
      21.64160      20.09786
      21.65170      20.09809
      21.66190      20.09832
      21.67210      20.09856
      21.68220      20.09879
      21.69240      20.09903
      21.70260      20.09927
      21.71270      20.09950
      21.72290      20.09974
      21.73310      20.09999
      21.74320      20.10022
      21.75340      20.10047
      21.76360      20.10071
      21.77370      20.10095
      21.78390      20.10120
      21.79410      20.10144
      21.80420      20.10169
      21.81440      20.10193
      21.82450      20.10218
      21.83470      20.10243
      21.84490      20.10268
      21.85500      20.10293
      21.86520      20.10318
      21.87540      20.10343
      21.88550      20.10369
      21.89570      20.10394
      21.90590      20.10420
      21.91600      20.10445
      21.92620      20.10471
      21.93640      20.10497
      21.94650      20.10522
      21.95670      20.10549
      21.96680      20.10574
      21.97700      20.10601
      21.98720      20.10627
      21.99730      20.10653
      22.00750      20.10680
      22.01770      20.10706
      22.02780      20.10733
      22.03800      20.10760
      22.04820      20.10787
      22.05830      20.10813
      22.06850      20.10841
      22.07870      20.10868
      22.08880      20.10895
      22.09900      20.10922
      22.10920      20.10950
      22.11930      20.10977
      22.12950      20.11005
      22.13960      20.11032
      22.14980      20.11061
      22.16000      20.11089
      22.17010      20.11116
      22.18030      20.11145
      22.19050      20.11173
      22.20060      20.11201
      22.21080      20.11230
      22.22100      20.11259
      22.23110      20.11287
      22.24130      20.11316
      22.25150      20.11345
      22.26160      20.11374
      22.27180      20.11403
      22.28190      20.11432
      22.29210      20.11462
      22.30230      20.11491
      22.31240      20.11521
      22.32260      20.11551
      22.33280      20.11581
      22.34290      20.11610
      22.35310      20.11641
      22.36330      20.11671
      22.37340      20.11701
      22.38360      20.11732
      22.39380      20.11762
      22.40390      20.11793
      22.41410      20.11823
      22.42430      20.11854
      22.43440      20.11885
      22.44460      20.11917
      22.45470      20.11948
      22.46490      20.11979
      22.47510      20.12011
      22.48520      20.12042
      22.49540      20.12074
      22.50560      20.12106
      22.51570      20.12138
      22.52590      20.12170
      22.53610      20.12202
      22.54620      20.12234
      22.55640      20.12267
      22.56660      20.12300
      22.57670      20.12332
      22.58690      20.12365
      22.59700      20.12398
      22.60720      20.12431
      22.61740      20.12465
      22.62750      20.12498
      22.63770      20.12532
      22.64790      20.12565
      22.65800      20.12599
      22.66820      20.12633
      22.67840      20.12667
      22.68850      20.12701
      22.69870      20.12736
      22.70890      20.12770
      22.71900      20.12805
      22.72920      20.12840
      22.73940      20.12875
      22.74950      20.12910
      22.75970      20.12945
      22.76980      20.12980
      22.78000      20.13016
      22.79020      20.13051
      22.80030      20.13087
      22.81050      20.13123
      22.82070      20.13159
      22.83080      20.13195
      22.84100      20.13232
      22.85120      20.13268
      22.86130      20.13305
      22.87150      20.13342
      22.88170      20.13379
      22.89180      20.13416
      22.90200      20.13453
      22.91210      20.13490
      22.92230      20.13528
      22.93250      20.13566
      22.94260      20.13604
      22.95280      20.13642
      22.96300      20.13680
      22.97310      20.13718
      22.98330      20.13757
      22.99350      20.13796
      23.00360      20.13834
      23.01380      20.13873
      23.02400      20.13913
      23.03410      20.13952
      23.04430      20.13992
      23.05450      20.14031
      23.06460      20.14071
      23.07480      20.14111
      23.08490      20.14151
      23.09510      20.14191
      23.10530      20.14232
      23.11540      20.14273
      23.12560      20.14314
      23.13580      20.14355
      23.14590      20.14396
      23.15610      20.14437
      23.16630      20.14479
      23.17640      20.14520
      23.18660      20.14563
      23.19680      20.14605
      23.20690      20.14647
      23.21710      20.14689
      23.22720      20.14732
      23.23740      20.14775
      23.24760      20.14818
      23.25770      20.14861
      23.26790      20.14904
      23.27810      20.14948
      23.28820      20.14992
      23.29840      20.15036
      23.30860      20.15080
      23.31870      20.15124
      23.32890      20.15169
      23.33910      20.15214
      23.34920      20.15258
      23.35940      20.15304
      23.36950      20.15349
      23.37970      20.15394
      23.38990      20.15440
      23.40000      20.15486
      23.41020      20.15532
      23.42040      20.15579
      23.43050      20.15625
      23.44070      20.15672
      23.45090      20.15719
      23.46100      20.15766
      23.47120      20.15813
      23.48140      20.15861
      23.49150      20.15908
      23.50170      20.15957
      23.51190      20.16005
      23.52200      20.16053
      23.53220      20.16102
      23.54230      20.16151
      23.55250      20.16200
      23.56270      20.16249
      23.57280      20.16298
      23.58300      20.16348
      23.59320      20.16399
      23.60330      20.16449
      23.61350      20.16499
      23.62370      20.16550
      23.63380      20.16601
      23.64400      20.16652
      23.65420      20.16703
      23.66430      20.16755
      23.67450      20.16807
      23.68460      20.16858
      23.69480      20.16911
      23.70500      20.16964
      23.71510      20.17016
      23.72530      20.17069
      23.73550      20.17123
      23.74560      20.17176
      23.75580      20.17230
      23.76600      20.17284
      23.77610      20.17338
      23.78630      20.17393
      23.79650      20.17448
      23.80660      20.17503
      23.81680      20.17558
      23.82700      20.17614
      23.83710      20.17669
      23.84730      20.17726
      23.85740      20.17782
      23.86760      20.17838
      23.87780      20.17896
      23.88790      20.17952
      23.89810      20.18010
      23.90830      20.18068
      23.91840      20.18126
      23.92860      20.18184
      23.93880      20.18243
      23.94890      20.18301
      23.95910      20.18361
      23.96930      20.18420
      23.97940      20.18479
      23.98960      20.18539
      23.99970      20.18599
      24.00990      20.18660
      24.02010      20.18721
      24.03020      20.18782
      24.04040      20.18843
      24.05060      20.18905
      24.06070      20.18967
      24.07090      20.19029
      24.08110      20.19092
      24.09120      20.19155
      24.10140      20.19218
      24.11160      20.19282
      24.12170      20.19345
      24.13190      20.19410
      24.14210      20.19474
      24.15220      20.19539
      24.16240      20.19604
      24.17250      20.19669
      24.18270      20.19735
      24.19290      20.19801
      24.20300      20.19867
      24.21320      20.19934
      24.22340      20.20001
      24.23350      20.20069
      24.24370      20.20136
      24.25390      20.20205
      24.26400      20.20273
      24.27420      20.20342
      24.28440      20.20411
      24.29450      20.20480
      24.30470      20.20550
      24.31480      20.20620
      24.32500      20.20691
      24.33520      20.20761
      24.34530      20.20832
      24.35550      20.20904
      24.36570      20.20976
      24.37580      20.21048
      24.38600      20.21121
      24.39620      20.21194
      24.40630      20.21267
      24.41650      20.21341
      24.42670      20.21416
      24.43680      20.21490
      24.44700      20.21565
      24.45720      20.21641
      24.46730      20.21716
      24.47750      20.21792
      24.48760      20.21868
      24.49780      20.21946
      24.50800      20.22023
      24.51810      20.22100
      24.52830      20.22179
      24.53850      20.22257
      24.54860      20.22336
      24.55880      20.22416
      24.56900      20.22495
      24.57910      20.22575
      24.58930      20.22656
      24.59950      20.22737
      24.60960      20.22818
      24.61980      20.22901
      24.62990      20.22982
      24.64010      20.23065
      24.65030      20.23149
      24.66040      20.23232
      24.67060      20.23316
      24.68080      20.23401
      24.69090      20.23486
      24.70110      20.23571
      24.71130      20.23658
      24.72140      20.23743
      24.73160      20.23831
      24.74180      20.23918
      24.75190      20.24006
      24.76210      20.24094
      24.77230      20.24183
      24.78240      20.24272
      24.79260      20.24362
      24.80270      20.24451
      24.81290      20.24542
      24.82310      20.24634
      24.83320      20.24725
      24.84340      20.24818
      24.85360      20.24911
      24.86370      20.25003
      24.87390      20.25097
      24.88410      20.25192
      24.89420      20.25286
      24.90440      20.25382
      24.91460      20.25478
      24.92470      20.25574
      24.93490      20.25671
      24.94500      20.25768
      24.95520      20.25867
      24.96540      20.25965
      24.97550      20.26064
      24.98570      20.26164
      24.99590      20.26265
      25.00600      20.26365
      25.01620      20.26467
      25.02640      20.26569
      25.03650      20.26671
      25.04670      20.26775
      25.05690      20.26879
      25.06700      20.26982
      25.07720      20.27088
      25.08740      20.27194
      25.09750      20.27299
      25.10770      20.27407
      25.11780      20.27513
      25.12800      20.27622
      25.13820      20.27731
      25.14830      20.27839
      25.15850      20.27950
      25.16870      20.28061
      25.17880      20.28172
      25.18900      20.28284
      25.19920      20.28397
      25.20930      20.28510
      25.21950      20.28624
      25.22970      20.28739
      25.23980      20.28854
      25.25000      20.28970
      25.26010      20.29086
      25.27030      20.29204
      25.28050      20.29323
      25.29060      20.29441
      25.30080      20.29561
      25.31100      20.29682
      25.32110      20.29802
      25.33130      20.29924
      25.34150      20.30047
      25.35160      20.30170
      25.36180      20.30294
      25.37200      20.30420
      25.38210      20.30545
      25.39230      20.30672
      25.40240      20.30798
      25.41260      20.30927
      25.42280      20.31056
      25.43290      20.31185
      25.44310      20.31316
      25.45330      20.31447
      25.46340      20.31579
      25.47360      20.31712
      25.48380      20.31847
      25.49390      20.31981
      25.50410      20.32117
      25.51430      20.32254
      25.52440      20.32390
      25.53460      20.32529
      25.54480      20.32669
      25.55490      20.32808
      25.56510      20.32949
      25.57520      20.33091
      25.58540      20.33234
      25.59560      20.33378
      25.60570      20.33522
      25.61590      20.33669
      25.62610      20.33816
      25.63620      20.33963
      25.64640      20.34112
      25.65660      20.34263
      25.66670      20.34413
      25.67690      20.34565
      25.68710      20.34719
      25.69720      20.34871
      25.70740      20.35027
      25.71750      20.35182
      25.72770      20.35340
      25.73790      20.35499
      25.74800      20.35658
      25.75820      20.35819
      25.76840      20.35981
      25.77850      20.36143
      25.78870      20.36308
      25.79890      20.36474
      25.80900      20.36639
      25.81920      20.36808
      25.82940      20.36977
      25.83950      20.37147
      25.84970      20.37319
      25.85990      20.37492
      25.87000      20.37665
      25.88020      20.37841
      25.89030      20.38017
      25.90050      20.38195
      25.91070      20.38375
      25.92080      20.38555
      25.93100      20.38738
      25.94120      20.38922
      25.95130      20.39106
      25.96150      20.39293
      25.97170      20.39482
      25.98180      20.39670
      25.99200      20.39861
      26.00220      20.40055
      26.01230      20.40247
      26.02250      20.40444
      26.03260      20.40639
      26.04280      20.40839
      26.05300      20.41040
      26.06310      20.41241
      26.07330      20.41445
      26.08350      20.41651
      26.09360      20.41857
      26.10380      20.42067
      26.11400      20.42278
      26.12410      20.42489
      26.13430      20.42704
      26.14450      20.42921
      26.15460      20.43138
      26.16480      20.43359
      26.17500      20.43581
      26.18510      20.43804
      26.19530      20.44030
      26.20540      20.44257
      26.21560      20.44487
      26.22580      20.44720
      26.23590      20.44953
      26.24610      20.45190
      26.25630      20.45429
      26.26640      20.45668
      26.27660      20.45911
      26.28680      20.46157
      26.29690      20.46403
      26.30710      20.46654
      26.31730      20.46907
      26.32740      20.47160
      26.33760      20.47417
      26.34770      20.47675
      26.35790      20.47938
      26.36810      20.48203
      26.37820      20.48469
      26.38840      20.48740
      26.39860      20.49013
      26.40870      20.49287
      26.41890      20.49566
      26.42910      20.49847
      26.43920      20.50129
      26.44940      20.50417
      26.45960      20.50708
      26.46970      20.50998
      26.47990      20.51295
      26.49010      20.51595
      26.50020      20.51895
      26.51040      20.52201
      26.52050      20.52507
      26.53070      20.52820
      26.54090      20.53136
      26.55100      20.53453
      26.56120      20.53776
      26.57140      20.54103
      26.58150      20.54430
      26.59170      20.54764
      26.60190      20.55101
      26.61200      20.55439
      26.62220      20.55785
      26.63240      20.56134
      26.64250      20.56484
      26.65270      20.56841
      26.66280      20.57199
      26.67300      20.57565
      26.68320      20.57935
      26.69330      20.58305
      26.70350      20.58684
      26.71370      20.59067
      26.72380      20.59451
      26.73400      20.59843
      26.74420      20.60240
      26.75430      20.60638
      26.76450      20.61044
      26.77470      20.61456
      26.78480      20.61868
      26.79500      20.62290
      26.80520      20.62717
      26.81530      20.63145
      26.82550      20.63583
      26.83560      20.64021
      26.84580      20.64470
      26.85600      20.64924
      26.86610      20.65380
      26.87630      20.65845
      26.88650      20.66317
      26.89660      20.66790
      26.90680      20.67274
      26.91700      20.67764
      26.92710      20.68256
      26.93730      20.68759
      26.94750      20.69268
      26.95760      20.69779
      26.96780      20.70302
      26.97790      20.70826
      26.98810      20.71363
      26.99830      20.71907
      27.00840      20.72452
      27.01860      20.73011
      27.02880      20.73576
      27.03890      20.74144
      27.04910      20.74725
      27.05930      20.75314
      27.06940      20.75905
      27.07960      20.76509
      27.08980      20.77122
      27.09990      20.77738
      27.11010      20.78367
      27.12020      20.78999
      27.13040      20.79646
      27.14060      20.80302
      27.15070      20.80960
      27.16090      20.81634
      27.17110      20.82318
      27.18120      20.83003
      27.19140      20.83706
      27.20160      20.84417
      27.21170      20.85132
      27.22190      20.85863
      27.23210      20.86605
      27.24220      20.87350
      27.25240      20.88112
      27.26260      20.88886
      27.27270      20.89662
      27.28290      20.90457
      27.29300      20.91254
      27.30320      20.92072
      27.31340      20.92900
      27.32350      20.93732
      27.33370      20.94584
      27.34390      20.95447
      27.35400      20.96314
      27.36420      20.97202
      27.37440      20.98102
      27.38450      20.99006
      27.39470      20.99932
      27.40490      21.00871
      27.41500      21.01813
      27.42520      21.02778
      27.43530      21.03747
      27.44550      21.04738
      27.45570      21.05744
      27.46580      21.06754
      27.47600      21.07788
      27.48620      21.08836
      27.49630      21.09889
      27.50650      21.10966
      27.51670      21.12059
      27.52680      21.13156
      27.53700      21.14279
      27.54720      21.15417
      27.55730      21.16560
      27.56750      21.17730
      27.57770      21.18916
      27.58780      21.20106
      27.59800      21.21325
      27.60810      21.22549
      27.61830      21.23801
      27.62850      21.25070
      27.63860      21.26344
      27.64880      21.27648
      27.65900      21.28970
      27.66910      21.30296
      27.67930      21.31654
      27.68950      21.33030
      27.69960      21.34410
      27.70980      21.35823
      27.72000      21.37255
      27.73010      21.38691
      27.74030      21.40161
      27.75040      21.41636
      27.76060      21.43145
      27.77080      21.44674
      27.78090      21.46207
      27.79110      21.47777
      27.80130      21.49366
      27.81140      21.50961
      27.82160      21.52592
      27.83180      21.54244
      27.84190      21.55901
      27.85210      21.57595
      27.86230      21.59312
      27.87240      21.61033
      27.88260      21.62793
      27.89280      21.64575
      27.90290      21.66362
      27.91310      21.68189
      27.92320      21.70021
      27.93340      21.71894
      27.94360      21.73790
      27.95370      21.75690
      27.96390      21.77633
      27.97410      21.79600
      27.98420      21.81570
      27.99440      21.83585
      28.00460      21.85624
      28.01470      21.87666
      28.02490      21.89754
      28.03510      21.91866
      28.04520      21.93982
      28.05540      21.96144
      28.06550      21.98310
      28.07570      22.00522
      28.08590      22.02760
      28.09600      22.05002
      28.10620      22.07291
      28.11640      22.09607
      28.12650      22.11926
      28.13670      22.14293
      28.14690      22.16688
      28.15700      22.19085
      28.16720      22.21532
      28.17740      22.24007
      28.18750      22.26483
      28.19770      22.29011
      28.20790      22.31566
      28.21800      22.34124
      28.22820      22.36733
      28.23830      22.39345
      28.24850      22.42010
      28.25870      22.44701
      28.26880      22.47395
      28.27900      22.50143
      28.28920      22.52919
      28.29930      22.55695
      28.30950      22.58527
      28.31970      22.61387
      28.32980      22.64246
      28.34000      22.67163
      28.35020      22.70107
      28.36030      22.73051
      28.37050      22.76052
      28.38060      22.79052
      28.39080      22.82109
      28.40100      22.85195
      28.41110      22.88280
      28.42130      22.91423
      28.43150      22.94594
      28.44160      22.97763
      28.45180      23.00991
      28.46200      23.04248
      28.47210      23.07501
      28.48230      23.10814
      28.49250      23.14157
      28.50260      23.17493
      28.51280      23.20892
      28.52300      23.24318
      28.53310      23.27738
      28.54330      23.31221
      28.55340      23.34696
      28.56360      23.38235
      28.57380      23.41800
      28.58390      23.45358
      28.59410      23.48979
      28.60430      23.52626
      28.61440      23.56266
      28.62460      23.59968
      28.63480      23.63697
      28.64490      23.67415
      28.65510      23.71198
      28.66530      23.75007
      28.67540      23.78804
      28.68560      23.82664
      28.69570      23.86513
      28.70590      23.90425
      28.71610      23.94362
      28.72620      23.98285
      28.73640      24.02272
      28.74660      24.06283
      28.75670      24.10279
      28.76690      24.14338
      28.77710      24.18421
      28.78720      24.22488
      28.79740      24.26616
      28.80760      24.30768
      28.81770      24.34901
      28.82790      24.39097
      28.83810      24.43315
      28.84820      24.47511
      28.85840      24.51771
      28.86850      24.56008
      28.87870      24.60308
      28.88890      24.64626
      28.89900      24.68921
      28.90920      24.73277
      28.91940      24.77650
      28.92950      24.81999
      28.93970      24.86407
      28.94990      24.90832
      28.96000      24.95228
      28.97020      24.99684
      28.98040      25.04154
      28.99050      25.08595
      29.00070      25.13092
      29.01080      25.17558
      29.02100      25.22081
      29.03120      25.26615
      29.04130      25.31115
      29.05150      25.35670
      29.06170      25.40234
      29.07180      25.44761
      29.08200      25.49342
      29.09220      25.53929
      29.10230      25.58477
      29.11250      25.63076
      29.12270      25.67679
      29.13280      25.72240
      29.14300      25.76850
      29.15310      25.81416
      29.16330      25.86029
      29.17350      25.90641
      29.18360      25.95207
      29.19380      25.99817
      29.20400      26.04423
      29.21410      26.08980
      29.22430      26.13577
      29.23450      26.18168
      29.24460      26.22706
      29.25480      26.27281
      29.26500      26.31846
      29.27510      26.36357
      29.28530      26.40899
      29.29550      26.45429
      29.30560      26.49900
      29.31580      26.54400
      29.32590      26.58838
      29.33610      26.63303
      29.34630      26.67749
      29.35640      26.72129
      29.36660      26.76532
      29.37680      26.80911
      29.38690      26.85221
      29.39710      26.89549
      29.40730      26.93849
      29.41740      26.98077
      29.42760      27.02317
      29.43780      27.06524
      29.44790      27.10657
      29.45810      27.14795
      29.46820      27.18857
      29.47840      27.22921
      29.48860      27.26945
      29.49870      27.30888
      29.50890      27.34828
      29.51910      27.38723
      29.52920      27.42534
      29.53940      27.46336
      29.54960      27.50088
      29.55970      27.53753
      29.56990      27.57402
      29.58010      27.60996
      29.59020      27.64501
      29.60040      27.67982
      29.61060      27.71404
      29.62070      27.74734
      29.63090      27.78033
      29.64100      27.81238
      29.65120      27.84409
      29.66140      27.87513
      29.67150      27.90519
      29.68170      27.93485
      29.69190      27.96379
      29.70200      27.99172
      29.71220      28.01920
      29.72240      28.04590
      29.73250      28.07158
      29.74270      28.09673
      29.75290      28.12107
      29.76300      28.14438
      29.77320      28.16708
      29.78330      28.18873
      29.79350      28.20974
      29.80370      28.22989
      29.81380      28.24897
      29.82400      28.26735
      29.83420      28.28483
      29.84430      28.30124
      29.85450      28.31689
      29.86470      28.33162
      29.87480      28.34527
      29.88500      28.35811
      29.89520      28.37000
      29.90530      28.38082
      29.91550      28.39078
      29.92570      28.39977
      29.93580      28.40770
      29.94600      28.41472
      29.95610      28.42070
      29.96630      28.42574
      29.97650      28.42979
      29.98660      28.43281
      29.99680      28.43486
      30.00700      28.43591
      30.01710      28.43596
      30.02730      28.43501
      30.03750      28.43305
      30.04760      28.43012
      30.05780      28.42617
      30.06800      28.42121
      30.07810      28.41533
      30.08830      28.40840
      30.09840      28.40056
      30.10860      28.39167
      30.11880      28.38180
      30.12890      28.37107
      30.13910      28.35928
      30.14930      28.34652
      30.15940      28.33295
      30.16960      28.31832
      30.17980      28.30275
      30.18990      28.28643
      30.20010      28.26903
      30.21030      28.25073
      30.22040      28.23174
      30.23060      28.21167
      30.24080      28.19074
      30.25090      28.16917
      30.26110      28.14655
      30.27120      28.12332
      30.28140      28.09905
      30.29160      28.07398
      30.30170      28.04837
      30.31190      28.02174
      30.32210      27.99434
      30.33220      27.96648
      30.34240      27.93760
      30.35260      27.90801
      30.36270      27.87802
      30.37290      27.84704
      30.38310      27.81539
      30.39320      27.78341
      30.40340      27.75047
      30.41350      27.71724
      30.42370      27.68307
      30.43390      27.64830
      30.44400      27.61332
      30.45420      27.57742
      30.46440      27.54099
      30.47450      27.50438
      30.48470      27.46692
      30.49490      27.42895
      30.50500      27.39088
      30.51520      27.35197
      30.52540      27.31261
      30.53550      27.27322
      30.54570      27.23301
      30.55590      27.19241
      30.56600      27.15183
      30.57620      27.11048
      30.58630      27.06918
      30.59650      27.02714
      30.60670      26.98477
      30.61680      26.94251
      30.62700      26.89954
      30.63720      26.85630
      30.64730      26.81321
      30.65750      26.76945
      30.66770      26.72545
      30.67780      26.68166
      30.68800      26.63723
      30.69820      26.59260
      30.70830      26.54823
      30.71850      26.50324
      30.72860      26.45855
      30.73880      26.41326
      30.74900      26.36784
      30.75910      26.32276
      30.76930      26.27711
      30.77950      26.23137
      30.78960      26.18599
      30.79980      26.14009
      30.81000      26.09413
      30.82010      26.04856
      30.83030      26.00250
      30.84050      25.95641
      30.85060      25.91076
      30.86080      25.86463
      30.87100      25.81851
      30.88110      25.77285
      30.89130      25.72675
      30.90140      25.68113
      30.91160      25.63509
      30.92180      25.58910
      30.93190      25.54361
      30.94210      25.49773
      30.95230      25.45193
      30.96240      25.40664
      30.97260      25.36098
      30.98280      25.31544
      30.99290      25.27042
      31.00310      25.22507
      31.01330      25.17984
      31.02340      25.13517
      31.03360      25.09018
      31.04370      25.04576
      31.05390      25.00105
      31.06410      24.95647
      31.07420      24.91249
      31.08440      24.86823
      31.09460      24.82413
      31.10470      24.78063
      31.11490      24.73688
      31.12510      24.69331
      31.13520      24.65033
      31.14540      24.60713
      31.15560      24.56412
      31.16570      24.52172
      31.17590      24.47912
      31.18600      24.43712
      31.19620      24.39494
      31.20640      24.35295
      31.21650      24.31160
      31.22670      24.27006
      31.23690      24.22875
      31.24700      24.18807
      31.25720      24.14721
      31.26740      24.10660
      31.27750      24.06662
      31.28770      24.02648
      31.29790      23.98659
      31.30800      23.94733
      31.31820      23.90794
      31.32840      23.86880
      31.33850      23.83029
      31.34870      23.79166
      31.35880      23.75366
      31.36900      23.71556
      31.37920      23.67771
      31.38930      23.64049
      31.39950      23.60318
      31.40970      23.56613
      31.41980      23.52971
      31.43000      23.49321
      31.44020      23.45697
      31.45030      23.42137
      31.46050      23.38568
      31.47070      23.35028
      31.48080      23.31550
      31.49100      23.28065
      31.50110      23.24642
      31.51130      23.21213
      31.52150      23.17812
      31.53160      23.14472
      31.54180      23.11128
      31.55200      23.07812
      31.56210      23.04556
      31.57230      23.01297
      31.58250      22.98066
      31.59260      22.94894
      31.60280      22.91720
      31.61300      22.88574
      31.62310      22.85488
      31.63330      22.82398
      31.64350      22.79338
      31.65360      22.76336
      31.66380      22.73332
      31.67390      22.70386
      31.68410      22.67439
      31.69430      22.64520
      31.70440      22.61658
      31.71460      22.58795
      31.72480      22.55960
      31.73490      22.53181
      31.74510      22.50403
      31.75530      22.47652
      31.76540      22.44957
      31.77560      22.42261
      31.78580      22.39594
      31.79590      22.36980
      31.80610      22.34368
      31.81620      22.31808
      31.82640      22.29250
      31.83660      22.26720
      31.84670      22.24240
      31.85690      22.21764
      31.86710      22.19314
      31.87720      22.16915
      31.88740      22.14518
      31.89760      22.12147
      31.90770      22.09826
      31.91790      22.07508
      31.92810      22.05216
      31.93820      22.02972
      31.94840      22.00732
      31.95860      21.98517
      31.96870      21.96349
      31.97890      21.94184
      31.98900      21.92066
      31.99920      21.89951
      32.00940      21.87862
      32.01950      21.85816
      32.02970      21.83776
      32.03990      21.81759
      32.05000      21.79786
      32.06020      21.77817
      32.07040      21.75872
      32.08050      21.73969
      32.09070      21.72072
      32.10090      21.70197
      32.11100      21.68362
      32.12120      21.66533
      32.13130      21.64744
      32.14150      21.62960
      32.15170      21.61198
      32.16180      21.59474
      32.17200      21.57756
      32.18220      21.56059
      32.19230      21.54400
      32.20250      21.52746
      32.21270      21.51113
      32.22280      21.49517
      32.23300      21.47925
      32.24320      21.46355
      32.25330      21.44819
      32.26350      21.43288
      32.27370      21.41777
      32.28380      21.40301
      32.29400      21.38829
      32.30410      21.37390
      32.31430      21.35957
      32.32450      21.34542
      32.33460      21.33160
      32.34480      21.31783
      32.35500      21.30423
      32.36510      21.29095
      32.37530      21.27772
      32.38550      21.26466
      32.39560      21.25191
      32.40580      21.23919
      32.41600      21.22666
      32.42610      21.21441
      32.43630      21.20221
      32.44640      21.19028
      32.45660      21.17841
      32.46680      21.16669
      32.47690      21.15525
      32.48710      21.14385
      32.49730      21.13261
      32.50740      21.12162
      32.51760      21.11068
      32.52780      21.09989
      32.53790      21.08936
      32.54810      21.07886
      32.55830      21.06851
      32.56840      21.05840
      32.57860      21.04832
      32.58880      21.03839
      32.59890      21.02869
      32.60910      21.01903
      32.61920      21.00959
      32.62940      21.00020
      32.63960      20.99093
      32.64970      20.98188
      32.65990      20.97286
      32.67010      20.96397
      32.68020      20.95529
      32.69040      20.94664
      32.70060      20.93812
      32.71070      20.92978
      32.72090      20.92149
      32.73110      20.91331
      32.74120      20.90532
      32.75140      20.89736
      32.76150      20.88959
      32.77170      20.88185
      32.78190      20.87421
      32.79200      20.86676
      32.80220      20.85933
      32.81240      20.85200
      32.82250      20.84485
      32.83270      20.83772
      32.84290      20.83069
      32.85300      20.82382
      32.86320      20.81698
      32.87340      20.81023
      32.88350      20.80364
      32.89370      20.79708
      32.90390      20.79060
      32.91400      20.78427
      32.92420      20.77797
      32.93430      20.77180
      32.94450      20.76567
      32.95470      20.75961
      32.96480      20.75369
      32.97500      20.74780
      32.98520      20.74199
      32.99530      20.73630
      33.00550      20.73063
      33.01570      20.72504
      33.02580      20.71958
      33.03600      20.71414
      33.04620      20.70877
      33.05630      20.70351
      33.06650      20.69828
      33.07660      20.69316
      33.08680      20.68806
      33.09700      20.68303
      33.10710      20.67810
      33.11730      20.67320
      33.12750      20.66835
      33.13760      20.66362
      33.14780      20.65889
      33.15800      20.65423
      33.16810      20.64967
      33.17830      20.64512
      33.18850      20.64063
      33.19860      20.63624
      33.20880      20.63186
      33.21890      20.62757
      33.22910      20.62330
      33.23930      20.61908
      33.24940      20.61495
      33.25960      20.61083
      33.26980      20.60676
      33.27990      20.60277
      33.29010      20.59880
      33.30030      20.59487
      33.31040      20.59103
      33.32060      20.58719
      33.33080      20.58340
      33.34090      20.57969
      33.35110      20.57599
      33.36130      20.57233
      33.37140      20.56875
      33.38160      20.56517
      33.39170      20.56167
      33.40190      20.55817
      33.41210      20.55472
      33.42220      20.55133
      33.43240      20.54795
      33.44260      20.54461
      33.45270      20.54133
      33.46290      20.53807
      33.47310      20.53483
      33.48320      20.53166
      33.49340      20.52850
      33.50360      20.52537
      33.51370      20.52230
      33.52390      20.51924
      33.53400      20.51623
      33.54420      20.51323
      33.55440      20.51026
      33.56450      20.50735
      33.57470      20.50444
      33.58490      20.50156
      33.59500      20.49874
      33.60520      20.49592
      33.61540      20.49313
      33.62550      20.49039
      33.63570      20.48765
      33.64590      20.48494
      33.65600      20.48229
      33.66620      20.47963
      33.67640      20.47700
      33.68650      20.47442
      33.69670      20.47184
      33.70680      20.46931
      33.71700      20.46677
      33.72720      20.46427
      33.73730      20.46181
      33.74750      20.45934
      33.75770      20.45691
      33.76780      20.45451
      33.77800      20.45212
      33.78820      20.44975
      33.79830      20.44742
      33.80850      20.44509
      33.81870      20.44278
      33.82880      20.44052
      33.83900      20.43825
      33.84910      20.43602
      33.85930      20.43380
      33.86950      20.43159
      33.87960      20.42942
      33.88980      20.42725
      33.90000      20.42510
      33.91010      20.42298
      33.92030      20.42087
      33.93050      20.41877
      33.94060      20.41671
      33.95080      20.41465
      33.96100      20.41260
      33.97110      20.41059
      33.98130      20.40858
      33.99150      20.40658
      34.00160      20.40462
      34.01180      20.40266
      34.02190      20.40073
      34.03210      20.39880
      34.04230      20.39688
      34.05240      20.39499
      34.06260      20.39311
      34.07280      20.39123
      34.08290      20.38939
      34.09310      20.38755
      34.10330      20.38572
      34.11340      20.38392
      34.12360      20.38212
      34.13380      20.38033
      34.14390      20.37858
      34.15410      20.37682
      34.16420      20.37508
      34.17440      20.37335
      34.18460      20.37163
      34.19470      20.36993
      34.20490      20.36824
      34.21510      20.36655
      34.22520      20.36489
      34.23540      20.36324
      34.24560      20.36159
      34.25570      20.35997
      34.26590      20.35834
      34.27610      20.35673
      34.28620      20.35514
      34.29640      20.35355
      34.30660      20.35197
      34.31670      20.35042
      34.32690      20.34886
      34.33700      20.34733
      34.34720      20.34579
      34.35740      20.34427
      34.36750      20.34277
      34.37770      20.34126
      34.38790      20.33977
      34.39800      20.33830
      34.40820      20.33682
      34.41840      20.33536
      34.42850      20.33392
      34.43870      20.33248
      34.44890      20.33104
      34.45900      20.32963
      34.46920      20.32821
      34.47930      20.32682
      34.48950      20.32542
      34.49970      20.32403
      34.50980      20.32267
      34.52000      20.32129
      34.53020      20.31993
      34.54030      20.31859
      34.55050      20.31725
      34.56070      20.31591
      34.57080      20.31460
      34.58100      20.31328
      34.59120      20.31197
      34.60130      20.31068
      34.61150      20.30939
      34.62170      20.30810
      34.63180      20.30684
      34.64200      20.30556
      34.65210      20.30432
      34.66230      20.30306
      34.67250      20.30182
      34.68260      20.30059
      34.69280      20.29936
      34.70300      20.29813
      34.71310      20.29693
      34.72330      20.29572
      34.73350      20.29452
      34.74360      20.29334
      34.75380      20.29215
      34.76400      20.29097
      34.77410      20.28981
      34.78430      20.28865
      34.79440      20.28750
      34.80460      20.28635
      34.81480      20.28520
      34.82490      20.28408
      34.83510      20.28295
      34.84530      20.28182
      34.85540      20.28071
      34.86560      20.27960
      34.87580      20.27850
      34.88590      20.27741
      34.89610      20.27632
      34.90630      20.27523
      34.91640      20.27417
      34.92660      20.27309
      34.93670      20.27204
      34.94690      20.27098
      34.95710      20.26992
      34.96720      20.26888
      34.97740      20.26784
      34.98760      20.26681
      34.99770      20.26579
      35.00790      20.26476
      35.01810      20.26374
      35.02820      20.26274
      35.03840      20.26174
      35.04860      20.26073
      35.05870      20.25975
      35.06890      20.25876
      35.07910      20.25777
      35.08920      20.25680
      35.09940      20.25583
      35.10950      20.25487
      35.11970      20.25391
      35.12990      20.25295
      35.14000      20.25201
      35.15020      20.25106
      35.16040      20.25012
      35.17050      20.24920
      35.18070      20.24826
      35.19090      20.24734
      35.20100      20.24643
      35.21120      20.24551
      35.22140      20.24460
      35.23150      20.24370
      35.24170      20.24280
      35.25180      20.24191
      35.26200      20.24102
      35.27220      20.24014
      35.28230      20.23927
      35.29250      20.23839
      35.30270      20.23752
      35.31280      20.23666
      35.32300      20.23579
      35.33320      20.23494
      35.34330      20.23409
      35.35350      20.23324
      35.36370      20.23240
      35.37380      20.23157
      35.38400      20.23073
      35.39420      20.22990
      35.40430      20.22908
      35.41450      20.22826
      35.42460      20.22745
      35.43480      20.22664
      35.44500      20.22583
      35.45510      20.22503
      35.46530      20.22423
      35.47550      20.22343
      35.48560      20.22265
      35.49580      20.22186
      35.50600      20.22108
      35.51610      20.22030
      35.52630      20.21953
      35.53650      20.21876
      35.54660      20.21799
      35.55680      20.21723
      35.56690      20.21648
      35.57710      20.21572
      35.58730      20.21497
      35.59740      20.21423
      35.60760      20.21348
      35.61780      20.21274
      35.62790      20.21201
      35.63810      20.21128
      35.64830      20.21055
      35.65840      20.20983
      35.66860      20.20911
      35.67880      20.20839
      35.68890      20.20768
      35.69910      20.20697
      35.70930      20.20626
      35.71940      20.20557
      35.72960      20.20487
      35.73970      20.20418
      35.74990      20.20348
      35.76010      20.20279
      35.77020      20.20211
      35.78040      20.20143
      35.79060      20.20075
      35.80070      20.20008
      35.81090      20.19941
      35.82110      20.19874
      35.83120      20.19808
      35.84140      20.19741
      35.85160      20.19675
      35.86170      20.19610
      35.87190      20.19545
      35.88200      20.19481
      35.89220      20.19416
      35.90240      20.19351
      35.91250      20.19288
      35.92270      20.19224
      35.93290      20.19161
      35.94300      20.19098
      35.95320      20.19035
      35.96340      20.18973
      35.97350      20.18911
      35.98370      20.18849
      35.99390      20.18788
