! TITLE: Yobs                                                                                                                                                                                                                                                            
! Peak:  3
       6.00860      20.00000
       6.01870      20.00000
       6.02890      20.00000
       6.03910      20.00000
       6.04920      20.00000
       6.05940      20.00000
       6.06960      20.00000
       6.07970      20.00000
       6.08990      20.00000
       6.10010      20.00000
       6.11020      20.00000
       6.12040      20.00000
       6.13060      20.00000
       6.14070      20.00000
       6.15090      20.00000
       6.16110      20.00000
       6.17120      20.00000
       6.18140      20.00000
       6.19150      20.00000
       6.20170      20.00000
       6.21190      20.00000
       6.22200      20.00000
       6.23220      20.00000
       6.24240      20.00000
       6.25250      20.00000
       6.26270      20.00000
       6.27290      20.00000
       6.28300      20.00000
       6.29320      20.00000
       6.30340      20.00000
       6.31350      20.00000
       6.32370      20.00000
       6.33380      20.00000
       6.34400      20.00000
       6.35420      20.00000
       6.36430      20.00000
       6.37450      20.00000
       6.38470      20.00000
       6.39480      20.00000
       6.40500      20.00000
       6.41520      20.00000
       6.42530      20.00000
       6.43550      20.00000
       6.44570      20.00000
       6.45580      20.00000
       6.46600      20.00000
       6.47620      20.00000
       6.48630      20.00000
       6.49650      20.00000
       6.50660      20.00000
       6.51680      20.00000
       6.52700      20.00000
       6.53710      20.00000
       6.54730      20.00000
       6.55750      20.00000
       6.56760      20.00000
       6.57780      20.00000
       6.58800      20.00000
       6.59810      20.00000
       6.60830      20.00000
       6.61850      20.00000
       6.62860      20.00000
       6.63880      20.00000
       6.64890      20.00000
       6.65910      20.00000
       6.66930      20.00000
       6.67940      20.00000
       6.68960      20.00000
       6.69980      20.00000
       6.70990      20.00000
       6.72010      20.00000
       6.73030      20.00000
       6.74040      20.00000
       6.75060      20.00000
       6.76080      20.00000
       6.77090      20.00000
       6.78110      20.00000
       6.79130      20.00000
       6.80140      20.00000
       6.81160      20.00000
       6.82170      20.00000
       6.83190      20.00000
       6.84210      20.00000
       6.85220      20.00000
       6.86240      20.00000
       6.87260      20.00000
       6.88270      20.00000
       6.89290      20.00000
       6.90310      20.00000
       6.91320      20.00000
       6.92340      20.00000
       6.93360      20.00000
       6.94370      20.00000
       6.95390      20.00000
       6.96400      20.00000
       6.97420      20.00000
       6.98440      20.00000
       6.99450      20.00000
       7.00470      20.00000
       7.01490      20.00000
       7.02500      20.00000
       7.03520      20.00000
       7.04540      20.00000
       7.05550      20.00000
       7.06570      20.00000
       7.07590      20.00000
       7.08600      20.00000
       7.09620      20.00000
       7.10640      20.00000
       7.11650      20.00000
       7.12670      20.00000
       7.13680      20.00000
       7.14700      20.00000
       7.15720      20.00000
       7.16730      20.00000
       7.17750      20.00000
       7.18770      20.00000
       7.19780      20.00000
       7.20800      20.00000
       7.21820      20.00000
       7.22830      20.00000
       7.23850      20.00000
       7.24870      20.00000
       7.25880      20.00000
       7.26900      20.00000
       7.27910      20.00000
       7.28930      20.00000
       7.29950      20.00000
       7.30960      20.00000
       7.31980      20.00000
       7.33000      20.00000
       7.34010      20.00000
       7.35030      20.00000
       7.36050      20.00000
       7.37060      20.00000
       7.38080      20.00000
       7.39100      20.00000
       7.40110      20.00000
       7.41130      20.00000
       7.42150      20.00000
       7.43160      20.00000
       7.44180      20.00000
       7.45190      20.00000
       7.46210      20.00000
       7.47230      20.00000
       7.48240      20.00000
       7.49260      20.00000
       7.50280      20.00000
       7.51290      20.00000
       7.52310      20.00000
       7.53330      20.00000
       7.54340      20.00000
       7.55360      20.00000
       7.56380      20.00000
       7.57390      20.00000
       7.58410      20.00000
       7.59420      20.00000
       7.60440      20.00000
       7.61460      20.00000
       7.62470      20.00000
       7.63490      20.00000
       7.64510      20.00000
       7.65520      20.00000
       7.66540      20.00000
       7.67560      20.00000
       7.68570      20.00000
       7.69590      20.00000
       7.70610      20.00000
       7.71620      20.00000
       7.72640      20.00000
       7.73650      20.00000
       7.74670      20.00000
       7.75690      20.00000
       7.76700      20.00000
       7.77720      20.00000
       7.78740      20.00000
       7.79750      20.00000
       7.80770      20.00000
       7.81790      20.00000
       7.82800      20.00000
       7.83820      20.00000
       7.84840      20.00000
       7.85850      20.00000
       7.86870      20.00000
       7.87890      20.00000
       7.88900      20.00000
       7.89920      20.00000
       7.90930      20.00000
       7.91950      20.00000
       7.92970      20.00000
       7.93980      20.00000
       7.95000      20.00000
       7.96020      20.00000
       7.97030      20.00000
       7.98050      20.00000
       7.99070      20.00000
       8.00080      20.00000
       8.01100      20.00000
       8.02120      20.00000
       8.03130      20.00000
       8.04150      20.00000
       8.05160      20.00000
       8.06180      20.00000
       8.07200      20.00000
       8.08210      20.00000
       8.09230      20.00000
       8.10250      20.00000
       8.11260      20.00000
       8.12280      20.00000
       8.13300      20.00000
       8.14310      20.00000
       8.15330      20.00000
       8.16350      20.00000
       8.17360      20.00000
       8.18380      20.00000
       8.19400      20.00000
       8.20410      20.00000
       8.21430      20.00000
       8.22440      20.00000
       8.23460      20.00000
       8.24480      20.00000
       8.25490      20.00000
       8.26510      20.00000
       8.27530      20.00000
       8.28540      20.00000
       8.29560      20.00000
       8.30580      20.00000
       8.31590      20.00000
       8.32610      20.00000
       8.33630      20.00000
       8.34640      20.00000
       8.35660      20.00000
       8.36670      20.00000
       8.37690      20.00000
       8.38710      20.00000
       8.39720      20.00000
       8.40740      20.00000
       8.41760      20.00000
       8.42770      20.00000
       8.43790      20.00000
       8.44810      20.00000
       8.45820      20.00000
       8.46840      20.00000
       8.47860      20.00000
       8.48870      20.00000
       8.49890      20.00000
       8.50910      20.00000
       8.51920      20.00000
       8.52940      20.00000
       8.53950      20.00000
       8.54970      20.00000
       8.55990      20.00000
       8.57000      20.00000
       8.58020      20.00000
       8.59040      20.00000
       8.60050      20.00000
       8.61070      20.00000
       8.62090      20.00000
       8.63100      20.00000
       8.64120      20.00000
       8.65140      20.00000
       8.66150      20.00000
       8.67170      20.00000
       8.68180      20.00000
       8.69200      20.00000
       8.70220      20.00000
       8.71230      20.00000
       8.72250      20.00000
       8.73270      20.00000
       8.74280      20.00000
       8.75300      20.00000
       8.76320      20.00000
       8.77330      20.00000
       8.78350      20.00000
       8.79370      20.00000
       8.80380      20.00000
       8.81400      20.00000
       8.82420      20.00000
       8.83430      20.00000
       8.84450      20.00000
       8.85460      20.00000
       8.86480      20.00000
       8.87500      20.00000
       8.88510      20.00000
       8.89530      20.00000
       8.90550      20.00000
       8.91560      20.00000
       8.92580      20.00000
       8.93600      20.00000
       8.94610      20.00000
       8.95630      20.00000
       8.96650      20.00000
       8.97660      20.00000
       8.98680      20.00000
       8.99690      20.00000
       9.00710      20.00000
       9.01730      20.00000
       9.02740      20.00000
       9.03760      20.00000
       9.04780      20.00000
       9.05790      20.00000
       9.06810      20.00000
       9.07830      20.00000
       9.08840      20.00000
       9.09860      20.00000
       9.10880      20.00000
       9.11890      20.00000
       9.12910      20.00000
       9.13930      20.00000
       9.14940      20.00000
       9.15960      20.00000
       9.16970      20.00000
       9.17990      20.00000
       9.19010      20.00000
       9.20020      20.00000
       9.21040      20.00000
       9.22060      20.00000
       9.23070      20.00000
       9.24090      20.00000
       9.25110      20.00000
       9.26120      20.00000
       9.27140      20.00000
       9.28160      20.00000
       9.29170      20.00000
       9.30190      20.00000
       9.31200      20.00000
       9.32220      20.00000
       9.33240      20.00000
       9.34250      20.00000
       9.35270      20.00000
       9.36290      20.00000
       9.37300      20.00000
       9.38320      20.00000
       9.39340      20.00000
       9.40350      20.00000
       9.41370      20.00000
       9.42390      20.00000
       9.43400      20.00000
       9.44420      20.00000
       9.45440      20.00000
       9.46450      20.00000
       9.47470      20.00000
       9.48480      20.00000
       9.49500      20.00000
       9.50520      20.00000
       9.51530      20.00000
       9.52550      20.00000
       9.53570      20.00000
       9.54580      20.00000
       9.55600      20.00000
       9.56620      20.00000
       9.57630      20.00000
       9.58650      20.00000
       9.59670      20.00000
       9.60680      20.00000
       9.61700      20.00000
       9.62710      20.00000
       9.63730      20.00000
       9.64750      20.00000
       9.65760      20.00000
       9.66780      20.00000
       9.67800      20.00000
       9.68810      20.00000
       9.69830      20.00000
       9.70850      20.00000
       9.71860      20.00000
       9.72880      20.00000
       9.73900      20.00000
       9.74910      20.00000
       9.75930      20.00000
       9.76940      20.00000
       9.77960      20.00000
       9.78980      20.00000
       9.79990      20.00000
       9.81010      20.00000
       9.82030      20.00000
       9.83040      20.00000
       9.84060      20.00000
       9.85080      20.00000
       9.86090      20.00000
       9.87110      20.00000
       9.88130      20.00000
       9.89140      20.00000
       9.90160      20.00000
       9.91180      20.00000
       9.92190      20.00000
       9.93210      20.00000
       9.94220      20.00000
       9.95240      20.00000
       9.96260      20.00000
       9.97270      20.00000
       9.98290      20.00000
       9.99310      20.00000
      10.00320      20.00000
      10.01340      20.00000
      10.02360      20.07221
      10.03370      20.07233
      10.04390      20.07245
      10.05410      20.07257
      10.06420      20.07268
      10.07440      20.07280
      10.08450      20.07292
      10.09470      20.07304
      10.10490      20.07316
      10.11500      20.07328
      10.12520      20.07340
      10.13540      20.07352
      10.14550      20.07364
      10.15570      20.07376
      10.16590      20.07388
      10.17600      20.07400
      10.18620      20.07413
      10.19640      20.07425
      10.20650      20.07437
      10.21670      20.07449
      10.22690      20.07462
      10.23700      20.07474
      10.24720      20.07486
      10.25730      20.07499
      10.26750      20.07511
      10.27770      20.07524
      10.28780      20.07536
      10.29800      20.07549
      10.30820      20.07561
      10.31830      20.07574
      10.32850      20.07586
      10.33870      20.07599
      10.34880      20.07612
      10.35900      20.07625
      10.36920      20.07637
      10.37930      20.07650
      10.38950      20.07663
      10.39960      20.07676
      10.40980      20.07689
      10.42000      20.07701
      10.43010      20.07714
      10.44030      20.07727
      10.45050      20.07740
      10.46060      20.07753
      10.47080      20.07767
      10.48100      20.07780
      10.49110      20.07793
      10.50130      20.07806
      10.51150      20.07819
      10.52160      20.07832
      10.53180      20.07846
      10.54200      20.07859
      10.55210      20.07872
      10.56230      20.07886
      10.57240      20.07899
      10.58260      20.07912
      10.59280      20.07926
      10.60290      20.07939
      10.61310      20.07953
      10.62330      20.07967
      10.63340      20.07980
      10.64360      20.07994
      10.65380      20.08008
      10.66390      20.08021
      10.67410      20.08035
      10.68430      20.08049
      10.69440      20.08063
      10.70460      20.08076
      10.71470      20.08090
      10.72490      20.08104
      10.73510      20.08118
      10.74520      20.08132
      10.75540      20.08146
      10.76560      20.08160
      10.77570      20.08175
      10.78590      20.08189
      10.79610      20.08203
      10.80620      20.08217
      10.81640      20.08231
      10.82660      20.08246
      10.83670      20.08260
      10.84690      20.08274
      10.85710      20.08289
      10.86720      20.08303
      10.87740      20.08318
      10.88750      20.08332
      10.89770      20.08347
      10.90790      20.08361
      10.91800      20.08376
      10.92820      20.08391
      10.93840      20.08405
      10.94850      20.08420
      10.95870      20.08435
      10.96890      20.08450
      10.97900      20.08465
      10.98920      20.08479
      10.99940      20.08495
      11.00950      20.08509
      11.01970      20.08525
      11.02980      20.08540
      11.04000      20.08555
      11.05020      20.08570
      11.06030      20.08585
      11.07050      20.08600
      11.08070      20.08615
      11.09080      20.08631
      11.10100      20.08646
      11.11120      20.08662
      11.12130      20.08677
      11.13150      20.08693
      11.14170      20.08708
      11.15180      20.08723
      11.16200      20.08739
      11.17220      20.08755
      11.18230      20.08770
      11.19250      20.08786
      11.20260      20.08802
      11.21280      20.08818
      11.22300      20.08834
      11.23310      20.08850
      11.24330      20.08865
      11.25350      20.08881
      11.26360      20.08897
      11.27380      20.08913
      11.28400      20.08930
      11.29410      20.08946
      11.30430      20.08962
      11.31450      20.08978
      11.32460      20.08994
      11.33480      20.09011
      11.34490      20.09027
      11.35510      20.09044
      11.36530      20.09060
      11.37540      20.09076
      11.38560      20.09093
      11.39580      20.09110
      11.40590      20.09126
      11.41610      20.09143
      11.42630      20.09160
      11.43640      20.09177
      11.44660      20.09193
      11.45680      20.09210
      11.46690      20.09227
      11.47710      20.09244
      11.48730      20.09261
      11.49740      20.09278
      11.50760      20.09295
      11.51770      20.09312
      11.52790      20.09330
      11.53810      20.09347
      11.54820      20.09364
      11.55840      20.09382
      11.56860      20.09399
      11.57870      20.09416
      11.58890      20.09434
      11.59910      20.09451
      11.60920      20.09469
      11.61940      20.09487
      11.62960      20.09505
      11.63970      20.09522
      11.64990      20.09540
      11.66000      20.09558
      11.67020      20.09576
      11.68040      20.09594
      11.69050      20.09612
      11.70070      20.09630
      11.71090      20.09648
      11.72100      20.09666
      11.73120      20.09684
      11.74140      20.09702
      11.75150      20.09721
      11.76170      20.09739
      11.77190      20.09757
      11.78200      20.09776
      11.79220      20.09794
      11.80230      20.09813
      11.81250      20.09831
      11.82270      20.09850
      11.83280      20.09869
      11.84300      20.09888
      11.85320      20.09907
      11.86330      20.09925
      11.87350      20.09944
      11.88370      20.09963
      11.89380      20.09982
      11.90400      20.10001
      11.91420      20.10021
      11.92430      20.10040
      11.93450      20.10059
      11.94470      20.10078
      11.95480      20.10098
      11.96500      20.10117
      11.97510      20.10136
      11.98530      20.10156
      11.99550      20.10176
      12.00560      20.10195
      12.01580      20.10215
      12.02600      20.10235
      12.03610      20.10254
      12.04630      20.10275
      12.05650      20.10295
      12.06660      20.10314
      12.07680      20.10335
      12.08700      20.10355
      12.09710      20.10375
      12.10730      20.10395
      12.11740      20.10415
      12.12760      20.10436
      12.13780      20.10456
      12.14790      20.10476
      12.15810      20.10497
      12.16830      20.10518
      12.17840      20.10538
      12.18860      20.10559
      12.19880      20.10580
      12.20890      20.10600
      12.21910      20.10621
      12.22930      20.10642
      12.23940      20.10663
      12.24960      20.10685
      12.25980      20.10706
      12.26990      20.10727
      12.28010      20.10748
      12.29020      20.10769
      12.30040      20.10791
      12.31060      20.10812
      12.32070      20.10834
      12.33090      20.10855
      12.34110      20.10877
      12.35120      20.10899
      12.36140      20.10921
      12.37160      20.10942
      12.38170      20.10964
      12.39190      20.10986
      12.40210      20.11008
      12.41220      20.11030
      12.42240      20.11053
      12.43250      20.11075
      12.44270      20.11097
      12.45290      20.11120
      12.46300      20.11142
      12.47320      20.11164
      12.48340      20.11187
      12.49350      20.11210
      12.50370      20.11232
      12.51390      20.11255
      12.52400      20.11278
      12.53420      20.11301
      12.54440      20.11324
      12.55450      20.11347
      12.56470      20.11370
      12.57490      20.11394
      12.58500      20.11417
      12.59520      20.11440
      12.60530      20.11463
      12.61550      20.11487
      12.62570      20.11511
      12.63580      20.11534
      12.64600      20.11558
      12.65620      20.11582
      12.66630      20.11605
      12.67650      20.11629
      12.68670      20.11654
      12.69680      20.11678
      12.70700      20.11702
      12.71720      20.11726
      12.72730      20.11750
      12.73750      20.11775
      12.74760      20.11799
      12.75780      20.11824
      12.76800      20.11848
      12.77810      20.11873
      12.78830      20.11898
      12.79850      20.11923
      12.80860      20.11947
      12.81880      20.11972
      12.82900      20.11998
      12.83910      20.12023
      12.84930      20.12048
      12.85950      20.12073
      12.86960      20.12099
      12.87980      20.12124
      12.89000      20.12150
      12.90010      20.12175
      12.91030      20.12201
      12.92040      20.12227
      12.93060      20.12253
      12.94080      20.12279
      12.95090      20.12304
      12.96110      20.12331
      12.97130      20.12357
      12.98140      20.12383
      12.99160      20.12410
      13.00180      20.12436
      13.01190      20.12463
      13.02210      20.12489
      13.03230      20.12516
      13.04240      20.12543
      13.05260      20.12570
      13.06270      20.12597
      13.07290      20.12624
      13.08310      20.12651
      13.09320      20.12678
      13.10340      20.12705
      13.11360      20.12733
      13.12370      20.12760
      13.13390      20.12788
      13.14410      20.12816
      13.15420      20.12843
      13.16440      20.12871
      13.17460      20.12899
      13.18470      20.12927
      13.19490      20.12955
      13.20510      20.12984
      13.21520      20.13012
      13.22540      20.13040
      13.23550      20.13069
      13.24570      20.13097
      13.25590      20.13126
      13.26600      20.13155
      13.27620      20.13184
      13.28640      20.13213
      13.29650      20.13242
      13.30670      20.13271
      13.31690      20.13300
      13.32700      20.13330
      13.33720      20.13359
      13.34740      20.13389
      13.35750      20.13418
      13.36770      20.13448
      13.37780      20.13478
      13.38800      20.13508
      13.39820      20.13538
      13.40830      20.13568
      13.41850      20.13598
      13.42870      20.13629
      13.43880      20.13659
      13.44900      20.13690
      13.45920      20.13721
      13.46930      20.13751
      13.47950      20.13782
      13.48970      20.13813
      13.49980      20.13844
      13.51000      20.13875
      13.52010      20.13906
      13.53030      20.13938
      13.54050      20.13969
      13.55060      20.14001
      13.56080      20.14033
      13.57100      20.14065
      13.58110      20.14096
      13.59130      20.14128
      13.60150      20.14161
      13.61160      20.14193
      13.62180      20.14225
      13.63200      20.14258
      13.64210      20.14290
      13.65230      20.14323
      13.66250      20.14356
      13.67260      20.14389
      13.68280      20.14422
      13.69290      20.14455
      13.70310      20.14488
      13.71330      20.14522
      13.72340      20.14555
      13.73360      20.14589
      13.74380      20.14622
      13.75390      20.14656
      13.76410      20.14690
      13.77430      20.14724
      13.78440      20.14758
      13.79460      20.14793
      13.80480      20.14827
      13.81490      20.14862
      13.82510      20.14896
      13.83520      20.14931
      13.84540      20.14966
      13.85560      20.15001
      13.86570      20.15036
      13.87590      20.15071
      13.88610      20.15107
      13.89620      20.15142
      13.90640      20.15178
      13.91660      20.15214
      13.92670      20.15250
      13.93690      20.15286
      13.94710      20.15322
      13.95720      20.15358
      13.96740      20.15395
      13.97760      20.15432
      13.98770      20.15468
      13.99790      20.15505
      14.00800      20.15542
      14.01820      20.15579
      14.02840      20.15616
      14.03850      20.15653
      14.04870      20.15691
      14.05890      20.15729
      14.06900      20.15766
      14.07920      20.15804
      14.08940      20.15842
      14.09950      20.15880
      14.10970      20.15919
      14.11990      20.15957
      14.13000      20.15996
      14.14020      20.16035
      14.15030      20.16073
      14.16050      20.16112
      14.17070      20.16151
      14.18080      20.16191
      14.19100      20.16230
      14.20120      20.16270
      14.21130      20.16309
      14.22150      20.16349
      14.23170      20.16389
      14.24180      20.16429
      14.25200      20.16470
      14.26220      20.16510
      14.27230      20.16551
      14.28250      20.16591
      14.29270      20.16633
      14.30280      20.16673
      14.31300      20.16715
      14.32310      20.16756
      14.33330      20.16797
      14.34350      20.16839
      14.35360      20.16881
      14.36380      20.16923
      14.37400      20.16965
      14.38410      20.17007
      14.39430      20.17050
      14.40450      20.17093
      14.41460      20.17135
      14.42480      20.17178
      14.43500      20.17221
      14.44510      20.17264
      14.45530      20.17308
      14.46540      20.17351
      14.47560      20.17395
      14.48580      20.17439
      14.49590      20.17483
      14.50610      20.17527
      14.51630      20.17572
      14.52640      20.17616
      14.53660      20.17661
      14.54680      20.17706
      14.55690      20.17751
      14.56710      20.17796
      14.57730      20.17842
      14.58740      20.17887
      14.59760      20.17933
      14.60780      20.17979
      14.61790      20.18025
      14.62810      20.18072
      14.63820      20.18118
      14.64840      20.18165
      14.65860      20.18212
      14.66870      20.18258
      14.67890      20.18306
      14.68910      20.18353
      14.69920      20.18401
      14.70940      20.18448
      14.71960      20.18497
      14.72970      20.18544
      14.73990      20.18593
      14.75010      20.18642
      14.76020      20.18690
      14.77040      20.18739
      14.78050      20.18788
      14.79070      20.18837
      14.80090      20.18887
      14.81100      20.18936
      14.82120      20.18986
      14.83140      20.19037
      14.84150      20.19086
      14.85170      20.19137
      14.86190      20.19188
      14.87200      20.19238
      14.88220      20.19290
      14.89240      20.19341
      14.90250      20.19392
      14.91270      20.19444
      14.92290      20.19496
      14.93300      20.19548
      14.94320      20.19600
      14.95330      20.19653
      14.96350      20.19706
      14.97370      20.19759
      14.98380      20.19811
      14.99400      20.19865
      15.00420      20.19919
      15.01430      20.19972
      15.02450      20.20026
      15.03470      20.20081
      15.04480      20.20135
      15.05500      20.20190
      15.06520      20.20245
      15.07530      20.20300
      15.08550      20.20355
      15.09560      20.20410
      15.10580      20.20466
      15.11600      20.20522
      15.12610      20.20578
      15.13630      20.20635
      15.14650      20.20692
      15.15660      20.20749
      15.16680      20.20806
      15.17700      20.20864
      15.18710      20.20921
      15.19730      20.20979
      15.20750      20.21037
      15.21760      20.21095
      15.22780      20.21154
      15.23800      20.21213
      15.24810      20.21272
      15.25830      20.21332
      15.26840      20.21391
      15.27860      20.21451
      15.28880      20.21511
      15.29890      20.21571
      15.30910      20.21632
      15.31930      20.21693
      15.32940      20.21754
      15.33960      20.21815
      15.34980      20.21877
      15.35990      20.21939
      15.37010      20.22001
      15.38030      20.22064
      15.39040      20.22126
      15.40060      20.22189
      15.41070      20.22252
      15.42090      20.22316
      15.43110      20.22380
      15.44120      20.22443
      15.45140      20.22508
      15.46160      20.22573
      15.47170      20.22637
      15.48190      20.22703
      15.49210      20.22768
      15.50220      20.22834
      15.51240      20.22900
      15.52260      20.22966
      15.53270      20.23033
      15.54290      20.23100
      15.55300      20.23166
      15.56320      20.23234
      15.57340      20.23302
      15.58350      20.23370
      15.59370      20.23438
      15.60390      20.23507
      15.61400      20.23576
      15.62420      20.23645
      15.63440      20.23715
      15.64450      20.23784
      15.65470      20.23855
      15.66490      20.23925
      15.67500      20.23996
      15.68520      20.24067
      15.69540      20.24139
      15.70550      20.24210
      15.71570      20.24282
      15.72580      20.24354
      15.73600      20.24427
      15.74620      20.24501
      15.75630      20.24574
      15.76650      20.24647
      15.77670      20.24722
      15.78680      20.24796
      15.79700      20.24870
      15.80720      20.24946
      15.81730      20.25021
      15.82750      20.25097
      15.83770      20.25173
      15.84780      20.25249
      15.85800      20.25326
      15.86810      20.25402
      15.87830      20.25480
      15.88850      20.25558
      15.89860      20.25636
      15.90880      20.25715
      15.91900      20.25794
      15.92910      20.25873
      15.93930      20.25952
      15.94950      20.26033
      15.95960      20.26113
      15.96980      20.26193
      15.98000      20.26275
      15.99010      20.26356
      16.00030      20.26438
      16.01050      20.26520
      16.02060      20.26602
      16.03080      20.26686
      16.04090      20.26768
      16.05110      20.26853
      16.06130      20.26937
      16.07140      20.27021
      16.08160      20.27106
      16.09180      20.27192
      16.10190      20.27277
      16.11210      20.27364
      16.12230      20.27451
      16.13240      20.27537
      16.14260      20.27625
      16.15280      20.27713
      16.16290      20.27800
      16.17310      20.27889
      16.18320      20.27978
      16.19340      20.28068
      16.20360      20.28158
      16.21370      20.28248
      16.22390      20.28339
      16.23410      20.28430
      16.24420      20.28521
      16.25440      20.28614
      16.26460      20.28707
      16.27470      20.28799
      16.28490      20.28893
      16.29510      20.28987
      16.30520      20.29081
      16.31540      20.29176
      16.32560      20.29272
      16.33570      20.29367
      16.34590      20.29463
      16.35600      20.29560
      16.36620      20.29657
      16.37640      20.29755
      16.38650      20.29852
      16.39670      20.29951
      16.40690      20.30051
      16.41700      20.30150
      16.42720      20.30250
      16.43740      20.30351
      16.44750      20.30452
      16.45770      20.30554
      16.46790      20.30656
      16.47800      20.30758
      16.48820      20.30862
      16.49830      20.30965
      16.50850      20.31069
      16.51870      20.31174
      16.52880      20.31279
      16.53900      20.31385
      16.54920      20.31492
      16.55930      20.31598
      16.56950      20.31706
      16.57970      20.31814
      16.58980      20.31922
      16.60000      20.32031
      16.61020      20.32141
      16.62030      20.32251
      16.63050      20.32362
      16.64070      20.32473
      16.65080      20.32585
      16.66100      20.32697
      16.67110      20.32810
      16.68130      20.32924
      16.69150      20.33038
      16.70160      20.33152
      16.71180      20.33268
      16.72200      20.33385
      16.73210      20.33500
      16.74230      20.33618
      16.75250      20.33736
      16.76260      20.33854
      16.77280      20.33974
      16.78300      20.34094
      16.79310      20.34213
      16.80330      20.34335
      16.81340      20.34455
      16.82360      20.34578
      16.83380      20.34701
      16.84390      20.34824
      16.85410      20.34949
      16.86430      20.35074
      16.87440      20.35199
      16.88460      20.35325
      16.89480      20.35453
      16.90490      20.35580
      16.91510      20.35708
      16.92530      20.35838
      16.93540      20.35967
      16.94560      20.36098
      16.95580      20.36229
      16.96590      20.36360
      16.97610      20.36493
      16.98620      20.36625
      16.99640      20.36760
      17.00660      20.36895
      17.01670      20.37029
      17.02690      20.37166
      17.03710      20.37304
      17.04720      20.37440
      17.05740      20.37579
      17.06760      20.37719
      17.07770      20.37858
      17.08790      20.37999
      17.09810      20.38141
      17.10820      20.38283
      17.11840      20.38426
      17.12850      20.38569
      17.13870      20.38715
      17.14890      20.38861
      17.15900      20.39006
      17.16920      20.39154
      17.17940      20.39302
      17.18950      20.39450
      17.19970      20.39601
      17.20990      20.39752
      17.22000      20.39902
      17.23020      20.40055
      17.24040      20.40209
      17.25050      20.40362
      17.26070      20.40517
      17.27090      20.40674
      17.28100      20.40829
      17.29120      20.40988
      17.30130      20.41145
      17.31150      20.41305
      17.32170      20.41466
      17.33180      20.41626
      17.34200      20.41789
      17.35220      20.41953
      17.36230      20.42116
      17.37250      20.42282
      17.38270      20.42448
      17.39280      20.42614
      17.40300      20.42783
      17.41320      20.42953
      17.42330      20.43122
      17.43350      20.43293
      17.44360      20.43464
      17.45380      20.43638
      17.46400      20.43813
      17.47410      20.43987
      17.48430      20.44164
      17.49450      20.44341
      17.50460      20.44519
      17.51480      20.44699
      17.52500      20.44880
      17.53510      20.45060
      17.54530      20.45243
      17.55550      20.45428
      17.56560      20.45612
      17.57580      20.45798
      17.58590      20.45984
      17.59610      20.46173
      17.60630      20.46363
      17.61640      20.46553
      17.62660      20.46745
      17.63680      20.46939
      17.64690      20.47132
      17.65710      20.47328
      17.66730      20.47525
      17.67740      20.47722
      17.68760      20.47922
      17.69780      20.48123
      17.70790      20.48323
      17.71810      20.48527
      17.72830      20.48731
      17.73840      20.48936
      17.74860      20.49143
      17.75870      20.49350
      17.76890      20.49560
      17.77910      20.49771
      17.78920      20.49982
      17.79940      20.50196
      17.80960      20.50411
      17.81970      20.50626
      17.82990      20.50844
      17.84010      20.51064
      17.85020      20.51283
      17.86040      20.51505
      17.87060      20.51729
      17.88070      20.51952
      17.89090      20.52179
      17.90100      20.52405
      17.91120      20.52635
      17.92140      20.52866
      17.93150      20.53097
      17.94170      20.53331
      17.95190      20.53567
      17.96200      20.53802
      17.97220      20.54041
      17.98240      20.54282
      17.99250      20.54522
      18.00270      20.54765
      18.01290      20.55011
      18.02300      20.55255
      18.03320      20.55504
      18.04340      20.55754
      18.05350      20.56004
      18.06370      20.56258
      18.07380      20.56511
      18.08400      20.56768
      18.09420      20.57027
      18.10430      20.57285
      18.11450      20.57548
      18.12470      20.57812
      18.13480      20.58076
      18.14500      20.58344
      18.15520      20.58613
      18.16530      20.58883
      18.17550      20.59156
      18.18570      20.59431
      18.19580      20.59706
      18.20600      20.59985
      18.21610      20.60264
      18.22630      20.60547
      18.23650      20.60832
      18.24660      20.61117
      18.25680      20.61406
      18.26700      20.61697
      18.27710      20.61987
      18.28730      20.62283
      18.29750      20.62580
      18.30760      20.62877
      18.31780      20.63179
      18.32800      20.63482
      18.33810      20.63786
      18.34830      20.64094
      18.35850      20.64404
      18.36860      20.64714
      18.37880      20.65029
      18.38890      20.65343
      18.39910      20.65663
      18.40930      20.65985
      18.41940      20.66306
      18.42960      20.66633
      18.43980      20.66962
      18.44990      20.67290
      18.46010      20.67624
      18.47030      20.67960
      18.48040      20.68296
      18.49060      20.68637
      18.50080      20.68981
      18.51090      20.69324
      18.52110      20.69674
      18.53120      20.70022
      18.54140      20.70376
      18.55160      20.70733
      18.56170      20.71090
      18.57190      20.71452
      18.58210      20.71817
      18.59220      20.72182
      18.60240      20.72552
      18.61260      20.72926
      18.62270      20.73299
      18.63290      20.73679
      18.64310      20.74061
      18.65320      20.74442
      18.66340      20.74831
      18.67360      20.75222
      18.68370      20.75613
      18.69390      20.76010
      18.70400      20.76407
      18.71420      20.76810
      18.72440      20.77217
      18.73450      20.77624
      18.74470      20.78037
      18.75490      20.78454
      18.76500      20.78869
      18.77520      20.79293
      18.78540      20.79719
      18.79550      20.80145
      18.80570      20.80579
      18.81590      20.81016
      18.82600      20.81452
      18.83620      20.81896
      18.84630      20.82340
      18.85650      20.82791
      18.86670      20.83246
      18.87680      20.83701
      18.88700      20.84163
      18.89720      20.84630
      18.90730      20.85095
      18.91750      20.85569
      18.92770      20.86048
      18.93780      20.86525
      18.94800      20.87011
      18.95820      20.87501
      18.96830      20.87991
      18.97850      20.88489
      18.98870      20.88992
      18.99880      20.89494
      19.00900      20.90005
      19.01910      20.90515
      19.02930      20.91035
      19.03950      20.91559
      19.04960      20.92083
      19.05980      20.92616
      19.07000      20.93155
      19.08010      20.93692
      19.09030      20.94239
      19.10050      20.94791
      19.11060      20.95343
      19.12080      20.95905
      19.13100      20.96471
      19.14110      20.97038
      19.15130      20.97614
      19.16140      20.98190
      19.17160      20.98777
      19.18180      20.99370
      19.19190      20.99961
      19.20210      21.00564
      19.21230      21.01172
      19.22240      21.01780
      19.23260      21.02399
      19.24280      21.03024
      19.25290      21.03649
      19.26310      21.04285
      19.27330      21.04927
      19.28340      21.05569
      19.29360      21.06223
      19.30380      21.06883
      19.31390      21.07542
      19.32410      21.08215
      19.33420      21.08887
      19.34440      21.09571
      19.35460      21.10263
      19.36470      21.10954
      19.37490      21.11658
      19.38510      21.12369
      19.39520      21.13079
      19.40540      21.13804
      19.41560      21.14535
      19.42570      21.15266
      19.43590      21.16012
      19.44610      21.16764
      19.45620      21.17517
      19.46640      21.18284
      19.47650      21.19051
      19.48670      21.19833
      19.49690      21.20623
      19.50700      21.21413
      19.51720      21.22218
      19.52740      21.23031
      19.53750      21.23845
      19.54770      21.24674
      19.55790      21.25512
      19.56800      21.26350
      19.57820      21.27204
      19.58840      21.28068
      19.59850      21.28931
      19.60870      21.29812
      19.61880      21.30692
      19.62900      21.31591
      19.63920      21.32499
      19.64930      21.33407
      19.65950      21.34334
      19.66970      21.35270
      19.67980      21.36206
      19.69000      21.37162
      19.70020      21.38128
      19.71030      21.39094
      19.72050      21.40080
      19.73070      21.41076
      19.74080      21.42073
      19.75100      21.43090
      19.76120      21.44119
      19.77130      21.45148
      19.78150      21.46198
      19.79160      21.47249
      19.80180      21.48322
      19.81200      21.49407
      19.82210      21.50492
      19.83230      21.51601
      19.84250      21.52721
      19.85260      21.53843
      19.86280      21.54988
      19.87300      21.56146
      19.88310      21.57305
      19.89330      21.58488
      19.90350      21.59686
      19.91360      21.60884
      19.92380      21.62108
      19.93390      21.63333
      19.94410      21.64585
      19.95430      21.65850
      19.96440      21.67118
      19.97460      21.68413
      19.98480      21.69723
      19.99490      21.71035
      20.00510      21.72375
      20.01530      21.73730
      20.02540      21.75089
      20.03560      21.76476
      20.04580      21.77880
      20.05590      21.79286
      20.06610      21.80723
      20.07630      21.82177
      20.08640      21.83634
      20.09660      21.85123
      20.10670      21.86616
      20.11690      21.88140
      20.12710      21.89684
      20.13720      21.91231
      20.14740      21.92812
      20.15760      21.94413
      20.16770      21.96017
      20.17790      21.97657
      20.18810      21.99318
      20.19820      22.00982
      20.20840      22.02685
      20.21860      22.04408
      20.22870      22.06136
      20.23890      22.07903
      20.24900      22.09675
      20.25920      22.11487
      20.26940      22.13323
      20.27950      22.15163
      20.28970      22.17046
      20.29990      22.18954
      20.31000      22.20867
      20.32020      22.22824
      20.33040      22.24807
      20.34050      22.26797
      20.35070      22.28832
      20.36090      22.30895
      20.37100      22.32965
      20.38120      22.35083
      20.39140      22.37230
      20.40150      22.39384
      20.41170      22.41589
      20.42180      22.43803
      20.43200      22.46069
      20.44220      22.48366
      20.45230      22.50672
      20.46250      22.53034
      20.47270      22.55429
      20.48280      22.57833
      20.49300      22.60296
      20.50320      22.62794
      20.51330      22.65302
      20.52350      22.67872
      20.53370      22.70479
      20.54380      22.73098
      20.55400      22.75782
      20.56410      22.78478
      20.57430      22.81242
      20.58450      22.84046
      20.59460      22.86865
      20.60480      22.89754
      20.61500      22.92688
      20.62510      22.95637
      20.63530      22.98662
      20.64550      23.01733
      20.65560      23.04822
      20.66580      23.07991
      20.67600      23.11210
      20.68610      23.14449
      20.69630      23.17772
      20.70650      23.21149
      20.71660      23.24549
      20.72680      23.28040
      20.73690      23.31553
      20.74710      23.35162
      20.75730      23.38831
      20.76740      23.42528
      20.77760      23.46326
      20.78780      23.50191
      20.79790      23.54086
      20.80810      23.58091
      20.81830      23.62169
      20.82840      23.66281
      20.83860      23.70510
      20.84880      23.74820
      20.85890      23.79169
      20.86910      23.83645
      20.87920      23.88164
      20.88940      23.92818
      20.89960      23.97565
      20.90970      24.02362
      20.91990      24.07306
      20.93010      24.12353
      20.94020      24.17457
      20.95040      24.22721
      20.96060      24.28101
      20.97070      24.33545
      20.98090      24.39167
      20.99110      24.44918
      21.00120      24.50742
      21.01140      24.56763
      21.02160      24.62927
      21.03170      24.69177
      21.04190      24.75644
      21.05200      24.82205
      21.06220      24.88998
      21.07240      24.95965
      21.08250      25.03044
      21.09270      25.10378
      21.10290      25.17910
      21.11300      25.25570
      21.12320      25.33515
      21.13340      25.41683
      21.14350      25.49998
      21.15370      25.58634
      21.16390      25.67520
      21.17400      25.76575
      21.18420      25.85990
      21.19430      25.95591
      21.20450      26.05580
      21.21470      26.15875
      21.22480      26.26383
      21.23500      26.37326
      21.24520      26.48613
      21.25530      26.60147
      21.26550      26.72166
      21.27570      26.84576
      21.28580      26.97266
      21.29600      27.10498
      21.30620      27.24172
      21.31630      27.38160
      21.32650      27.52760
      21.33660      27.67701
      21.34680      27.83302
      21.35700      27.99434
      21.36710      28.15951
      21.37730      28.33204
      21.38750      28.51051
      21.39760      28.69328
      21.40780      28.88424
      21.41800      29.08179
      21.42810      29.28421
      21.43830      29.49564
      21.44850      29.71446
      21.45860      29.93859
      21.46880      30.17277
      21.47900      30.41506
      21.48910      30.66321
      21.49930      30.92244
      21.50940      31.18787
      21.51960      31.46511
      21.52980      31.75182
      21.53990      32.04529
      21.55010      32.35167
      21.56030      32.66837
      21.57040      32.99238
      21.58060      33.33046
      21.59080      33.67965
      21.60090      34.03680
      21.61110      34.40908
      21.62130      34.79346
      21.63140      35.18617
      21.64160      35.59534
      21.65170      36.01315
      21.66190      36.44822
      21.67210      36.89671
      21.68220      37.35423
      21.69240      37.83022
      21.70260      38.32040
      21.71270      38.81994
      21.72290      39.33910
      21.73310      39.87316
      21.74320      40.41683
      21.75340      40.98120
      21.76360      41.56099
      21.77370      42.15073
      21.78390      42.76196
      21.79410      43.38934
      21.80420      44.02644
      21.81440      44.68614
      21.82450      45.35548
      21.83470      46.04795
      21.84490      46.75699
      21.85500      47.47538
      21.86520      48.21755
      21.87540      48.97638
      21.88550      49.74410
      21.89570      50.53604
      21.90590      51.34437
      21.91600      52.16121
      21.92620      53.00233
      21.93640      53.85948
      21.94650      54.72423
      21.95670      55.61303
      21.96680      56.50868
      21.97700      57.42817
      21.98720      58.36279
      21.99730      59.30255
      22.00750      60.26588
      22.01770      61.24300
      22.02780      62.22356
      22.03800      63.22667
      22.04820      64.24202
      22.05830      65.25876
      22.06850      66.29659
      22.07870      67.34445
      22.08880      68.39165
      22.09900      69.45775
      22.10920      70.53139
      22.11930      71.60151
      22.12950      72.68769
      22.13960      73.76817
      22.14980      74.86262
      22.16000      75.95962
      22.17010      77.04682
      22.18030      78.14462
      22.19050      79.24070
      22.20060      80.32274
      22.21080      81.41082
      22.22100      82.49242
      22.23110      83.55522
      22.24130      84.61868
      22.25150      85.67002
      22.26160      86.69767
      22.27180      87.71942
      22.28190      88.71371
      22.29210      89.69772
      22.30230      90.65925
      22.31240      91.58742
      22.32260      92.49783
      22.33280      93.37929
      22.34290      94.22102
      22.35310      95.03760
      22.36330      95.81811
      22.37340      96.55310
      22.38360      97.25508
      22.39380      97.91431
      22.40390      98.52279
      22.41410      99.09072
      22.42430      99.60978
      22.43440     100.07404
      22.44460     100.49084
      22.45470     100.85075
      22.46490     101.15939
      22.47510     101.41196
      22.48520     101.60580
      22.49540     101.74399
      22.50560     101.82386
      22.51570     101.84517
      22.52590     101.80825
      22.53610     101.71275
      22.54620     101.56082
      22.55640     101.35002
      22.56660     101.08236
      22.57670     100.76231
      22.58690     100.38464
      22.59700      99.95819
      22.60720      99.47593
      22.61740      98.94366
      22.62750      98.36890
      22.63770      97.74246
      22.64790      97.07161
      22.65800      96.36570
      22.66820      95.61321
      22.67840      94.82284
      22.68850      94.00537
      22.69870      93.14674
      22.70890      92.25728
      22.71900      91.34853
      22.72920      90.40459
      22.73940      89.43670
      22.74950      88.45699
      22.75970      87.44803
      22.76980      86.43190
      22.78000      85.39032
      22.79020      84.33560
      22.80030      83.27970
      22.81050      82.20415
      22.82070      81.12064
      22.83080      80.04194
      22.84100      78.94807
      22.85120      77.85139
      22.86130      76.76426
      22.87150      75.66634
      22.88170      74.56983
      22.89180      73.48685
      22.90200      72.39690
      22.91210      71.32269
      22.92230      70.24375
      22.93250      69.17189
      22.94260      68.11853
      22.95280      67.06345
      22.96300      66.01824
      22.97310      64.99329
      22.98330      63.96955
      22.99350      62.95741
      23.00360      61.96751
      23.01380      60.98058
      23.02400      60.00710
      23.03410      59.05698
      23.04430      58.11161
      23.05450      57.18095
      23.06460      56.27435
      23.07480      55.37396
      23.08490      54.49788
      23.09510      53.62882
      23.10530      52.77583
      23.11540      51.94727
      23.12560      51.12672
      23.13580      50.32281
      23.14590      49.54288
      23.15610      48.77199
      23.16630      48.01761
      23.17640      47.28713
      23.18660      46.56590
      23.19680      45.86130
      23.20690      45.17999
      23.21710      44.50826
      23.22720      43.85934
      23.23740      43.22012
      23.24760      42.59704
      23.25770      41.99590
      23.26790      41.40451
      23.27810      40.82889
      23.28820      40.27401
      23.29840      39.72889
      23.30860      39.19893
      23.31870      38.68866
      23.32890      38.18801
      23.33910      37.70165
      23.34920      37.23404
      23.35940      36.77554
      23.36950      36.33500
      23.37970      35.90334
      23.38990      35.48476
      23.40000      35.08294
      23.41020      34.68956
      23.42040      34.30842
      23.43050      33.94284
      23.44070      33.58522
      23.45090      33.23904
      23.46100      32.90710
      23.47120      32.58266
      23.48140      32.26881
      23.49150      31.96804
      23.50170      31.67427
      23.51190      31.39012
      23.52200      31.11804
      23.53220      30.85231
      23.54230      30.59792
      23.55250      30.34951
      23.56270      30.10941
      23.57280      29.87961
      23.58300      29.65526
      23.59320      29.43843
      23.60330      29.23092
      23.61350      29.02834
      23.62370      28.83258
      23.63380      28.64515
      23.64400      28.46222
      23.65420      28.28536
      23.66430      28.11603
      23.67450      27.95070
      23.68460      27.79235
      23.69480      27.63771
      23.70500      27.48811
      23.71510      27.34481
      23.72530      27.20474
      23.73550      27.06920
      23.74560      26.93928
      23.75580      26.81221
      23.76600      26.68916
      23.77610      26.57114
      23.78630      26.45562
      23.79650      26.34369
      23.80660      26.23619
      23.81680      26.13093
      23.82700      26.02881
      23.83710      25.93069
      23.84730      25.83447
      23.85740      25.74195
      23.86760      25.65121
      23.87780      25.56302
      23.88790      25.47815
      23.89810      25.39478
      23.90830      25.31371
      23.91840      25.23559
      23.92860      25.15878
      23.93880      25.08399
      23.94890      25.01186
      23.95910      24.94086
      23.96930      24.87166
      23.97940      24.80483
      23.98960      24.73900
      23.99970      24.67537
      24.00990      24.61265
      24.02010      24.55140
      24.03020      24.49216
      24.04040      24.43368
      24.05060      24.37653
      24.06070      24.32119
      24.07090      24.26652
      24.08110      24.21303
      24.09120      24.16119
      24.10140      24.10993
      24.11160      24.05974
      24.12170      24.01105
      24.13190      23.96287
      24.14210      23.91565
      24.15220      23.86980
      24.16240      23.82440
      24.17250      23.78030
      24.18270      23.73661
      24.19290      23.69372
      24.20300      23.65205
      24.21320      23.61072
      24.22340      23.57014
      24.23350      23.53068
      24.24370      23.49152
      24.25390      23.45305
      24.26400      23.41561
      24.27420      23.37844
      24.28440      23.34191
      24.29450      23.30634
      24.30470      23.27101
      24.31480      23.23660
      24.32500      23.20241
      24.33520      23.16879
      24.34530      23.13601
      24.35550      23.10345
      24.36570      23.07139
      24.37580      23.04015
      24.38600      23.00908
      24.39620      22.97849
      24.40630      22.94866
      24.41650      22.91900
      24.42670      22.88978
      24.43680      22.86128
      24.44700      22.83292
      24.45720      22.80499
      24.46730      22.77773
      24.47750      22.75061
      24.48760      22.72414
      24.49780      22.69779
      24.50800      22.67182
      24.51810      22.64647
      24.52830      22.62123
      24.53850      22.59634
      24.54860      22.57205
      24.55880      22.54786
      24.56900      22.52400
      24.57910      22.50070
      24.58930      22.47749
      24.59950      22.45460
      24.60960      22.43225
      24.61980      22.40997
      24.62990      22.38821
      24.64010      22.36653
      24.65030      22.34514
      24.66040      22.32424
      24.67060      22.30341
      24.68080      22.28286
      24.69090      22.26277
      24.70110      22.24275
      24.71130      22.22299
      24.72140      22.20367
      24.73160      22.18442
      24.74180      22.16541
      24.75190      22.14683
      24.76210      22.12830
      24.77230      22.11001
      24.78240      22.09212
      24.79260      22.07429
      24.80270      22.05685
      24.81290      22.03945
      24.82310      22.02228
      24.83320      22.00548
      24.84340      21.98872
      24.85360      21.97217
      24.86370      21.95598
      24.87390      21.93983
      24.88410      21.92388
      24.89420      21.90827
      24.90440      21.89270
      24.91460      21.87731
      24.92470      21.86226
      24.93490      21.84724
      24.94500      21.83254
      24.95520      21.81787
      24.96540      21.80338
      24.97550      21.78919
      24.98570      21.77503
      24.99590      21.76104
      25.00600      21.74734
      25.01620      21.73367
      25.02640      21.72015
      25.03650      21.70692
      25.04670      21.69371
      25.05690      21.68066
      25.06700      21.66787
      25.07720      21.65511
      25.08740      21.64249
      25.09750      21.63013
      25.10770      21.61779
      25.11780      21.60571
      25.12800      21.59364
      25.13820      21.58171
      25.14830      21.57002
      25.15850      21.55835
      25.16870      21.54681
      25.17880      21.53550
      25.18900      21.52421
      25.19920      21.51303
      25.20930      21.50209
      25.21950      21.49116
      25.22970      21.48034
      25.23980      21.46975
      25.25000      21.45916
      25.26010      21.44879
      25.27030      21.43843
      25.28050      21.42817
      25.29060      21.41813
      25.30080      21.40809
      25.31100      21.39815
      25.32110      21.38842
      25.33130      21.37869
      25.34150      21.36906
      25.35160      21.35962
      25.36180      21.35019
      25.37200      21.34085
      25.38210      21.33170
      25.39230      21.32256
      25.40240      21.31359
      25.41260      21.30463
      25.42280      21.29575
      25.43290      21.28706
      25.44310      21.27836
      25.45330      21.26975
      25.46340      21.26131
      25.47360      21.25287
      25.48380      21.24452
      25.49390      21.23632
      25.50410      21.22813
      25.51430      21.22002
      25.52440      21.21206
      25.53460      21.20411
      25.54480      21.19623
      25.55490      21.18851
      25.56510      21.18078
      25.57520      21.17320
      25.58540      21.16562
      25.59560      21.15812
      25.60570      21.15075
      25.61590      21.14339
      25.62610      21.13610
      25.63620      21.12894
      25.64640      21.12178
      25.65660      21.11469
      25.66670      21.10773
      25.67690      21.10077
      25.68710      21.09388
      25.69720      21.08711
      25.70740      21.08035
      25.71750      21.07370
      25.72770      21.06706
      25.73790      21.06047
      25.74800      21.05402
      25.75820      21.04755
      25.76840      21.04115
      25.77850      21.03486
      25.78870      21.02857
      25.79890      21.02234
      25.80900      21.01622
      25.81920      21.01009
      25.82940      21.00403
      25.83950      20.99807
      25.84970      20.99211
      25.85990      20.98620
      25.87000      20.98040
      25.88020      20.97460
      25.89030      20.96890
      25.90050      20.96319
      25.91070      20.95754
      25.92080      20.95199
      25.93100      20.94643
      25.94120      20.94092
      25.95130      20.93552
      25.96150      20.93010
      25.97170      20.92473
      25.98180      20.91947
      25.99200      20.91419
      26.00220      20.90896
      26.01230      20.90382
      26.02250      20.89868
      26.03260      20.89363
      26.04280      20.88857
      26.05300      20.88355
      26.06310      20.87863
      26.07330      20.87370
      26.08350      20.86881
      26.09360      20.86400
      26.10380      20.85919
      26.11400      20.85442
      26.12410      20.84974
      26.13430      20.84505
      26.14450      20.84039
      26.15460      20.83582
      26.16480      20.83124
      26.17500      20.82670
      26.18510      20.82224
      26.19530      20.81777
      26.20540      20.81339
      26.21560      20.80899
      26.22580      20.80463
      26.23590      20.80034
      26.24610      20.79605
      26.25630      20.79179
      26.26640      20.78761
      26.27660      20.78342
      26.28680      20.77926
      26.29690      20.77518
      26.30710      20.77108
      26.31730      20.76702
      26.32740      20.76303
      26.33760      20.75904
      26.34770      20.75511
      26.35790      20.75117
      26.36810      20.74727
      26.37820      20.74343
      26.38840      20.73958
      26.39860      20.73577
      26.40870      20.73202
      26.41890      20.72826
      26.42910      20.72453
      26.43920      20.72087
      26.44940      20.71719
      26.45960      20.71355
      26.46970      20.70997
      26.47990      20.70638
      26.49010      20.70281
      26.50020      20.69931
      26.51040      20.69580
      26.52050      20.69235
      26.53070      20.68889
      26.54090      20.68546
      26.55100      20.68208
      26.56120      20.67870
      26.57140      20.67534
      26.58150      20.67204
      26.59170      20.66874
      26.60190      20.66545
      26.61200      20.66222
      26.62220      20.65899
      26.63240      20.65577
      26.64250      20.65261
      26.65270      20.64945
      26.66280      20.64633
      26.67300      20.64321
      26.68320      20.64011
      26.69330      20.63707
      26.70350      20.63401
      26.71370      20.63098
      26.72380      20.62800
      26.73400      20.62501
      26.74420      20.62204
      26.75430      20.61912
      26.76450      20.61619
      26.77470      20.61328
      26.78480      20.61042
      26.79500      20.60756
      26.80520      20.60471
      26.81530      20.60191
      26.82550      20.59911
      26.83560      20.59634
      26.84580      20.59358
      26.85600      20.59083
      26.86610      20.58812
      26.87630      20.58541
      26.88650      20.58272
      26.89660      20.58007
      26.90680      20.57741
      26.91700      20.57478
      26.92710      20.57218
      26.93730      20.56958
      26.94750      20.56699
      26.95760      20.56445
      26.96780      20.56190
      26.97790      20.55939
      26.98810      20.55688
      26.99830      20.55437
      27.00840      20.55192
      27.01860      20.54945
      27.02880      20.54700
      27.03890      20.54459
      27.04910      20.54217
      27.05930      20.53977
      27.06940      20.53741
      27.07960      20.53504
      27.08980      20.53268
      27.09990      20.53037
      27.11010      20.52804
      27.12020      20.52575
      27.13040      20.52346
      27.14060      20.52118
      27.15070      20.51894
      27.16090      20.51669
      27.17110      20.51446
      27.18120      20.51226
      27.19140      20.51005
      27.20160      20.50786
      27.21170      20.50570
      27.22190      20.50353
      27.23210      20.50138
      27.24220      20.49927
      27.25240      20.49714
      27.26260      20.49503
      27.27270      20.49296
      27.28290      20.49087
      27.29300      20.48882
      27.30320      20.48677
      27.31340      20.48472
      27.32350      20.48271
      27.33370      20.48069
      27.34390      20.47868
      27.35400      20.47671
      27.36420      20.47473
      27.37440      20.47276
      27.38450      20.47082
      27.39470      20.46887
      27.40490      20.46694
      27.41500      20.46504
      27.42520      20.46313
      27.43530      20.46125
      27.44550      20.45936
      27.45570      20.45748
      27.46580      20.45564
      27.47600      20.45378
      27.48620      20.45194
      27.49630      20.45013
      27.50650      20.44831
      27.51670      20.44650
      27.52680      20.44473
      27.53700      20.44294
      27.54720      20.44116
      27.55730      20.43941
      27.56750      20.43766
      27.57770      20.43591
      27.58780      20.43420
      27.59800      20.43247
      27.60810      20.43077
      27.61830      20.42907
      27.62850      20.42738
      27.63860      20.42571
      27.64880      20.42404
      27.65900      20.42237
      27.66910      20.42073
      27.67930      20.41909
      27.68950      20.41746
      27.69960      20.41585
      27.70980      20.41423
      27.72000      20.41262
      27.73010      20.41104
      27.74030      20.40945
      27.75040      20.40789
      27.76060      20.40632
      27.77080      20.40476
      27.78090      20.40322
      27.79110      20.40168
      27.80130      20.40014
      27.81140      20.39863
      27.82160      20.39711
      27.83180      20.39561
      27.84190      20.39412
      27.85210      20.39263
      27.86230      20.39114
      27.87240      20.38968
      27.88260      20.38822
      27.89280      20.38676
      27.90290      20.38532
      27.91310      20.38388
      27.92320      20.38246
      27.93340      20.38103
      27.94360      20.37961
      27.95370      20.37822
      27.96390      20.37682
      27.97410      20.37542
      27.98420      20.37405
      27.99440      20.37267
      28.00460      20.37130
      28.01470      20.36994
      28.02490      20.36859
      28.03510      20.36724
      28.04520      20.36591
      28.05540      20.36457
      28.06550      20.36326
      28.07570      20.36194
      28.08590      20.36062
      28.09600      20.35933
      28.10620      20.35803
      28.11640      20.35674
      28.12650      20.35547
      28.13670      20.35419
      28.14690      20.35292
      28.15700      20.35166
      28.16720      20.35040
      28.17740      20.34915
      28.18750      20.34792
      28.19770      20.34668
      28.20790      20.34545
      28.21800      20.34424
      28.22820      20.34302
      28.23830      20.34182
      28.24850      20.34061
      28.25870      20.33941
      28.26880      20.33823
      28.27900      20.33705
      28.28920      20.33587
      28.29930      20.33470
      28.30950      20.33353
      28.31970      20.33237
      28.32980      20.33123
      28.34000      20.33008
      28.35020      20.32893
      28.36030      20.32780
      28.37050      20.32667
      28.38060      20.32556
      28.39080      20.32443
      28.40100      20.32332
      28.41110      20.32222
      28.42130      20.32112
      28.43150      20.32002
      28.44160      20.31894
      28.45180      20.31785
      28.46200      20.31677
      28.47210      20.31570
      28.48230      20.31463
      28.49250      20.31357
      28.50260      20.31252
      28.51280      20.31146
      28.52300      20.31041
      28.53310      20.30938
      28.54330      20.30834
      28.55340      20.30732
      28.56360      20.30629
      28.57380      20.30527
      28.58390      20.30426
      28.59410      20.30324
      28.60430      20.30223
      28.61440      20.30124
      28.62460      20.30024
      28.63480      20.29925
      28.64490      20.29827
      28.65510      20.29729
      28.66530      20.29631
      28.67540      20.29535
      28.68560      20.29438
      28.69570      20.29342
      28.70590      20.29246
      28.71610      20.29151
      28.72620      20.29057
      28.73640      20.28962
      28.74660      20.28868
      28.75670      20.28775
      28.76690      20.28682
      28.77710      20.28589
      28.78720      20.28498
      28.79740      20.28406
      28.80760      20.28314
      28.81770      20.28224
      28.82790      20.28134
      28.83810      20.28044
      28.84820      20.27955
      28.85840      20.27866
      28.86850      20.27777
      28.87870      20.27689
      28.88890      20.27601
      28.89900      20.27514
      28.90920      20.27427
      28.91940      20.27341
      28.92950      20.27255
      28.93970      20.27169
      28.94990      20.27084
      28.96000      20.26999
      28.97020      20.26914
      28.98040      20.26830
      28.99050      20.26747
      29.00070      20.26663
      29.01080      20.26581
      29.02100      20.26498
      29.03120      20.26416
      29.04130      20.26335
      29.05150      20.26253
      29.06170      20.26172
      29.07180      20.26092
      29.08200      20.26011
      29.09220      20.25931
      29.10230      20.25852
      29.11250      20.25773
      29.12270      20.25694
      29.13280      20.25616
      29.14300      20.25537
      29.15310      20.25460
      29.16330      20.25382
      29.17350      20.25305
      29.18360      20.25229
      29.19380      20.25153
      29.20400      20.25076
      29.21410      20.25001
      29.22430      20.24926
      29.23450      20.24850
      29.24460      20.24776
      29.25480      20.24702
      29.26500      20.24628
      29.27510      20.24554
      29.28530      20.24481
      29.29550      20.24408
      29.30560      20.24336
      29.31580      20.24263
      29.32590      20.24191
      29.33610      20.24120
      29.34630      20.24048
      29.35640      20.23977
      29.36660      20.23907
      29.37680      20.23836
      29.38690      20.23766
      29.39710      20.23696
      29.40730      20.23627
      29.41740      20.23558
      29.42760      20.23489
      29.43780      20.23420
      29.44790      20.23352
      29.45810      20.23284
      29.46820      20.23217
      29.47840      20.23149
      29.48860      20.23082
      29.49870      20.23015
      29.50890      20.22949
      29.51910      20.22882
      29.52920      20.22817
      29.53940      20.22751
      29.54960      20.22685
      29.55970      20.22621
      29.56990      20.22556
      29.58010      20.22491
      29.59020      20.22427
      29.60040      20.22363
      29.61060      20.22299
      29.62070      20.22236
      29.63090      20.22172
      29.64100      20.22110
      29.65120      20.22047
      29.66140      20.21984
      29.67150      20.21923
      29.68170      20.21861
      29.69190      20.21799
      29.70200      20.21738
      29.71220      20.21677
      29.72240      20.21616
      29.73250      20.21556
      29.74270      20.21495
      29.75290      20.21435
      29.76300      20.21375
      29.77320      20.21316
      29.78330      20.21257
      29.79350      20.21198
      29.80370      20.21138
      29.81380      20.21080
      29.82400      20.21022
      29.83420      20.20963
      29.84430      20.20906
      29.85450      20.20848
      29.86470      20.20791
      29.87480      20.20734
      29.88500      20.20677
      29.89520      20.20620
      29.90530      20.20564
      29.91550      20.20507
      29.92570      20.20451
      29.93580      20.20396
      29.94600      20.20340
      29.95610      20.20285
      29.96630      20.20230
      29.97650      20.20175
      29.98660      20.20121
      29.99680      20.20066
      30.00700      20.20012
      30.01710      20.19958
      30.02730      20.19904
      30.03750      20.19851
      30.04760      20.19798
      30.05780      20.19744
      30.06800      20.19691
      30.07810      20.19639
      30.08830      20.19586
      30.09840      20.19534
      30.10860      20.19482
      30.11880      20.19430
      30.12890      20.19379
      30.13910      20.19327
      30.14930      20.19276
      30.15940      20.19225
      30.16960      20.19174
      30.17980      20.19124
      30.18990      20.19073
      30.20010      20.19023
      30.21030      20.18973
      30.22040      20.18923
      30.23060      20.18874
      30.24080      20.18824
      30.25090      20.18775
      30.26110      20.18726
      30.27120      20.18678
      30.28140      20.18629
      30.29160      20.18580
      30.30170      20.18532
      30.31190      20.18484
      30.32210      20.18436
      30.33220      20.18388
      30.34240      20.18341
      30.35260      20.18293
      30.36270      20.18246
      30.37290      20.18199
      30.38310      20.18152
      30.39320      20.18106
      30.40340      20.18059
      30.41350      20.18013
      30.42370      20.17967
      30.43390      20.17921
      30.44400      20.17875
      30.45420      20.17830
      30.46440      20.17784
      30.47450      20.17739
      30.48470      20.17694
      30.49490      20.17649
      30.50500      20.17605
      30.51520      20.17560
      30.52540      20.17515
      30.53550      20.17472
      30.54570      20.17427
      30.55590      20.17383
      30.56600      20.17340
      30.57620      20.17296
      30.58630      20.17253
      30.59650      20.17210
      30.60670      20.17167
      30.61680      20.17124
      30.62700      20.17081
      30.63720      20.17038
      30.64730      20.16996
      30.65750      20.16954
      30.66770      20.16912
      30.67780      20.16870
      30.68800      20.16828
      30.69820      20.16786
      30.70830      20.16745
      30.71850      20.16704
      30.72860      20.16663
      30.73880      20.16622
      30.74900      20.16581
      30.75910      20.16540
      30.76930      20.16500
      30.77950      20.16459
      30.78960      20.16419
      30.79980      20.16379
      30.81000      20.16339
      30.82010      20.16299
      30.83030      20.16259
      30.84050      20.16220
      30.85060      20.16180
      30.86080      20.16141
      30.87100      20.16102
      30.88110      20.16063
      30.89130      20.16024
      30.90140      20.15986
      30.91160      20.15947
      30.92180      20.15908
      30.93190      20.15870
      30.94210      20.15832
      30.95230      20.15794
      30.96240      20.15756
      30.97260      20.15718
      30.98280      20.15681
      30.99290      20.15644
      31.00310      20.15606
      31.01330      20.15569
      31.02340      20.15532
      31.03360      20.15495
      31.04370      20.15458
      31.05390      20.15422
      31.06410      20.15385
      31.07420      20.15349
      31.08440      20.15313
      31.09460      20.15276
      31.10470      20.15240
      31.11490      20.15204
      31.12510      20.15169
      31.13520      20.15133
      31.14540      20.15098
      31.15560      20.15062
      31.16570      20.15027
      31.17590      20.14992
      31.18600      20.14957
      31.19620      20.14922
      31.20640      20.14887
      31.21650      20.14853
      31.22670      20.14818
      31.23690      20.14783
      31.24700      20.14749
      31.25720      20.14715
      31.26740      20.14681
      31.27750      20.14647
      31.28770      20.14613
      31.29790      20.14580
      31.30800      20.14546
      31.31820      20.14513
      31.32840      20.14479
      31.33850      20.14446
      31.34870      20.14413
      31.35880      20.14380
      31.36900      20.14347
      31.37920      20.14314
      31.38930      20.14282
      31.39950      20.14249
      31.40970      20.14216
      31.41980      20.14184
      31.43000      20.14152
      31.44020      20.14120
      31.45030      20.14088
      31.46050      20.14056
      31.47070      20.14024
      31.48080      20.13993
      31.49100      20.13961
      31.50110      20.13930
      31.51130      20.13898
      31.52150      20.13867
      31.53160      20.13836
      31.54180      20.13805
      31.55200      20.13774
      31.56210      20.13743
      31.57230      20.13712
      31.58250      20.13681
      31.59260      20.13651
      31.60280      20.13621
      31.61300      20.13590
      31.62310      20.13560
      31.63330      20.13530
      31.64350      20.13500
      31.65360      20.13470
      31.66380      20.13440
      31.67390      20.13411
      31.68410      20.13381
      31.69430      20.13351
      31.70440      20.13322
      31.71460      20.13293
      31.72480      20.13263
      31.73490      20.13234
      31.74510      20.13205
      31.75530      20.13176
      31.76540      20.13147
      31.77560      20.13119
      31.78580      20.13090
      31.79590      20.13061
      31.80610      20.13033
      31.81620      20.13004
      31.82640      20.12976
      31.83660      20.12948
      31.84670      20.12920
      31.85690      20.12892
      31.86710      20.12864
      31.87720      20.12836
      31.88740      20.12808
      31.89760      20.12781
      31.90770      20.12753
      31.91790      20.12726
      31.92810      20.12698
      31.93820      20.12671
      31.94840      20.12644
      31.95860      20.12617
      31.96870      20.12590
      31.97890      20.12563
      31.98900      20.12536
      31.99920      20.12509
      32.00940      20.12482
      32.01950      20.12456
      32.02970      20.12429
      32.03990      20.12403
      32.05000      20.12376
      32.06020      20.12350
      32.07040      20.12324
      32.08050      20.12298
      32.09070      20.12272
      32.10090      20.12246
      32.11100      20.12220
      32.12120      20.12194
      32.13130      20.12169
      32.14150      20.12143
      32.15170      20.12117
      32.16180      20.12092
      32.17200      20.12066
      32.18220      20.12041
      32.19230      20.12016
      32.20250      20.11991
      32.21270      20.11966
      32.22280      20.11941
      32.23300      20.11916
      32.24320      20.11891
      32.25330      20.11866
      32.26350      20.11842
      32.27370      20.11817
      32.28380      20.11793
      32.29400      20.11768
      32.30410      20.11744
      32.31430      20.11720
      32.32450      20.11695
      32.33460      20.11671
      32.34480      20.11647
      32.35500      20.11623
      32.36510      20.11599
      32.37530      20.11575
      32.38550      20.11551
      32.39560      20.11528
      32.40580      20.11504
      32.41600      20.11481
      32.42610      20.11457
      32.43630      20.11434
      32.44640      20.11411
      32.45660      20.11387
      32.46680      20.11364
      32.47690      20.11341
      32.48710      20.11318
      32.49730      20.11295
      32.50740      20.11272
      32.51760      20.11249
      32.52780      20.11226
      32.53790      20.11204
      32.54810      20.11181
      32.55830      20.11158
      32.56840      20.11136
      32.57860      20.11114
      32.58880      20.11091
      32.59890      20.11069
      32.60910      20.11047
      32.61920      20.11025
      32.62940      20.11003
      32.63960      20.10980
      32.64970      20.10959
      32.65990      20.10937
      32.67010      20.10915
      32.68020      20.10893
      32.69040      20.10871
      32.70060      20.10850
      32.71070      20.10828
      32.72090      20.10807
      32.73110      20.10785
      32.74120      20.10764
      32.75140      20.10742
      32.76150      20.10721
      32.77170      20.10700
      32.78190      20.10679
      32.79200      20.10658
      32.80220      20.10637
      32.81240      20.10616
      32.82250      20.10595
      32.83270      20.10574
      32.84290      20.10553
      32.85300      20.10533
      32.86320      20.10512
      32.87340      20.10492
      32.88350      20.10471
      32.89370      20.10451
      32.90390      20.10430
      32.91400      20.10410
      32.92420      20.10390
      32.93430      20.10369
      32.94450      20.10349
      32.95470      20.10329
      32.96480      20.10309
      32.97500      20.10289
      32.98520      20.10269
      32.99530      20.10249
      33.00550      20.10229
      33.01570      20.10210
      33.02580      20.10190
      33.03600      20.10171
      33.04620      20.10151
      33.05630      20.10131
      33.06650      20.10112
      33.07660      20.10093
      33.08680      20.10073
      33.09700      20.10054
      33.10710      20.10035
      33.11730      20.10015
      33.12750      20.09996
      33.13760      20.09977
      33.14780      20.09958
      33.15800      20.09939
      33.16810      20.09920
      33.17830      20.09901
      33.18850      20.09883
      33.19860      20.09864
      33.20880      20.09845
      33.21890      20.09827
      33.22910      20.09808
      33.23930      20.09789
      33.24940      20.09771
      33.25960      20.09752
      33.26980      20.09734
      33.27990      20.09716
      33.29010      20.09698
      33.30030      20.09679
      33.31040      20.09661
      33.32060      20.09643
      33.33080      20.09625
      33.34090      20.09607
      33.35110      20.09589
      33.36130      20.09571
      33.37140      20.09553
      33.38160      20.09535
      33.39170      20.09517
      33.40190      20.09500
      33.41210      20.09482
      33.42220      20.09464
      33.43240      20.09447
      33.44260      20.09429
      33.45270      20.09412
      33.46290      20.09394
      33.47310      20.09377
      33.48320      20.09360
      33.49340      20.09342
      33.50360      20.09325
      33.51370      20.09308
      33.52390      20.09291
      33.53400      20.09274
      33.54420      20.09257
      33.55440      20.09240
      33.56450      20.09223
      33.57470      20.09206
      33.58490      20.09189
      33.59500      20.09172
      33.60520      20.09155
      33.61540      20.09139
      33.62550      20.09122
      33.63570      20.09105
      33.64590      20.09089
      33.65600      20.09072
      33.66620      20.09056
      33.67640      20.09039
      33.68650      20.09023
      33.69670      20.09007
      33.70680      20.08990
      33.71700      20.08974
      33.72720      20.08958
      33.73730      20.08941
      33.74750      20.08925
      33.75770      20.08909
      33.76780      20.08893
      33.77800      20.08877
      33.78820      20.08861
      33.79830      20.08845
      33.80850      20.08829
      33.81870      20.08813
      33.82880      20.08798
      33.83900      20.08782
      33.84910      20.08766
      33.85930      20.08751
      33.86950      20.08735
      33.87960      20.08719
      33.88980      20.08704
      33.90000      20.08688
      33.91010      20.08673
      33.92030      20.08657
      33.93050      20.08642
      33.94060      20.08627
      33.95080      20.08611
      33.96100      20.08596
      33.97110      20.08581
      33.98130      20.08566
      33.99150      20.08551
      34.00160      20.08536
      34.01180      20.08521
      34.02190      20.08506
      34.03210      20.08491
      34.04230      20.08475
      34.05240      20.08461
      34.06260      20.08446
      34.07280      20.08431
      34.08290      20.08416
      34.09310      20.08401
      34.10330      20.08387
      34.11340      20.08372
      34.12360      20.08357
      34.13380      20.08343
      34.14390      20.08328
      34.15410      20.08314
      34.16420      20.08299
      34.17440      20.08285
      34.18460      20.08270
      34.19470      20.08256
      34.20490      20.08242
      34.21510      20.08228
      34.22520      20.08213
      34.23540      20.08199
      34.24560      20.08185
      34.25570      20.08171
      34.26590      20.08157
      34.27610      20.08142
      34.28620      20.08129
      34.29640      20.08115
      34.30660      20.08101
      34.31670      20.08087
      34.32690      20.08073
      34.33700      20.08059
      34.34720      20.08045
      34.35740      20.08031
      34.36750      20.08018
      34.37770      20.08004
      34.38790      20.07990
      34.39800      20.07977
      34.40820      20.07963
      34.41840      20.07949
      34.42850      20.07936
      34.43870      20.07922
      34.44890      20.07909
      34.45900      20.07895
      34.46920      20.07882
      34.47930      20.07869
      34.48950      20.07855
      34.49970      20.07842
      34.50980      20.07829
      34.52000      20.07816
      34.53020      20.07802
      34.54030      20.07789
      34.55050      20.07776
      34.56070      20.07763
      34.57080      20.07750
      34.58100      20.07737
      34.59120      20.07724
      34.60130      20.07711
      34.61150      20.07698
      34.62170      20.07685
      34.63180      20.07672
      34.64200      20.07660
      34.65210      20.07647
      34.66230      20.07634
      34.67250      20.07621
      34.68260      20.07608
      34.69280      20.07596
      34.70300      20.07583
      34.71310      20.07571
      34.72330      20.07558
      34.73350      20.07545
      34.74360      20.07533
      34.75380      20.07520
      34.76400      20.07508
      34.77410      20.07495
      34.78430      20.07483
      34.79440      20.07471
      34.80460      20.07458
      34.81480      20.07446
      34.82490      20.07434
      34.83510      20.07422
      34.84530      20.07409
      34.85540      20.07397
      34.86560      20.07385
      34.87580      20.07373
      34.88590      20.07361
      34.89610      20.07349
      34.90630      20.07337
      34.91640      20.07325
      34.92660      20.07313
      34.93670      20.07301
      34.94690      20.07289
      34.95710      20.07277
      34.96720      20.07265
      34.97740      20.07253
      34.98760      20.07242
      34.99770      20.07230
      35.00790      20.07218
      35.01810      20.00000
      35.02820      20.00000
      35.03840      20.00000
      35.04860      20.00000
      35.05870      20.00000
      35.06890      20.00000
      35.07910      20.00000
      35.08920      20.00000
      35.09940      20.00000
      35.10950      20.00000
      35.11970      20.00000
      35.12990      20.00000
      35.14000      20.00000
      35.15020      20.00000
      35.16040      20.00000
      35.17050      20.00000
      35.18070      20.00000
      35.19090      20.00000
      35.20100      20.00000
      35.21120      20.00000
      35.22140      20.00000
      35.23150      20.00000
      35.24170      20.00000
      35.25180      20.00000
      35.26200      20.00000
      35.27220      20.00000
      35.28230      20.00000
      35.29250      20.00000
      35.30270      20.00000
      35.31280      20.00000
      35.32300      20.00000
      35.33320      20.00000
      35.34330      20.00000
      35.35350      20.00000
      35.36370      20.00000
      35.37380      20.00000
      35.38400      20.00000
      35.39420      20.00000
      35.40430      20.00000
      35.41450      20.00000
      35.42460      20.00000
      35.43480      20.00000
      35.44500      20.00000
      35.45510      20.00000
      35.46530      20.00000
      35.47550      20.00000
      35.48560      20.00000
      35.49580      20.00000
      35.50600      20.00000
      35.51610      20.00000
      35.52630      20.00000
      35.53650      20.00000
      35.54660      20.00000
      35.55680      20.00000
      35.56690      20.00000
      35.57710      20.00000
      35.58730      20.00000
      35.59740      20.00000
      35.60760      20.00000
      35.61780      20.00000
      35.62790      20.00000
      35.63810      20.00000
      35.64830      20.00000
      35.65840      20.00000
      35.66860      20.00000
      35.67880      20.00000
      35.68890      20.00000
      35.69910      20.00000
      35.70930      20.00000
      35.71940      20.00000
      35.72960      20.00000
      35.73970      20.00000
      35.74990      20.00000
      35.76010      20.00000
      35.77020      20.00000
      35.78040      20.00000
      35.79060      20.00000
      35.80070      20.00000
      35.81090      20.00000
      35.82110      20.00000
      35.83120      20.00000
      35.84140      20.00000
      35.85160      20.00000
      35.86170      20.00000
      35.87190      20.00000
      35.88200      20.00000
      35.89220      20.00000
      35.90240      20.00000
      35.91250      20.00000
      35.92270      20.00000
      35.93290      20.00000
      35.94300      20.00000
      35.95320      20.00000
      35.96340      20.00000
      35.97350      20.00000
      35.98370      20.00000
      35.99390      20.00000
