! TITLE: Yobs                                                                                                                                                                                                                                                            
! Peak:  1
       6.00860      20.00000
       6.01870      20.00000
       6.02890      20.00000
       6.03910      20.00000
       6.04920      20.00000
       6.05940      20.00000
       6.06960      20.00000
       6.07970      20.00000
       6.08990      20.00000
       6.10010      20.00000
       6.11020      20.00000
       6.12040      20.00000
       6.13060      20.00000
       6.14070      20.00000
       6.15090      20.00000
       6.16110      20.00000
       6.17120      20.00000
       6.18140      20.00000
       6.19150      20.00000
       6.20170      20.00000
       6.21190      20.00000
       6.22200      20.00000
       6.23220      20.00000
       6.24240      20.00000
       6.25250      20.00000
       6.26270      20.00000
       6.27290      20.00000
       6.28300      20.00000
       6.29320      20.00000
       6.30340      20.00000
       6.31350      20.00000
       6.32370      20.00000
       6.33380      20.00000
       6.34400      20.00000
       6.35420      20.00000
       6.36430      20.00000
       6.37450      20.00000
       6.38470      20.00000
       6.39480      20.00000
       6.40500      20.00000
       6.41520      20.00000
       6.42530      20.00000
       6.43550      20.00000
       6.44570      20.00000
       6.45580      20.00000
       6.46600      20.00000
       6.47620      20.00000
       6.48630      20.00000
       6.49650      20.00000
       6.50660      20.00000
       6.51680      20.00000
       6.52700      20.00000
       6.53710      20.00000
       6.54730      20.00000
       6.55750      20.00000
       6.56760      20.00000
       6.57780      20.00000
       6.58800      20.00000
       6.59810      20.00000
       6.60830      20.00000
       6.61850      20.00000
       6.62860      20.00000
       6.63880      20.00000
       6.64890      20.00000
       6.65910      20.00000
       6.66930      20.00000
       6.67940      20.00000
       6.68960      20.00000
       6.69980      20.00000
       6.70990      20.00000
       6.72010      20.00000
       6.73030      20.00000
       6.74040      20.00000
       6.75060      20.00000
       6.76080      20.00000
       6.77090      20.00000
       6.78110      20.00000
       6.79130      20.00000
       6.80140      20.00000
       6.81160      20.00000
       6.82170      20.00000
       6.83190      20.00000
       6.84210      20.00000
       6.85220      20.00000
       6.86240      20.00000
       6.87260      20.00000
       6.88270      20.00000
       6.89290      20.00000
       6.90310      20.00000
       6.91320      20.00000
       6.92340      20.00000
       6.93360      20.00000
       6.94370      20.00000
       6.95390      20.00000
       6.96400      20.00000
       6.97420      20.00000
       6.98440      20.00000
       6.99450      20.00000
       7.00470      20.00000
       7.01490      20.00000
       7.02500      20.00000
       7.03520      20.00000
       7.04540      20.00000
       7.05550      20.00000
       7.06570      20.00000
       7.07590      20.00000
       7.08600      20.00000
       7.09620      20.00000
       7.10640      20.00000
       7.11650      20.00000
       7.12670      20.00000
       7.13680      20.00000
       7.14700      20.00000
       7.15720      20.00000
       7.16730      20.00000
       7.17750      20.00000
       7.18770      20.00000
       7.19780      20.00000
       7.20800      20.00000
       7.21820      20.00000
       7.22830      20.00000
       7.23850      20.00000
       7.24870      20.00000
       7.25880      20.00000
       7.26900      20.00000
       7.27910      20.00000
       7.28930      20.00000
       7.29950      20.00000
       7.30960      20.00000
       7.31980      20.00000
       7.33000      20.00000
       7.34010      20.00000
       7.35030      20.00000
       7.36050      20.00000
       7.37060      20.00000
       7.38080      20.00000
       7.39100      20.00000
       7.40110      20.00000
       7.41130      20.00000
       7.42150      20.00000
       7.43160      20.00000
       7.44180      20.00000
       7.45190      20.00000
       7.46210      20.00000
       7.47230      20.00000
       7.48240      20.00000
       7.49260      20.00000
       7.50280      20.00000
       7.51290      20.00000
       7.52310      20.00000
       7.53330      20.00000
       7.54340      20.00000
       7.55360      20.00000
       7.56380      20.00000
       7.57390      20.00000
       7.58410      20.00000
       7.59420      20.00000
       7.60440      20.00000
       7.61460      20.00000
       7.62470      20.00000
       7.63490      20.00000
       7.64510      20.00000
       7.65520      20.00000
       7.66540      20.00000
       7.67560      20.00000
       7.68570      20.00000
       7.69590      20.00000
       7.70610      20.00000
       7.71620      20.00000
       7.72640      20.00000
       7.73650      20.00000
       7.74670      20.00000
       7.75690      20.00000
       7.76700      20.00000
       7.77720      20.00000
       7.78740      20.00000
       7.79750      20.00000
       7.80770      20.00000
       7.81790      20.00000
       7.82800      20.00000
       7.83820      20.00000
       7.84840      20.00000
       7.85850      20.00000
       7.86870      20.00000
       7.87890      20.00000
       7.88900      20.00000
       7.89920      20.00000
       7.90930      20.00000
       7.91950      20.00000
       7.92970      20.00000
       7.93980      20.00000
       7.95000      20.00000
       7.96020      20.00000
       7.97030      20.00000
       7.98050      20.00000
       7.99070      20.00000
       8.00080      20.00000
       8.01100      20.00000
       8.02120      20.00000
       8.03130      20.00000
       8.04150      20.00000
       8.05160      20.00000
       8.06180      20.00000
       8.07200      20.00000
       8.08210      20.00000
       8.09230      20.00000
       8.10250      20.00000
       8.11260      20.00000
       8.12280      20.00000
       8.13300      20.00000
       8.14310      20.00000
       8.15330      20.00000
       8.16350      20.00000
       8.17360      20.00000
       8.18380      20.00000
       8.19400      20.00000
       8.20410      20.00000
       8.21430      20.00000
       8.22440      20.00000
       8.23460      20.00000
       8.24480      20.00000
       8.25490      20.00000
       8.26510      20.00000
       8.27530      20.00000
       8.28540      20.00000
       8.29560      20.00000
       8.30580      20.00000
       8.31590      20.00000
       8.32610      20.00000
       8.33630      20.00000
       8.34640      20.00000
       8.35660      20.00000
       8.36670      20.00000
       8.37690      20.00000
       8.38710      20.00000
       8.39720      20.00000
       8.40740      20.00000
       8.41760      20.00000
       8.42770      20.00000
       8.43790      20.00000
       8.44810      20.00000
       8.45820      20.00000
       8.46840      20.00000
       8.47860      20.00000
       8.48870      20.00000
       8.49890      20.00000
       8.50910      20.00000
       8.51920      20.00000
       8.52940      20.00000
       8.53950      20.00000
       8.54970      20.00000
       8.55990      20.00000
       8.57000      20.00000
       8.58020      20.00000
       8.59040      20.00000
       8.60050      20.00000
       8.61070      20.00000
       8.62090      20.00000
       8.63100      20.00000
       8.64120      20.00000
       8.65140      20.00000
       8.66150      20.00000
       8.67170      20.00000
       8.68180      20.00000
       8.69200      20.00000
       8.70220      20.00000
       8.71230      20.00000
       8.72250      20.00000
       8.73270      20.00000
       8.74280      20.00000
       8.75300      20.00000
       8.76320      20.00000
       8.77330      20.00000
       8.78350      20.00000
       8.79370      20.00000
       8.80380      20.00000
       8.81400      20.00000
       8.82420      20.00000
       8.83430      20.00000
       8.84450      20.00000
       8.85460      20.00000
       8.86480      20.00000
       8.87500      20.00000
       8.88510      20.00000
       8.89530      20.00000
       8.90550      20.00000
       8.91560      20.00000
       8.92580      20.00000
       8.93600      20.00000
       8.94610      20.00000
       8.95630      20.00000
       8.96650      20.00000
       8.97660      20.00000
       8.98680      20.00000
       8.99690      20.00000
       9.00710      20.00000
       9.01730      20.00000
       9.02740      20.00000
       9.03760      20.00000
       9.04780      20.00000
       9.05790      20.00000
       9.06810      20.00000
       9.07830      20.00000
       9.08840      20.00000
       9.09860      20.00000
       9.10880      20.00000
       9.11890      20.00000
       9.12910      20.00000
       9.13930      20.00000
       9.14940      20.00000
       9.15960      20.00000
       9.16970      20.00000
       9.17990      20.00000
       9.19010      20.00000
       9.20020      20.00000
       9.21040      20.00000
       9.22060      20.00000
       9.23070      20.00000
       9.24090      20.00000
       9.25110      20.00000
       9.26120      20.00000
       9.27140      20.00000
       9.28160      20.00000
       9.29170      20.00000
       9.30190      20.00000
       9.31200      20.00000
       9.32220      20.00000
       9.33240      20.00000
       9.34250      20.00000
       9.35270      20.00000
       9.36290      20.00000
       9.37300      20.00000
       9.38320      20.00000
       9.39340      20.00000
       9.40350      20.00000
       9.41370      20.00000
       9.42390      20.00000
       9.43400      20.00000
       9.44420      20.00000
       9.45440      20.00000
       9.46450      20.00000
       9.47470      20.00000
       9.48480      20.00000
       9.49500      20.00000
       9.50520      20.00000
       9.51530      20.00000
       9.52550      20.00000
       9.53570      20.00000
       9.54580      20.00000
       9.55600      20.00000
       9.56620      20.00000
       9.57630      20.00000
       9.58650      20.00000
       9.59670      20.00000
       9.60680      20.00000
       9.61700      20.00000
       9.62710      20.00000
       9.63730      20.00000
       9.64750      20.00000
       9.65760      20.00000
       9.66780      20.00000
       9.67800      20.00000
       9.68810      20.00000
       9.69830      20.00000
       9.70850      20.00000
       9.71860      20.00000
       9.72880      20.00000
       9.73900      20.00000
       9.74910      20.13561
       9.75930      20.13593
       9.76940      20.13624
       9.77960      20.13655
       9.78980      20.13686
       9.79990      20.13718
       9.81010      20.13749
       9.82030      20.13781
       9.83040      20.13813
       9.84060      20.13845
       9.85080      20.13877
       9.86090      20.13909
       9.87110      20.13941
       9.88130      20.13974
       9.89140      20.14006
       9.90160      20.14038
       9.91180      20.14071
       9.92190      20.14104
       9.93210      20.14137
       9.94220      20.14170
       9.95240      20.14203
       9.96260      20.14236
       9.97270      20.14270
       9.98290      20.14303
       9.99310      20.14337
      10.00320      20.14371
      10.01340      20.14404
      10.02360      20.14439
      10.03370      20.14472
      10.04390      20.14507
      10.05410      20.14541
      10.06420      20.14575
      10.07440      20.14610
      10.08450      20.14645
      10.09470      20.14680
      10.10490      20.14715
      10.11500      20.14750
      10.12520      20.14785
      10.13540      20.14820
      10.14550      20.14856
      10.15570      20.14891
      10.16590      20.14927
      10.17600      20.14963
      10.18620      20.14999
      10.19640      20.15035
      10.20650      20.15071
      10.21670      20.15108
      10.22690      20.15144
      10.23700      20.15181
      10.24720      20.15217
      10.25730      20.15254
      10.26750      20.15291
      10.27770      20.15329
      10.28780      20.15366
      10.29800      20.15403
      10.30820      20.15441
      10.31830      20.15478
      10.32850      20.15516
      10.33870      20.15554
      10.34880      20.15592
      10.35900      20.15631
      10.36920      20.15669
      10.37930      20.15708
      10.38950      20.15746
      10.39960      20.15785
      10.40980      20.15824
      10.42000      20.15863
      10.43010      20.15902
      10.44030      20.15942
      10.45050      20.15981
      10.46060      20.16021
      10.47080      20.16061
      10.48100      20.16101
      10.49110      20.16141
      10.50130      20.16182
      10.51150      20.16222
      10.52160      20.16262
      10.53180      20.16303
      10.54200      20.16344
      10.55210      20.16385
      10.56230      20.16427
      10.57240      20.16468
      10.58260      20.16509
      10.59280      20.16551
      10.60290      20.16593
      10.61310      20.16635
      10.62330      20.16677
      10.63340      20.16719
      10.64360      20.16762
      10.65380      20.16805
      10.66390      20.16847
      10.67410      20.16890
      10.68430      20.16934
      10.69440      20.16977
      10.70460      20.17020
      10.71470      20.17064
      10.72490      20.17108
      10.73510      20.17152
      10.74520      20.17196
      10.75540      20.17240
      10.76560      20.17285
      10.77570      20.17329
      10.78590      20.17374
      10.79610      20.17419
      10.80620      20.17464
      10.81640      20.17510
      10.82660      20.17555
      10.83670      20.17601
      10.84690      20.17647
      10.85710      20.17693
      10.86720      20.17739
      10.87740      20.17786
      10.88750      20.17832
      10.89770      20.17879
      10.90790      20.17926
      10.91800      20.17973
      10.92820      20.18020
      10.93840      20.18068
      10.94850      20.18116
      10.95870      20.18164
      10.96890      20.18212
      10.97900      20.18260
      10.98920      20.18309
      10.99940      20.18357
      11.00950      20.18406
      11.01970      20.18455
      11.02980      20.18504
      11.04000      20.18554
      11.05020      20.18604
      11.06030      20.18653
      11.07050      20.18704
      11.08070      20.18754
      11.09080      20.18804
      11.10100      20.18855
      11.11120      20.18906
      11.12130      20.18957
      11.13150      20.19008
      11.14170      20.19060
      11.15180      20.19111
      11.16200      20.19164
      11.17220      20.19216
      11.18230      20.19268
      11.19250      20.19320
      11.20260      20.19373
      11.21280      20.19426
      11.22300      20.19480
      11.23310      20.19533
      11.24330      20.19587
      11.25350      20.19641
      11.26360      20.19694
      11.27380      20.19749
      11.28400      20.19804
      11.29410      20.19858
      11.30430      20.19913
      11.31450      20.19969
      11.32460      20.20024
      11.33480      20.20080
      11.34490      20.20135
      11.35510      20.20191
      11.36530      20.20248
      11.37540      20.20304
      11.38560      20.20361
      11.39580      20.20419
      11.40590      20.20476
      11.41610      20.20533
      11.42630      20.20592
      11.43640      20.20649
      11.44660      20.20708
      11.45680      20.20766
      11.46690      20.20825
      11.47710      20.20884
      11.48730      20.20944
      11.49740      20.21003
      11.50760      20.21063
      11.51770      20.21123
      11.52790      20.21183
      11.53810      20.21244
      11.54820      20.21304
      11.55840      20.21366
      11.56860      20.21427
      11.57870      20.21489
      11.58890      20.21551
      11.59910      20.21613
      11.60920      20.21675
      11.61940      20.21738
      11.62960      20.21801
      11.63970      20.21864
      11.64990      20.21928
      11.66000      20.21991
      11.67020      20.22056
      11.68040      20.22120
      11.69050      20.22184
      11.70070      20.22250
      11.71090      20.22315
      11.72100      20.22380
      11.73120      20.22446
      11.74140      20.22512
      11.75150      20.22578
      11.76170      20.22645
      11.77190      20.22713
      11.78200      20.22779
      11.79220      20.22847
      11.80230      20.22915
      11.81250      20.22983
      11.82270      20.23052
      11.83280      20.23120
      11.84300      20.23189
      11.85320      20.23259
      11.86330      20.23328
      11.87350      20.23399
      11.88370      20.23469
      11.89380      20.23539
      11.90400      20.23610
      11.91420      20.23682
      11.92430      20.23753
      11.93450      20.23825
      11.94470      20.23898
      11.95480      20.23970
      11.96500      20.24043
      11.97510      20.24116
      11.98530      20.24190
      11.99550      20.24264
      12.00560      20.24338
      12.01580      20.24413
      12.02600      20.24488
      12.03610      20.24563
      12.04630      20.24639
      12.05650      20.24715
      12.06660      20.24791
      12.07680      20.24868
      12.08700      20.24945
      12.09710      20.25022
      12.10730      20.25100
      12.11740      20.25178
      12.12760      20.25257
      12.13780      20.25336
      12.14790      20.25415
      12.15810      20.25495
      12.16830      20.25575
      12.17840      20.25655
      12.18860      20.25736
      12.19880      20.25817
      12.20890      20.25898
      12.21910      20.25980
      12.22930      20.26063
      12.23940      20.26145
      12.24960      20.26228
      12.25980      20.26312
      12.26990      20.26395
      12.28010      20.26480
      12.29020      20.26564
      12.30040      20.26650
      12.31060      20.26735
      12.32070      20.26821
      12.33090      20.26907
      12.34110      20.26994
      12.35120      20.27081
      12.36140      20.27169
      12.37160      20.27257
      12.38170      20.27345
      12.39190      20.27434
      12.40210      20.27524
      12.41220      20.27613
      12.42240      20.27703
      12.43250      20.27794
      12.44270      20.27885
      12.45290      20.27977
      12.46300      20.28068
      12.47320      20.28161
      12.48340      20.28254
      12.49350      20.28347
      12.50370      20.28441
      12.51390      20.28535
      12.52400      20.28629
      12.53420      20.28725
      12.54440      20.28821
      12.55450      20.28917
      12.56470      20.29014
      12.57490      20.29111
      12.58500      20.29208
      12.59520      20.29306
      12.60530      20.29404
      12.61550      20.29504
      12.62570      20.29604
      12.63580      20.29703
      12.64600      20.29804
      12.65620      20.29906
      12.66630      20.30007
      12.67650      20.30109
      12.68670      20.30212
      12.69680      20.30315
      12.70700      20.30419
      12.71720      20.30523
      12.72730      20.30627
      12.73750      20.30733
      12.74760      20.30838
      12.75780      20.30945
      12.76800      20.31052
      12.77810      20.31159
      12.78830      20.31268
      12.79850      20.31377
      12.80860      20.31485
      12.81880      20.31595
      12.82900      20.31706
      12.83910      20.31816
      12.84930      20.31928
      12.85950      20.32041
      12.86960      20.32153
      12.87980      20.32266
      12.89000      20.32381
      12.90010      20.32495
      12.91030      20.32610
      12.92040      20.32725
      12.93060      20.32842
      12.94080      20.32959
      12.95090      20.33076
      12.96110      20.33195
      12.97130      20.33314
      12.98140      20.33433
      12.99160      20.33553
      13.00180      20.33674
      13.01190      20.33795
      13.02210      20.33917
      13.03230      20.34040
      13.04240      20.34163
      13.05260      20.34288
      13.06270      20.34412
      13.07290      20.34538
      13.08310      20.34664
      13.09320      20.34790
      13.10340      20.34918
      13.11360      20.35047
      13.12370      20.35175
      13.13390      20.35305
      13.14410      20.35436
      13.15420      20.35566
      13.16440      20.35698
      13.17460      20.35831
      13.18470      20.35963
      13.19490      20.36098
      13.20510      20.36233
      13.21520      20.36368
      13.22540      20.36505
      13.23550      20.36641
      13.24570      20.36779
      13.25590      20.36918
      13.26600      20.37057
      13.27620      20.37197
      13.28640      20.37339
      13.29650      20.37479
      13.30670      20.37622
      13.31690      20.37766
      13.32700      20.37910
      13.33720      20.38055
      13.34740      20.38202
      13.35750      20.38347
      13.36770      20.38495
      13.37780      20.38643
      13.38800      20.38793
      13.39820      20.38943
      13.40830      20.39093
      13.41850      20.39246
      13.42870      20.39399
      13.43880      20.39552
      13.44900      20.39707
      13.45920      20.39863
      13.46930      20.40018
      13.47950      20.40176
      13.48970      20.40335
      13.49980      20.40493
      13.51000      20.40653
      13.52010      20.40813
      13.53030      20.40976
      13.54050      20.41139
      13.55060      20.41302
      13.56080      20.41468
      13.57100      20.41634
      13.58110      20.41800
      13.59130      20.41969
      13.60150      20.42138
      13.61160      20.42307
      13.62180      20.42479
      13.63200      20.42651
      13.64210      20.42823
      13.65230      20.42998
      13.66250      20.43174
      13.67260      20.43349
      13.68280      20.43527
      13.69290      20.43704
      13.70310      20.43884
      13.71330      20.44065
      13.72340      20.44246
      13.73360      20.44429
      13.74380      20.44614
      13.75390      20.44798
      13.76410      20.44985
      13.77430      20.45173
      13.78440      20.45360
      13.79460      20.45551
      13.80480      20.45742
      13.81490      20.45933
      13.82510      20.46127
      13.83520      20.46321
      13.84540      20.46517
      13.85560      20.46715
      13.86570      20.46912
      13.87590      20.47112
      13.88610      20.47314
      13.89620      20.47515
      13.90640      20.47719
      13.91660      20.47924
      13.92670      20.48129
      13.93690      20.48337
      13.94710      20.48547
      13.95720      20.48755
      13.96740      20.48968
      13.97760      20.49181
      13.98770      20.49394
      13.99790      20.49610
      14.00800      20.49826
      14.01820      20.50045
      14.02840      20.50266
      14.03850      20.50486
      14.04870      20.50710
      14.05890      20.50934
      14.06900      20.51159
      14.07920      20.51387
      14.08940      20.51616
      14.09950      20.51845
      14.10970      20.52078
      14.11990      20.52312
      14.13000      20.52546
      14.14020      20.52783
      14.15030      20.53020
      14.16050      20.53260
      14.17070      20.53503
      14.18080      20.53744
      14.19100      20.53990
      14.20120      20.54237
      14.21130      20.54483
      14.22150      20.54734
      14.23170      20.54986
      14.24180      20.55238
      14.25200      20.55494
      14.26220      20.55751
      14.27230      20.56008
      14.28250      20.56270
      14.29270      20.56533
      14.30280      20.56795
      14.31300      20.57062
      14.32310      20.57328
      14.33330      20.57598
      14.34350      20.57870
      14.35360      20.58142
      14.36380      20.58418
      14.37400      20.58697
      14.38410      20.58974
      14.39430      20.59256
      14.40450      20.59541
      14.41460      20.59824
      14.42480      20.60112
      14.43500      20.60403
      14.44510      20.60692
      14.45530      20.60987
      14.46540      20.61281
      14.47560      20.61580
      14.48580      20.61881
      14.49590      20.62181
      14.50610      20.62487
      14.51630      20.62794
      14.52640      20.63101
      14.53660      20.63414
      14.54680      20.63728
      14.55690      20.64042
      14.56710      20.64361
      14.57730      20.64683
      14.58740      20.65004
      14.59760      20.65331
      14.60780      20.65660
      14.61790      20.65988
      14.62810      20.66322
      14.63820      20.66655
      14.64840      20.66994
      14.65860      20.67336
      14.66870      20.67676
      14.67890      20.68023
      14.68910      20.68373
      14.69920      20.68721
      14.70940      20.69076
      14.71960      20.69434
      14.72970      20.69791
      14.73990      20.70154
      14.75010      20.70520
      14.76020      20.70885
      14.77040      20.71257
      14.78050      20.71628
      14.79070      20.72006
      14.80090      20.72386
      14.81100      20.72766
      14.82120      20.73153
      14.83140      20.73542
      14.84150      20.73931
      14.85170      20.74327
      14.86190      20.74726
      14.87200      20.75125
      14.88220      20.75530
      14.89240      20.75939
      14.90250      20.76347
      14.91270      20.76763
      14.92290      20.77182
      14.93300      20.77600
      14.94320      20.78025
      14.95330      20.78450
      14.96350      20.78883
      14.97370      20.79319
      14.98380      20.79755
      14.99400      20.80198
      15.00420      20.80646
      15.01430      20.81092
      15.02450      20.81547
      15.03470      20.82006
      15.04480      20.82463
      15.05500      20.82930
      15.06520      20.83400
      15.07530      20.83869
      15.08550      20.84348
      15.09560      20.84825
      15.10580      20.85312
      15.11600      20.85802
      15.12610      20.86292
      15.13630      20.86791
      15.14650      20.87295
      15.15660      20.87797
      15.16680      20.88309
      15.17700      20.88826
      15.18710      20.89342
      15.19730      20.89868
      15.20750      20.90398
      15.21760      20.90928
      15.22780      20.91468
      15.23800      20.92012
      15.24810      20.92556
      15.25830      20.93110
      15.26840      20.93664
      15.27860      20.94228
      15.28880      20.94798
      15.29890      20.95366
      15.30910      20.95946
      15.31930      20.96531
      15.32940      20.97116
      15.33960      20.97711
      15.34980      20.98312
      15.35990      20.98913
      15.37010      20.99525
      15.38030      21.00143
      15.39040      21.00760
      15.40060      21.01390
      15.41070      21.02019
      15.42090      21.02660
      15.43110      21.03307
      15.44120      21.03954
      15.45140      21.04613
      15.46160      21.05279
      15.47170      21.05945
      15.48190      21.06623
      15.49210      21.07308
      15.50220      21.07993
      15.51240      21.08691
      15.52260      21.09396
      15.53270      21.10100
      15.54290      21.10819
      15.55300      21.11538
      15.56320      21.12270
      15.57340      21.13010
      15.58350      21.13750
      15.59370      21.14505
      15.60390      21.15267
      15.61400      21.16029
      15.62420      21.16806
      15.63440      21.17591
      15.64450      21.18376
      15.65470      21.19177
      15.66490      21.19986
      15.67500      21.20795
      15.68520      21.21621
      15.69540      21.22455
      15.70550      21.23289
      15.71570      21.24140
      15.72580      21.24991
      15.73600      21.25860
      15.74620      21.26738
      15.75630      21.27616
      15.76650      21.28512
      15.77670      21.29418
      15.78680      21.30324
      15.79700      21.31249
      15.80720      21.32183
      15.81730      21.33118
      15.82750      21.34073
      15.83770      21.35038
      15.84780      21.36003
      15.85800      21.36989
      15.86810      21.37975
      15.87830      21.38982
      15.88850      21.40000
      15.89860      21.41019
      15.90880      21.42060
      15.91900      21.43112
      15.92910      21.44165
      15.93930      21.45240
      15.94950      21.46327
      15.95960      21.47416
      15.96980      21.48528
      15.98000      21.49652
      15.99010      21.50778
      16.00030      21.51927
      16.01050      21.53090
      16.02060      21.54255
      16.03080      21.55445
      16.04090      21.56636
      16.05110      21.57853
      16.06130      21.59085
      16.07140      21.60318
      16.08160      21.61578
      16.09180      21.62853
      16.10190      21.64130
      16.11210      21.65435
      16.12230      21.66756
      16.13240      21.68079
      16.14260      21.69431
      16.15280      21.70800
      16.16290      21.72172
      16.17310      21.73573
      16.18320      21.74978
      16.19340      21.76414
      16.20360      21.77868
      16.21370      21.79324
      16.22390      21.80814
      16.23410      21.82322
      16.24420      21.83834
      16.25440      21.85379
      16.26460      21.86945
      16.27470      21.88514
      16.28490      21.90119
      16.29510      21.91744
      16.30520      21.93374
      16.31540      21.95040
      16.32560      21.96729
      16.33570      21.98422
      16.34590      22.00154
      16.35600      22.01892
      16.36620      22.03669
      16.37640      22.05470
      16.38650      22.07277
      16.39670      22.09126
      16.40690      22.10999
      16.41700      22.12879
      16.42720      22.14803
      16.43740      22.16752
      16.44750      22.18709
      16.45770      22.20712
      16.46790      22.22742
      16.47800      22.24779
      16.48820      22.26865
      16.49830      22.28960
      16.50850      22.31103
      16.51870      22.33278
      16.52880      22.35460
      16.53900      22.37696
      16.54920      22.39963
      16.55930      22.42240
      16.56950      22.44572
      16.57970      22.46937
      16.58980      22.49313
      16.60000      22.51747
      16.61020      22.54217
      16.62030      22.56697
      16.63050      22.59240
      16.64070      22.61819
      16.65080      22.64411
      16.66100      22.67067
      16.67110      22.69737
      16.68130      22.72473
      16.69150      22.75251
      16.70160      22.78044
      16.71180      22.80906
      16.72200      22.83813
      16.73210      22.86735
      16.74230      22.89732
      16.75250      22.92776
      16.76260      22.95836
      16.77280      22.98975
      16.78300      23.02164
      16.79310      23.05372
      16.80330      23.08662
      16.81340      23.11973
      16.82360      23.15370
      16.83380      23.18821
      16.84390      23.22295
      16.85410      23.25859
      16.86430      23.29483
      16.87440      23.33130
      16.88460      23.36875
      16.89480      23.40682
      16.90490      23.44514
      16.91510      23.48450
      16.92530      23.52453
      16.93540      23.56483
      16.94560      23.60623
      16.95580      23.64834
      16.96590      23.69077
      16.97610      23.73436
      16.98620      23.77827
      16.99640      23.82341
      17.00660      23.86933
      17.01670      23.91562
      17.02690      23.96319
      17.03710      24.01164
      17.04720      24.06046
      17.05740      24.11068
      17.06760      24.16182
      17.07770      24.21338
      17.08790      24.26642
      17.09810      24.32046
      17.10820      24.37496
      17.11840      24.43105
      17.12850      24.48763
      17.13870      24.54588
      17.14890      24.60524
      17.15900      24.66517
      17.16920      24.72687
      17.17940      24.78978
      17.18950      24.85332
      17.19970      24.91876
      17.20990      24.98552
      17.22000      25.05297
      17.23020      25.12247
      17.24040      25.19342
      17.25050      25.26512
      17.26070      25.33906
      17.27090      25.41457
      17.28100      25.49092
      17.29120      25.56970
      17.30130      25.64939
      17.31150      25.73166
      17.32170      25.81574
      17.33180      25.90089
      17.34200      25.98882
      17.35220      26.07880
      17.36230      26.16998
      17.37250      26.26421
      17.38270      26.36073
      17.39280      26.45860
      17.40300      26.55989
      17.41320      26.66372
      17.42330      26.76914
      17.43350      26.87835
      17.44360      26.98931
      17.45380      27.10437
      17.46400      27.22256
      17.47410      27.34282
      17.48430      27.46770
      17.49450      27.59614
      17.50460      27.72708
      17.51480      27.86321
      17.52500      28.00353
      17.53510      28.14678
      17.54530      28.29599
      17.55550      28.45007
      17.56560      28.60765
      17.57580      28.77215
      17.58590      28.94062
      17.59610      29.11674
      17.60630      29.29918
      17.61640      29.48641
      17.62660      29.68255
      17.63680      29.88618
      17.64690      30.09559
      17.65710      30.31543
      17.66730      30.54411
      17.67740      30.77986
      17.68760      31.02779
      17.69780      31.28629
      17.70790      31.55322
      17.71810      31.83459
      17.72830      32.12845
      17.73840      32.43244
      17.74860      32.75340
      17.75870      33.08577
      17.76890      33.43704
      17.77910      33.80486
      17.78920      34.18624
      17.79940      34.58978
      17.80960      35.01279
      17.81970      35.45180
      17.82990      35.91671
      17.84010      36.40427
      17.85020      36.91075
      17.86040      37.44712
      17.87060      38.00999
      17.88070      38.59455
      17.89090      39.21384
      17.90100      39.85693
      17.91120      40.53805
      17.92140      41.25236
      17.93150      41.99371
      17.94170      42.77840
      17.95190      43.60065
      17.96200      44.45325
      17.97220      45.35476
      17.98240      46.29834
      17.99250      47.27550
      18.00270      48.30729
      18.01290      49.38543
      18.02300      50.50060
      18.03320      51.67569
      18.04340      52.90183
      18.05350      54.16724
      18.06370      55.49855
      18.07380      56.87060
      18.08400      58.31202
      18.09420      59.81046
      18.10430      61.35124
      18.11450      62.96612
      18.12470      64.64079
      18.13480      66.35847
      18.14500      68.15415
      18.15520      70.01102
      18.16530      71.91116
      18.17550      73.89169
      18.18570      75.93385
      18.19580      78.01749
      18.20600      80.18237
      18.21610      82.38662
      18.22630      84.67195
      18.23650      87.01685
      18.24660      89.39555
      18.25680      91.85419
      18.26700      94.36746
      18.27710      96.90763
      18.28730      99.52320
      18.29750     102.18630
      18.30760     104.86686
      18.31780     107.61517
      18.32800     110.40029
      18.33810     113.19152
      18.34830     116.03857
      18.35850     118.90853
      18.36860     121.76880
      18.37880     124.66844
      18.38890     127.54569
      18.39910     130.44894
      18.40930     133.34332
      18.41940     136.19171
      18.42960     139.04237
      18.43980     141.85736
      18.44990     144.59959
      18.46010     147.31363
      18.47030     149.96086
      18.48040     152.50497
      18.49060     154.98528
      18.50080     157.36353
      18.51090     159.60706
      18.52110     161.74701
      18.53120     163.73073
      18.54140     165.58504
      18.55160     167.27803
      18.56170     168.78554
      18.57190     170.12657
      18.58210     171.27678
      18.59220     172.21938
      18.60240     172.96645
      18.61260     173.50206
      18.62270     173.82014
      18.63290     173.92467
      18.64310     173.81058
      18.65320     173.48312
      18.66340     172.93814
      18.67360     172.18211
      18.68370     171.23055
      18.69390     170.07204
      18.70400     168.73663
      18.71420     167.20778
      18.72440     165.50720
      18.73450     163.66493
      18.74470     161.65652
      18.75490     159.51044
      18.76500     157.26218
      18.77520     154.87880
      18.78540     152.39430
      18.79550     149.84659
      18.80570     147.19618
      18.81590     144.47948
      18.82600     141.73508
      18.83620     138.91832
      18.84630     136.09473
      18.85650     133.21698
      18.86670     130.32257
      18.87680     127.44681
      18.88700     124.54193
      18.89720     121.64214
      18.90730     118.78252
      18.91750     115.91346
      18.92770     113.06757
      18.93780     110.27821
      18.94800     107.49410
      18.95820     104.74753
      18.96830     102.06882
      18.97850      99.40774
      18.98870      96.79433
      18.99880      94.25639
      19.00900      91.74545
      19.01910      89.31332
      19.02930      86.91302
      19.03950      84.57112
      19.04960      82.30988
      19.05980      80.08675
      19.07000      77.92414
      19.08010      75.84357
      19.09030      73.80373
      19.10050      71.82592
      19.11060      69.92883
      19.12080      68.07430
      19.13100      66.28130
      19.14110      64.56625
      19.15130      62.89421
      19.16140      61.29762
      19.17160      59.74369
      19.18180      58.24776
      19.19190      56.82280
      19.20210      55.43917
      19.21230      54.11047
      19.22240      52.84710
      19.23260      51.62343
      19.24280      50.45031
      19.25290      49.33746
      19.26310      48.26118
      19.27330      47.23140
      19.28340      46.25615
      19.29360      45.31445
      19.30380      44.41475
      19.31390      43.56387
      19.32410      42.74329
      19.33420      41.96779
      19.34440      41.22039
      19.35460      40.50756
      19.36470      39.83444
      19.37490      39.18612
      19.38510      38.56824
      19.39520      37.98479
      19.40540      37.42321
      19.41560      36.88786
      19.42570      36.38253
      19.43590      35.89590
      19.44610      35.43196
      19.45620      34.99385
      19.46640      34.57173
      19.47650      34.17290
      19.48670      33.78840
      19.49690      33.42134
      19.50700      33.07416
      19.51720      32.73906
      19.52740      32.41878
      19.53750      32.11532
      19.54770      31.82202
      19.55790      31.54124
      19.56800      31.27475
      19.57820      31.01677
      19.58840      30.76925
      19.59850      30.53395
      19.60870      30.30563
      19.61880      30.08829
      19.62900      29.87710
      19.63920      29.67381
      19.64930      29.47990
      19.65950      29.29106
      19.66970      29.10890
      19.67980      28.93477
      19.69000      28.76484
      19.70020      28.60061
      19.71030      28.44322
      19.72050      28.28936
      19.73070      28.14036
      19.74080      27.99730
      19.75100      27.85719
      19.76120      27.72121
      19.77130      27.59047
      19.78150      27.46216
      19.79160      27.33866
      19.80180      27.21733
      19.81200      27.09927
      19.82210      26.98547
      19.83230      26.87351
      19.84250      26.76442
      19.85260      26.65913
      19.86280      26.55541
      19.87300      26.45425
      19.88310      26.35645
      19.89330      26.26006
      19.90350      26.16591
      19.91360      26.07482
      19.92380      25.98495
      19.93390      25.89794
      19.94410      25.81204
      19.95430      25.72802
      19.96440      25.64664
      19.97460      25.56622
      19.98480      25.48751
      19.99490      25.41123
      20.00510      25.33579
      20.01530      25.26192
      20.02540      25.19029
      20.03560      25.11940
      20.04580      25.04997
      20.05590      24.98257
      20.06610      24.91588
      20.07630      24.85049
      20.08640      24.78702
      20.09660      24.72415
      20.10670      24.66309
      20.11690      24.60263
      20.12710      24.54331
      20.13720      24.48568
      20.14740      24.42857
      20.15760      24.37253
      20.16770      24.31807
      20.17790      24.26408
      20.18810      24.21108
      20.19820      24.15956
      20.20840      24.10846
      20.21860      24.05830
      20.22870      24.00950
      20.23890      23.96110
      20.24900      23.91402
      20.25920      23.86731
      20.26940      23.82141
      20.27950      23.77676
      20.28970      23.73244
      20.29990      23.68888
      20.31000      23.64649
      20.32020      23.60441
      20.33040      23.56304
      20.34050      23.52276
      20.35070      23.48277
      20.36090      23.44343
      20.37100      23.40514
      20.38120      23.36710
      20.39140      23.32969
      20.40150      23.29323
      20.41170      23.25703
      20.42180      23.22175
      20.43200      23.18669
      20.44220      23.15220
      20.45230      23.11859
      20.46250      23.08517
      20.47270      23.05229
      20.48280      23.02024
      20.49300      22.98837
      20.50320      22.95700
      20.51330      22.92642
      20.52350      22.89600
      20.53370      22.86605
      20.54380      22.83685
      20.55400      22.80780
      20.56410      22.77947
      20.57430      22.75129
      20.58450      22.72353
      20.59460      22.69645
      20.60480      22.66951
      20.61500      22.64296
      20.62510      22.61706
      20.63530      22.59127
      20.64550      22.56587
      20.65560      22.54108
      20.66580      22.51640
      20.67600      22.49207
      20.68610      22.46833
      20.69630      22.44469
      20.70650      22.42139
      20.71660      22.39863
      20.72680      22.37597
      20.73690      22.35385
      20.74710      22.33182
      20.75730      22.31009
      20.76740      22.28887
      20.77760      22.26774
      20.78780      22.24689
      20.79790      22.22652
      20.80810      22.20623
      20.81830      22.18622
      20.82840      22.16667
      20.83860      22.14718
      20.84880      22.12795
      20.85890      22.10917
      20.86910      22.09044
      20.87920      22.07215
      20.88940      22.05391
      20.89960      22.03592
      20.90970      22.01832
      20.91990      22.00078
      20.93010      21.98347
      20.94020      21.96655
      20.95040      21.94967
      20.96060      21.93301
      20.97070      21.91673
      20.98090      21.90048
      20.99110      21.88444
      21.00120      21.86876
      21.01140      21.85311
      21.02160      21.83766
      21.03170      21.82256
      21.04190      21.80748
      21.05200      21.79274
      21.06220      21.77803
      21.07240      21.76351
      21.08250      21.74929
      21.09270      21.73512
      21.10290      21.72111
      21.11300      21.70740
      21.12320      21.69372
      21.13340      21.68020
      21.14350      21.66698
      21.15370      21.65378
      21.16390      21.64074
      21.17400      21.62797
      21.18420      21.61523
      21.19430      21.60275
      21.20450      21.59030
      21.21470      21.57800
      21.22480      21.56595
      21.23500      21.55392
      21.24520      21.54203
      21.25530      21.53039
      21.26550      21.51877
      21.27570      21.50728
      21.28580      21.49602
      21.29600      21.48479
      21.30620      21.47368
      21.31630      21.46280
      21.32650      21.45193
      21.33660      21.44129
      21.34680      21.43065
      21.35700      21.42014
      21.36710      21.40984
      21.37730      21.39956
      21.38750      21.38938
      21.39760      21.37941
      21.40780      21.36946
      21.41800      21.35960
      21.42810      21.34995
      21.43830      21.34031
      21.44850      21.33077
      21.45860      21.32142
      21.46880      21.31208
      21.47900      21.30284
      21.48910      21.29378
      21.49930      21.28473
      21.50940      21.27586
      21.51960      21.26699
      21.52980      21.25822
      21.53990      21.24962
      21.55010      21.24103
      21.56030      21.23252
      21.57040      21.22418
      21.58060      21.21584
      21.59080      21.20759
      21.60090      21.19950
      21.61110      21.19142
      21.62130      21.18341
      21.63140      21.17557
      21.64160      21.16772
      21.65170      21.16002
      21.66190      21.15233
      21.67210      21.14471
      21.68220      21.13725
      21.69240      21.12978
      21.70260      21.12238
      21.71270      21.11513
      21.72290      21.10787
      21.73310      21.10069
      21.74320      21.09365
      21.75340      21.08660
      21.76360      21.07962
      21.77370      21.07278
      21.78390      21.06593
      21.79410      21.05915
      21.80420      21.05250
      21.81440      21.04585
      21.82450      21.03932
      21.83470      21.03279
      21.84490      21.02632
      21.85500      21.01997
      21.86520      21.01362
      21.87540      21.00733
      21.88550      21.00116
      21.89570      20.99498
      21.90590      20.98886
      21.91600      20.98286
      21.92620      20.97685
      21.93640      20.97090
      21.94650      20.96505
      21.95670      20.95921
      21.96680      20.95347
      21.97700      20.94773
      21.98720      20.94204
      21.99730      20.93645
      22.00750      20.93086
      22.01770      20.92532
      22.02780      20.91988
      22.03800      20.91444
      22.04820      20.90904
      22.05830      20.90375
      22.06850      20.89845
      22.07870      20.89319
      22.08880      20.88803
      22.09900      20.88287
      22.10920      20.87775
      22.11930      20.87272
      22.12950      20.86769
      22.13960      20.86275
      22.14980      20.85781
      22.16000      20.85290
      22.17010      20.84809
      22.18030      20.84327
      22.19050      20.83849
      22.20060      20.83379
      22.21080      20.82909
      22.22100      20.82443
      22.23110      20.81985
      22.24130      20.81527
      22.25150      20.81072
      22.26160      20.80626
      22.27180      20.80179
      22.28190      20.79740
      22.29210      20.79300
      22.30230      20.78864
      22.31240      20.78436
      22.32260      20.78007
      22.33280      20.77581
      22.34290      20.77163
      22.35310      20.76744
      22.36330      20.76329
      22.37340      20.75921
      22.38360      20.75513
      22.39380      20.75107
      22.40390      20.74709
      22.41410      20.74310
      22.42430      20.73914
      22.43440      20.73525
      22.44460      20.73136
      22.45470      20.72753
      22.46490      20.72370
      22.47510      20.71989
      22.48520      20.71615
      22.49540      20.71241
      22.50560      20.70869
      22.51570      20.70504
      22.52590      20.70138
      22.53610      20.69775
      22.54620      20.69418
      22.55640      20.69061
      22.56660      20.68706
      22.57670      20.68357
      22.58690      20.68008
      22.59700      20.67665
      22.60720      20.67321
      22.61740      20.66979
      22.62750      20.66644
      22.63770      20.66307
      22.64790      20.65973
      22.65800      20.65645
      22.66820      20.65316
      22.67840      20.64990
      22.68850      20.64669
      22.69870      20.64347
      22.70890      20.64028
      22.71900      20.63715
      22.72920      20.63400
      22.73940      20.63088
      22.74950      20.62781
      22.75970      20.62473
      22.76980      20.62171
      22.78000      20.61868
      22.79020      20.61567
      22.80030      20.61271
      22.81050      20.60974
      22.82070      20.60679
      22.83080      20.60390
      22.84100      20.60100
      22.85120      20.59811
      22.86130      20.59528
      22.87150      20.59244
      22.88170      20.58962
      22.89180      20.58684
      22.90200      20.58406
      22.91210      20.58133
      22.92230      20.57858
      22.93250      20.57586
      22.94260      20.57318
      22.95280      20.57050
      22.96300      20.56783
      22.97310      20.56521
      22.98330      20.56258
      22.99350      20.55997
      23.00360      20.55740
      23.01380      20.55483
      23.02400      20.55227
      23.03410      20.54975
      23.04430      20.54723
      23.05450      20.54473
      23.06460      20.54226
      23.07480      20.53979
      23.08490      20.53736
      23.09510      20.53492
      23.10530      20.53250
      23.11540      20.53012
      23.12560      20.52773
      23.13580      20.52535
      23.14590      20.52302
      23.15610      20.52068
      23.16630      20.51835
      23.17640      20.51606
      23.18660      20.51377
      23.19680      20.51149
      23.20690      20.50925
      23.21710      20.50700
      23.22720      20.50478
      23.23740      20.50256
      23.24760      20.50036
      23.25770      20.49819
      23.26790      20.49601
      23.27810      20.49385
      23.28820      20.49172
      23.29840      20.48958
      23.30860      20.48746
      23.31870      20.48537
      23.32890      20.48328
      23.33910      20.48120
      23.34920      20.47915
      23.35940      20.47710
      23.36950      20.47508
      23.37970      20.47305
      23.38990      20.47103
      23.40000      20.46905
      23.41020      20.46706
      23.42040      20.46508
      23.43050      20.46314
      23.44070      20.46119
      23.45090      20.45925
      23.46100      20.45734
      23.47120      20.45542
      23.48140      20.45352
      23.49150      20.45164
      23.50170      20.44976
      23.51190      20.44790
      23.52200      20.44606
      23.53220      20.44421
      23.54230      20.44239
      23.55250      20.44057
      23.56270      20.43876
      23.57280      20.43698
      23.58300      20.43519
      23.59320      20.43341
      23.60330      20.43166
      23.61350      20.42990
      23.62370      20.42815
      23.63380      20.42644
      23.64400      20.42471
      23.65420      20.42299
      23.66430      20.42131
      23.67450      20.41961
      23.68460      20.41794
      23.69480      20.41627
      23.70500      20.41461
      23.71510      20.41297
      23.72530      20.41132
      23.73550      20.40969
      23.74560      20.40808
      23.75580      20.40646
      23.76600      20.40486
      23.77610      20.40328
      23.78630      20.40169
      23.79650      20.40011
      23.80660      20.39856
      23.81680      20.39700
      23.82700      20.39545
      23.83710      20.39392
      23.84730      20.39239
      23.85740      20.39088
      23.86760      20.38937
      23.87780      20.38786
      23.88790      20.38638
      23.89810      20.38489
      23.90830      20.38341
      23.91840      20.38195
      23.92860      20.38049
      23.93880      20.37903
      23.94890      20.37760
      23.95910      20.37616
      23.96930      20.37473
      23.97940      20.37332
      23.98960      20.37191
      23.99970      20.37052
      24.00990      20.36912
      24.02010      20.36773
      24.03020      20.36636
      24.04040      20.36499
      24.05060      20.36362
      24.06070      20.36227
      24.07090      20.36092
      24.08110      20.35958
      24.09120      20.35825
      24.10140      20.35692
      24.11160      20.35560
      24.12170      20.35430
      24.13190      20.35299
      24.14210      20.35169
      24.15220      20.35041
      24.16240      20.34912
      24.17250      20.34786
      24.18270      20.34658
      24.19290      20.34532
      24.20300      20.34407
      24.21320      20.34282
      24.22340      20.34158
      24.23350      20.34035
      24.24370      20.33912
      24.25390      20.33789
      24.26400      20.33669
      24.27420      20.33548
      24.28440      20.33427
      24.29450      20.33309
      24.30470      20.33189
      24.31480      20.33072
      24.32500      20.32954
      24.33520      20.32837
      24.34530      20.32721
      24.35550      20.32605
      24.36570      20.32490
      24.37580      20.32376
      24.38600      20.32261
      24.39620      20.32148
      24.40630      20.32036
      24.41650      20.31923
      24.42670      20.31812
      24.43680      20.31701
      24.44700      20.31591
      24.45720      20.31481
      24.46730      20.31372
      24.47750      20.31263
      24.48760      20.31156
      24.49780      20.31048
      24.50800      20.30940
      24.51810      20.30835
      24.52830      20.30729
      24.53850      20.30623
      24.54860      20.30519
      24.55880      20.30414
      24.56900      20.30310
      24.57910      20.30208
      24.58930      20.30105
      24.59950      20.30002
      24.60960      20.29901
      24.61980      20.29800
      24.62990      20.29700
      24.64010      20.29599
      24.65030      20.29499
      24.66040      20.29401
      24.67060      20.29302
      24.68080      20.29204
      24.69090      20.29107
      24.70110      20.29009
      24.71130      20.28912
      24.72140      20.28817
      24.73160      20.28721
      24.74180      20.28625
      24.75190      20.28531
      24.76210      20.28437
      24.77230      20.28343
      24.78240      20.28250
      24.79260      20.28157
      24.80270      20.28065
      24.81290      20.27973
      24.82310      20.27881
      24.83320      20.27790
      24.84340      20.27699
      24.85360      20.27609
      24.86370      20.27520
      24.87390      20.27430
      24.88410      20.27341
      24.89420      20.27253
      24.90440      20.27165
      24.91460      20.27077
      24.92470      20.26991
      24.93490      20.26904
      24.94500      20.26818
      24.95520      20.26732
      24.96540      20.26646
      24.97550      20.26561
      24.98570      20.26476
      24.99590      20.26392
      25.00600      20.26308
      25.01620      20.26225
      25.02640      20.26141
      25.03650      20.26059
      25.04670      20.25977
      25.05690      20.25895
      25.06700      20.25813
      25.07720      20.25732
      25.08740      20.25651
      25.09750      20.25571
      25.10770      20.25491
      25.11780      20.25412
      25.12800      20.25332
      25.13820      20.25253
      25.14830      20.25175
      25.15850      20.25097
      25.16870      20.25019
      25.17880      20.24942
      25.18900      20.24865
      25.19920      20.24788
      25.20930      20.24712
      25.21950      20.24636
      25.22970      20.24560
      25.23980      20.24485
      25.25000      20.24410
      25.26010      20.24335
      25.27030      20.24261
      25.28050      20.24187
      25.29060      20.24114
      25.30080      20.24040
      25.31100      20.23967
      25.32110      20.23895
      25.33130      20.23822
      25.34150      20.23750
      25.35160      20.23679
      25.36180      20.23607
      25.37200      20.23536
      25.38210      20.23466
      25.39230      20.23396
      25.40240      20.23326
      25.41260      20.23256
      25.42280      20.23186
      25.43290      20.23118
      25.44310      20.23049
      25.45330      20.22980
      25.46340      20.22912
      25.47360      20.22844
      25.48380      20.22776
      25.49390      20.22710
      25.50410      20.22642
      25.51430      20.22576
      25.52440      20.22510
      25.53460      20.22443
      25.54480      20.22377
      25.55490      20.22312
      25.56510      20.22247
      25.57520      20.22182
      25.58540      20.22117
      25.59560      20.22053
      25.60570      20.21989
      25.61590      20.21925
      25.62610      20.21861
      25.63620      20.21799
      25.64640      20.21735
      25.65660      20.21672
      25.66670      20.21610
      25.67690      20.21548
      25.68710      20.21486
      25.69720      20.21425
      25.70740      20.21363
      25.71750      20.21302
      25.72770      20.21241
      25.73790      20.21181
      25.74800      20.21120
      25.75820      20.21060
      25.76840      20.21000
      25.77850      20.20941
      25.78870      20.20881
      25.79890      20.20822
      25.80900      20.20764
      25.81920      20.20705
      25.82940      20.20647
      25.83950      20.20589
      25.84970      20.20531
      25.85990      20.20473
      25.87000      20.20416
      25.88020      20.20359
      25.89030      20.20302
      25.90050      20.20246
      25.91070      20.20189
      25.92080      20.20133
      25.93100      20.20077
      25.94120      20.20021
      25.95130      20.19966
      25.96150      20.19911
      25.97170      20.19855
      25.98180      20.19801
      25.99200      20.19746
      26.00220      20.19692
      26.01230      20.19638
      26.02250      20.19584
      26.03260      20.19531
      26.04280      20.19477
      26.05300      20.19424
      26.06310      20.19371
      26.07330      20.19318
      26.08350      20.19266
      26.09360      20.19213
      26.10380      20.19161
      26.11400      20.19109
      26.12410      20.19058
      26.13430      20.19006
      26.14450      20.18955
      26.15460      20.18904
      26.16480      20.18853
      26.17500      20.18802
      26.18510      20.18752
      26.19530      20.18701
      26.20540      20.18652
      26.21560      20.18602
      26.22580      20.18552
      26.23590      20.18503
      26.24610      20.18453
      26.25630      20.18404
      26.26640      20.18355
      26.27660      20.18307
      26.28680      20.18258
      26.29690      20.18210
      26.30710      20.18162
      26.31730      20.18114
      26.32740      20.18066
      26.33760      20.18018
      26.34770      20.17971
      26.35790      20.17924
      26.36810      20.17877
      26.37820      20.17830
      26.38840      20.17784
      26.39860      20.17737
      26.40870      20.17691
      26.41890      20.17645
      26.42910      20.17599
      26.43920      20.17553
      26.44940      20.17508
      26.45960      20.17462
      26.46970      20.17417
      26.47990      20.17372
      26.49010      20.17327
      26.50020      20.17283
      26.51040      20.17238
      26.52050      20.17194
      26.53070      20.17150
      26.54090      20.17106
      26.55100      20.17062
      26.56120      20.17019
      26.57140      20.16975
      26.58150      20.16932
      26.59170      20.16888
      26.60190      20.16845
      26.61200      20.16803
      26.62220      20.16760
      26.63240      20.16718
      26.64250      20.16675
      26.65270      20.16633
      26.66280      20.16591
      26.67300      20.16549
      26.68320      20.16508
      26.69330      20.16466
      26.70350      20.16425
      26.71370      20.16383
      26.72380      20.16343
      26.73400      20.16302
      26.74420      20.16261
      26.75430      20.16220
      26.76450      20.16180
      26.77470      20.16139
      26.78480      20.16099
      26.79500      20.16059
      26.80520      20.16019
      26.81530      20.15980
      26.82550      20.15940
      26.83560      20.15901
      26.84580      20.15862
      26.85600      20.15822
      26.86610      20.15784
      26.87630      20.15745
      26.88650      20.15706
      26.89660      20.15668
      26.90680      20.15629
      26.91700      20.15591
      26.92710      20.15553
      26.93730      20.15515
      26.94750      20.15477
      26.95760      20.15439
      26.96780      20.15401
      26.97790      20.15364
      26.98810      20.15327
      26.99830      20.15290
      27.00840      20.15253
      27.01860      20.15216
      27.02880      20.15179
      27.03890      20.15142
      27.04910      20.15106
      27.05930      20.15069
      27.06940      20.15034
      27.07960      20.14997
      27.08980      20.14961
      27.09990      20.14926
      27.11010      20.14890
      27.12020      20.14854
      27.13040      20.14819
      27.14060      20.14783
      27.15070      20.14748
      27.16090      20.14713
      27.17110      20.14678
      27.18120      20.14643
      27.19140      20.14609
      27.20160      20.14574
      27.21170      20.14540
      27.22190      20.14505
      27.23210      20.14471
      27.24220      20.14437
      27.25240      20.14403
      27.26260      20.14369
      27.27270      20.14335
      27.28290      20.14302
      27.29300      20.14268
      27.30320      20.14235
      27.31340      20.14202
      27.32350      20.14169
      27.33370      20.14136
      27.34390      20.14103
      27.35400      20.14070
      27.36420      20.14037
      27.37440      20.14004
      27.38450      20.13972
      27.39470      20.13940
      27.40490      20.13907
      27.41500      20.13875
      27.42520      20.13843
      27.43530      20.13812
      27.44550      20.13780
      27.45570      20.13748
      27.46580      20.13717
      27.47600      20.13685
      27.48620      20.13654
      27.49630      20.13622
      27.50650      20.13591
      27.51670      20.13560
      27.52680      20.00000
      27.53700      20.00000
      27.54720      20.00000
      27.55730      20.00000
      27.56750      20.00000
      27.57770      20.00000
      27.58780      20.00000
      27.59800      20.00000
      27.60810      20.00000
      27.61830      20.00000
      27.62850      20.00000
      27.63860      20.00000
      27.64880      20.00000
      27.65900      20.00000
      27.66910      20.00000
      27.67930      20.00000
      27.68950      20.00000
      27.69960      20.00000
      27.70980      20.00000
      27.72000      20.00000
      27.73010      20.00000
      27.74030      20.00000
      27.75040      20.00000
      27.76060      20.00000
      27.77080      20.00000
      27.78090      20.00000
      27.79110      20.00000
      27.80130      20.00000
      27.81140      20.00000
      27.82160      20.00000
      27.83180      20.00000
      27.84190      20.00000
      27.85210      20.00000
      27.86230      20.00000
      27.87240      20.00000
      27.88260      20.00000
      27.89280      20.00000
      27.90290      20.00000
      27.91310      20.00000
      27.92320      20.00000
      27.93340      20.00000
      27.94360      20.00000
      27.95370      20.00000
      27.96390      20.00000
      27.97410      20.00000
      27.98420      20.00000
      27.99440      20.00000
      28.00460      20.00000
      28.01470      20.00000
      28.02490      20.00000
      28.03510      20.00000
      28.04520      20.00000
      28.05540      20.00000
      28.06550      20.00000
      28.07570      20.00000
      28.08590      20.00000
      28.09600      20.00000
      28.10620      20.00000
      28.11640      20.00000
      28.12650      20.00000
      28.13670      20.00000
      28.14690      20.00000
      28.15700      20.00000
      28.16720      20.00000
      28.17740      20.00000
      28.18750      20.00000
      28.19770      20.00000
      28.20790      20.00000
      28.21800      20.00000
      28.22820      20.00000
      28.23830      20.00000
      28.24850      20.00000
      28.25870      20.00000
      28.26880      20.00000
      28.27900      20.00000
      28.28920      20.00000
      28.29930      20.00000
      28.30950      20.00000
      28.31970      20.00000
      28.32980      20.00000
      28.34000      20.00000
      28.35020      20.00000
      28.36030      20.00000
      28.37050      20.00000
      28.38060      20.00000
      28.39080      20.00000
      28.40100      20.00000
      28.41110      20.00000
      28.42130      20.00000
      28.43150      20.00000
      28.44160      20.00000
      28.45180      20.00000
      28.46200      20.00000
      28.47210      20.00000
      28.48230      20.00000
      28.49250      20.00000
      28.50260      20.00000
      28.51280      20.00000
      28.52300      20.00000
      28.53310      20.00000
      28.54330      20.00000
      28.55340      20.00000
      28.56360      20.00000
      28.57380      20.00000
      28.58390      20.00000
      28.59410      20.00000
      28.60430      20.00000
      28.61440      20.00000
      28.62460      20.00000
      28.63480      20.00000
      28.64490      20.00000
      28.65510      20.00000
      28.66530      20.00000
      28.67540      20.00000
      28.68560      20.00000
      28.69570      20.00000
      28.70590      20.00000
      28.71610      20.00000
      28.72620      20.00000
      28.73640      20.00000
      28.74660      20.00000
      28.75670      20.00000
      28.76690      20.00000
      28.77710      20.00000
      28.78720      20.00000
      28.79740      20.00000
      28.80760      20.00000
      28.81770      20.00000
      28.82790      20.00000
      28.83810      20.00000
      28.84820      20.00000
      28.85840      20.00000
      28.86850      20.00000
      28.87870      20.00000
      28.88890      20.00000
      28.89900      20.00000
      28.90920      20.00000
      28.91940      20.00000
      28.92950      20.00000
      28.93970      20.00000
      28.94990      20.00000
      28.96000      20.00000
      28.97020      20.00000
      28.98040      20.00000
      28.99050      20.00000
      29.00070      20.00000
      29.01080      20.00000
      29.02100      20.00000
      29.03120      20.00000
      29.04130      20.00000
      29.05150      20.00000
      29.06170      20.00000
      29.07180      20.00000
      29.08200      20.00000
      29.09220      20.00000
      29.10230      20.00000
      29.11250      20.00000
      29.12270      20.00000
      29.13280      20.00000
      29.14300      20.00000
      29.15310      20.00000
      29.16330      20.00000
      29.17350      20.00000
      29.18360      20.00000
      29.19380      20.00000
      29.20400      20.00000
      29.21410      20.00000
      29.22430      20.00000
      29.23450      20.00000
      29.24460      20.00000
      29.25480      20.00000
      29.26500      20.00000
      29.27510      20.00000
      29.28530      20.00000
      29.29550      20.00000
      29.30560      20.00000
      29.31580      20.00000
      29.32590      20.00000
      29.33610      20.00000
      29.34630      20.00000
      29.35640      20.00000
      29.36660      20.00000
      29.37680      20.00000
      29.38690      20.00000
      29.39710      20.00000
      29.40730      20.00000
      29.41740      20.00000
      29.42760      20.00000
      29.43780      20.00000
      29.44790      20.00000
      29.45810      20.00000
      29.46820      20.00000
      29.47840      20.00000
      29.48860      20.00000
      29.49870      20.00000
      29.50890      20.00000
      29.51910      20.00000
      29.52920      20.00000
      29.53940      20.00000
      29.54960      20.00000
      29.55970      20.00000
      29.56990      20.00000
      29.58010      20.00000
      29.59020      20.00000
      29.60040      20.00000
      29.61060      20.00000
      29.62070      20.00000
      29.63090      20.00000
      29.64100      20.00000
      29.65120      20.00000
      29.66140      20.00000
      29.67150      20.00000
      29.68170      20.00000
      29.69190      20.00000
      29.70200      20.00000
      29.71220      20.00000
      29.72240      20.00000
      29.73250      20.00000
      29.74270      20.00000
      29.75290      20.00000
      29.76300      20.00000
      29.77320      20.00000
      29.78330      20.00000
      29.79350      20.00000
      29.80370      20.00000
      29.81380      20.00000
      29.82400      20.00000
      29.83420      20.00000
      29.84430      20.00000
      29.85450      20.00000
      29.86470      20.00000
      29.87480      20.00000
      29.88500      20.00000
      29.89520      20.00000
      29.90530      20.00000
      29.91550      20.00000
      29.92570      20.00000
      29.93580      20.00000
      29.94600      20.00000
      29.95610      20.00000
      29.96630      20.00000
      29.97650      20.00000
      29.98660      20.00000
      29.99680      20.00000
      30.00700      20.00000
      30.01710      20.00000
      30.02730      20.00000
      30.03750      20.00000
      30.04760      20.00000
      30.05780      20.00000
      30.06800      20.00000
      30.07810      20.00000
      30.08830      20.00000
      30.09840      20.00000
      30.10860      20.00000
      30.11880      20.00000
      30.12890      20.00000
      30.13910      20.00000
      30.14930      20.00000
      30.15940      20.00000
      30.16960      20.00000
      30.17980      20.00000
      30.18990      20.00000
      30.20010      20.00000
      30.21030      20.00000
      30.22040      20.00000
      30.23060      20.00000
      30.24080      20.00000
      30.25090      20.00000
      30.26110      20.00000
      30.27120      20.00000
      30.28140      20.00000
      30.29160      20.00000
      30.30170      20.00000
      30.31190      20.00000
      30.32210      20.00000
      30.33220      20.00000
      30.34240      20.00000
      30.35260      20.00000
      30.36270      20.00000
      30.37290      20.00000
      30.38310      20.00000
      30.39320      20.00000
      30.40340      20.00000
      30.41350      20.00000
      30.42370      20.00000
      30.43390      20.00000
      30.44400      20.00000
      30.45420      20.00000
      30.46440      20.00000
      30.47450      20.00000
      30.48470      20.00000
      30.49490      20.00000
      30.50500      20.00000
      30.51520      20.00000
      30.52540      20.00000
      30.53550      20.00000
      30.54570      20.00000
      30.55590      20.00000
      30.56600      20.00000
      30.57620      20.00000
      30.58630      20.00000
      30.59650      20.00000
      30.60670      20.00000
      30.61680      20.00000
      30.62700      20.00000
      30.63720      20.00000
      30.64730      20.00000
      30.65750      20.00000
      30.66770      20.00000
      30.67780      20.00000
      30.68800      20.00000
      30.69820      20.00000
      30.70830      20.00000
      30.71850      20.00000
      30.72860      20.00000
      30.73880      20.00000
      30.74900      20.00000
      30.75910      20.00000
      30.76930      20.00000
      30.77950      20.00000
      30.78960      20.00000
      30.79980      20.00000
      30.81000      20.00000
      30.82010      20.00000
      30.83030      20.00000
      30.84050      20.00000
      30.85060      20.00000
      30.86080      20.00000
      30.87100      20.00000
      30.88110      20.00000
      30.89130      20.00000
      30.90140      20.00000
      30.91160      20.00000
      30.92180      20.00000
      30.93190      20.00000
      30.94210      20.00000
      30.95230      20.00000
      30.96240      20.00000
      30.97260      20.00000
      30.98280      20.00000
      30.99290      20.00000
      31.00310      20.00000
      31.01330      20.00000
      31.02340      20.00000
      31.03360      20.00000
      31.04370      20.00000
      31.05390      20.00000
      31.06410      20.00000
      31.07420      20.00000
      31.08440      20.00000
      31.09460      20.00000
      31.10470      20.00000
      31.11490      20.00000
      31.12510      20.00000
      31.13520      20.00000
      31.14540      20.00000
      31.15560      20.00000
      31.16570      20.00000
      31.17590      20.00000
      31.18600      20.00000
      31.19620      20.00000
      31.20640      20.00000
      31.21650      20.00000
      31.22670      20.00000
      31.23690      20.00000
      31.24700      20.00000
      31.25720      20.00000
      31.26740      20.00000
      31.27750      20.00000
      31.28770      20.00000
      31.29790      20.00000
      31.30800      20.00000
      31.31820      20.00000
      31.32840      20.00000
      31.33850      20.00000
      31.34870      20.00000
      31.35880      20.00000
      31.36900      20.00000
      31.37920      20.00000
      31.38930      20.00000
      31.39950      20.00000
      31.40970      20.00000
      31.41980      20.00000
      31.43000      20.00000
      31.44020      20.00000
      31.45030      20.00000
      31.46050      20.00000
      31.47070      20.00000
      31.48080      20.00000
      31.49100      20.00000
      31.50110      20.00000
      31.51130      20.00000
      31.52150      20.00000
      31.53160      20.00000
      31.54180      20.00000
      31.55200      20.00000
      31.56210      20.00000
      31.57230      20.00000
      31.58250      20.00000
      31.59260      20.00000
      31.60280      20.00000
      31.61300      20.00000
      31.62310      20.00000
      31.63330      20.00000
      31.64350      20.00000
      31.65360      20.00000
      31.66380      20.00000
      31.67390      20.00000
      31.68410      20.00000
      31.69430      20.00000
      31.70440      20.00000
      31.71460      20.00000
      31.72480      20.00000
      31.73490      20.00000
      31.74510      20.00000
      31.75530      20.00000
      31.76540      20.00000
      31.77560      20.00000
      31.78580      20.00000
      31.79590      20.00000
      31.80610      20.00000
      31.81620      20.00000
      31.82640      20.00000
      31.83660      20.00000
      31.84670      20.00000
      31.85690      20.00000
      31.86710      20.00000
      31.87720      20.00000
      31.88740      20.00000
      31.89760      20.00000
      31.90770      20.00000
      31.91790      20.00000
      31.92810      20.00000
      31.93820      20.00000
      31.94840      20.00000
      31.95860      20.00000
      31.96870      20.00000
      31.97890      20.00000
      31.98900      20.00000
      31.99920      20.00000
      32.00940      20.00000
      32.01950      20.00000
      32.02970      20.00000
      32.03990      20.00000
      32.05000      20.00000
      32.06020      20.00000
      32.07040      20.00000
      32.08050      20.00000
      32.09070      20.00000
      32.10090      20.00000
      32.11100      20.00000
      32.12120      20.00000
      32.13130      20.00000
      32.14150      20.00000
      32.15170      20.00000
      32.16180      20.00000
      32.17200      20.00000
      32.18220      20.00000
      32.19230      20.00000
      32.20250      20.00000
      32.21270      20.00000
      32.22280      20.00000
      32.23300      20.00000
      32.24320      20.00000
      32.25330      20.00000
      32.26350      20.00000
      32.27370      20.00000
      32.28380      20.00000
      32.29400      20.00000
      32.30410      20.00000
      32.31430      20.00000
      32.32450      20.00000
      32.33460      20.00000
      32.34480      20.00000
      32.35500      20.00000
      32.36510      20.00000
      32.37530      20.00000
      32.38550      20.00000
      32.39560      20.00000
      32.40580      20.00000
      32.41600      20.00000
      32.42610      20.00000
      32.43630      20.00000
      32.44640      20.00000
      32.45660      20.00000
      32.46680      20.00000
      32.47690      20.00000
      32.48710      20.00000
      32.49730      20.00000
      32.50740      20.00000
      32.51760      20.00000
      32.52780      20.00000
      32.53790      20.00000
      32.54810      20.00000
      32.55830      20.00000
      32.56840      20.00000
      32.57860      20.00000
      32.58880      20.00000
      32.59890      20.00000
      32.60910      20.00000
      32.61920      20.00000
      32.62940      20.00000
      32.63960      20.00000
      32.64970      20.00000
      32.65990      20.00000
      32.67010      20.00000
      32.68020      20.00000
      32.69040      20.00000
      32.70060      20.00000
      32.71070      20.00000
      32.72090      20.00000
      32.73110      20.00000
      32.74120      20.00000
      32.75140      20.00000
      32.76150      20.00000
      32.77170      20.00000
      32.78190      20.00000
      32.79200      20.00000
      32.80220      20.00000
      32.81240      20.00000
      32.82250      20.00000
      32.83270      20.00000
      32.84290      20.00000
      32.85300      20.00000
      32.86320      20.00000
      32.87340      20.00000
      32.88350      20.00000
      32.89370      20.00000
      32.90390      20.00000
      32.91400      20.00000
      32.92420      20.00000
      32.93430      20.00000
      32.94450      20.00000
      32.95470      20.00000
      32.96480      20.00000
      32.97500      20.00000
      32.98520      20.00000
      32.99530      20.00000
      33.00550      20.00000
      33.01570      20.00000
      33.02580      20.00000
      33.03600      20.00000
      33.04620      20.00000
      33.05630      20.00000
      33.06650      20.00000
      33.07660      20.00000
      33.08680      20.00000
      33.09700      20.00000
      33.10710      20.00000
      33.11730      20.00000
      33.12750      20.00000
      33.13760      20.00000
      33.14780      20.00000
      33.15800      20.00000
      33.16810      20.00000
      33.17830      20.00000
      33.18850      20.00000
      33.19860      20.00000
      33.20880      20.00000
      33.21890      20.00000
      33.22910      20.00000
      33.23930      20.00000
      33.24940      20.00000
      33.25960      20.00000
      33.26980      20.00000
      33.27990      20.00000
      33.29010      20.00000
      33.30030      20.00000
      33.31040      20.00000
      33.32060      20.00000
      33.33080      20.00000
      33.34090      20.00000
      33.35110      20.00000
      33.36130      20.00000
      33.37140      20.00000
      33.38160      20.00000
      33.39170      20.00000
      33.40190      20.00000
      33.41210      20.00000
      33.42220      20.00000
      33.43240      20.00000
      33.44260      20.00000
      33.45270      20.00000
      33.46290      20.00000
      33.47310      20.00000
      33.48320      20.00000
      33.49340      20.00000
      33.50360      20.00000
      33.51370      20.00000
      33.52390      20.00000
      33.53400      20.00000
      33.54420      20.00000
      33.55440      20.00000
      33.56450      20.00000
      33.57470      20.00000
      33.58490      20.00000
      33.59500      20.00000
      33.60520      20.00000
      33.61540      20.00000
      33.62550      20.00000
      33.63570      20.00000
      33.64590      20.00000
      33.65600      20.00000
      33.66620      20.00000
      33.67640      20.00000
      33.68650      20.00000
      33.69670      20.00000
      33.70680      20.00000
      33.71700      20.00000
      33.72720      20.00000
      33.73730      20.00000
      33.74750      20.00000
      33.75770      20.00000
      33.76780      20.00000
      33.77800      20.00000
      33.78820      20.00000
      33.79830      20.00000
      33.80850      20.00000
      33.81870      20.00000
      33.82880      20.00000
      33.83900      20.00000
      33.84910      20.00000
      33.85930      20.00000
      33.86950      20.00000
      33.87960      20.00000
      33.88980      20.00000
      33.90000      20.00000
      33.91010      20.00000
      33.92030      20.00000
      33.93050      20.00000
      33.94060      20.00000
      33.95080      20.00000
      33.96100      20.00000
      33.97110      20.00000
      33.98130      20.00000
      33.99150      20.00000
      34.00160      20.00000
      34.01180      20.00000
      34.02190      20.00000
      34.03210      20.00000
      34.04230      20.00000
      34.05240      20.00000
      34.06260      20.00000
      34.07280      20.00000
      34.08290      20.00000
      34.09310      20.00000
      34.10330      20.00000
      34.11340      20.00000
      34.12360      20.00000
      34.13380      20.00000
      34.14390      20.00000
      34.15410      20.00000
      34.16420      20.00000
      34.17440      20.00000
      34.18460      20.00000
      34.19470      20.00000
      34.20490      20.00000
      34.21510      20.00000
      34.22520      20.00000
      34.23540      20.00000
      34.24560      20.00000
      34.25570      20.00000
      34.26590      20.00000
      34.27610      20.00000
      34.28620      20.00000
      34.29640      20.00000
      34.30660      20.00000
      34.31670      20.00000
      34.32690      20.00000
      34.33700      20.00000
      34.34720      20.00000
      34.35740      20.00000
      34.36750      20.00000
      34.37770      20.00000
      34.38790      20.00000
      34.39800      20.00000
      34.40820      20.00000
      34.41840      20.00000
      34.42850      20.00000
      34.43870      20.00000
      34.44890      20.00000
      34.45900      20.00000
      34.46920      20.00000
      34.47930      20.00000
      34.48950      20.00000
      34.49970      20.00000
      34.50980      20.00000
      34.52000      20.00000
      34.53020      20.00000
      34.54030      20.00000
      34.55050      20.00000
      34.56070      20.00000
      34.57080      20.00000
      34.58100      20.00000
      34.59120      20.00000
      34.60130      20.00000
      34.61150      20.00000
      34.62170      20.00000
      34.63180      20.00000
      34.64200      20.00000
      34.65210      20.00000
      34.66230      20.00000
      34.67250      20.00000
      34.68260      20.00000
      34.69280      20.00000
      34.70300      20.00000
      34.71310      20.00000
      34.72330      20.00000
      34.73350      20.00000
      34.74360      20.00000
      34.75380      20.00000
      34.76400      20.00000
      34.77410      20.00000
      34.78430      20.00000
      34.79440      20.00000
      34.80460      20.00000
      34.81480      20.00000
      34.82490      20.00000
      34.83510      20.00000
      34.84530      20.00000
      34.85540      20.00000
      34.86560      20.00000
      34.87580      20.00000
      34.88590      20.00000
      34.89610      20.00000
      34.90630      20.00000
      34.91640      20.00000
      34.92660      20.00000
      34.93670      20.00000
      34.94690      20.00000
      34.95710      20.00000
      34.96720      20.00000
      34.97740      20.00000
      34.98760      20.00000
      34.99770      20.00000
      35.00790      20.00000
      35.01810      20.00000
      35.02820      20.00000
      35.03840      20.00000
      35.04860      20.00000
      35.05870      20.00000
      35.06890      20.00000
      35.07910      20.00000
      35.08920      20.00000
      35.09940      20.00000
      35.10950      20.00000
      35.11970      20.00000
      35.12990      20.00000
      35.14000      20.00000
      35.15020      20.00000
      35.16040      20.00000
      35.17050      20.00000
      35.18070      20.00000
      35.19090      20.00000
      35.20100      20.00000
      35.21120      20.00000
      35.22140      20.00000
      35.23150      20.00000
      35.24170      20.00000
      35.25180      20.00000
      35.26200      20.00000
      35.27220      20.00000
      35.28230      20.00000
      35.29250      20.00000
      35.30270      20.00000
      35.31280      20.00000
      35.32300      20.00000
      35.33320      20.00000
      35.34330      20.00000
      35.35350      20.00000
      35.36370      20.00000
      35.37380      20.00000
      35.38400      20.00000
      35.39420      20.00000
      35.40430      20.00000
      35.41450      20.00000
      35.42460      20.00000
      35.43480      20.00000
      35.44500      20.00000
      35.45510      20.00000
      35.46530      20.00000
      35.47550      20.00000
      35.48560      20.00000
      35.49580      20.00000
      35.50600      20.00000
      35.51610      20.00000
      35.52630      20.00000
      35.53650      20.00000
      35.54660      20.00000
      35.55680      20.00000
      35.56690      20.00000
      35.57710      20.00000
      35.58730      20.00000
      35.59740      20.00000
      35.60760      20.00000
      35.61780      20.00000
      35.62790      20.00000
      35.63810      20.00000
      35.64830      20.00000
      35.65840      20.00000
      35.66860      20.00000
      35.67880      20.00000
      35.68890      20.00000
      35.69910      20.00000
      35.70930      20.00000
      35.71940      20.00000
      35.72960      20.00000
      35.73970      20.00000
      35.74990      20.00000
      35.76010      20.00000
      35.77020      20.00000
      35.78040      20.00000
      35.79060      20.00000
      35.80070      20.00000
      35.81090      20.00000
      35.82110      20.00000
      35.83120      20.00000
      35.84140      20.00000
      35.85160      20.00000
      35.86170      20.00000
      35.87190      20.00000
      35.88200      20.00000
      35.89220      20.00000
      35.90240      20.00000
      35.91250      20.00000
      35.92270      20.00000
      35.93290      20.00000
      35.94300      20.00000
      35.95320      20.00000
      35.96340      20.00000
      35.97350      20.00000
      35.98370      20.00000
      35.99390      20.00000
