! TITLE: Yobs                                                                                                                                                                                                                                                            
! Peak:  1
       6.00860      24.00000
       6.01870      24.00000
       6.02890      24.00000
       6.03910      24.00000
       6.04920      24.00000
       6.05940      24.00000
       6.06960      24.00000
       6.07970      24.00000
       6.08990      24.00000
       6.10010      24.00000
       6.11020      24.00000
       6.12040      24.00000
       6.13060      24.00000
       6.14070      24.00000
       6.15090      24.00000
       6.16110      24.00000
       6.17120      24.00000
       6.18140      24.00000
       6.19150      24.00000
       6.20170      24.00000
       6.21190      24.00000
       6.22200      24.00000
       6.23220      24.00000
       6.24240      24.00000
       6.25250      24.00000
       6.26270      24.00000
       6.27290      24.00000
       6.28300      24.00000
       6.29320      24.00000
       6.30340      24.00000
       6.31350      24.00000
       6.32370      24.00000
       6.33380      24.00000
       6.34400      24.00000
       6.35420      24.00000
       6.36430      24.00000
       6.37450      24.00000
       6.38470      24.00000
       6.39480      24.00000
       6.40500      24.00000
       6.41520      24.00000
       6.42530      24.00000
       6.43550      24.00000
       6.44570      24.00000
       6.45580      24.00000
       6.46600      24.00000
       6.47620      24.00000
       6.48630      24.00000
       6.49650      24.00000
       6.50660      24.00000
       6.51680      24.00000
       6.52700      24.00000
       6.53710      24.00000
       6.54730      24.00000
       6.55750      24.00000
       6.56760      24.00000
       6.57780      24.00000
       6.58800      24.00000
       6.59810      24.00000
       6.60830      24.00000
       6.61850      24.00000
       6.62860      24.00000
       6.63880      24.00000
       6.64890      24.00000
       6.65910      24.00000
       6.66930      24.00000
       6.67940      24.00000
       6.68960      24.00000
       6.69980      24.00000
       6.70990      24.00000
       6.72010      24.00000
       6.73030      24.00000
       6.74040      24.00000
       6.75060      24.00000
       6.76080      24.00000
       6.77090      24.00000
       6.78110      24.00000
       6.79130      24.00000
       6.80140      24.00000
       6.81160      24.00000
       6.82170      24.00000
       6.83190      24.00000
       6.84210      24.00000
       6.85220      24.00000
       6.86240      24.00000
       6.87260      24.00000
       6.88270      24.00000
       6.89290      24.00000
       6.90310      24.00000
       6.91320      24.00000
       6.92340      24.00000
       6.93360      24.00000
       6.94370      24.00000
       6.95390      24.00000
       6.96400      24.00000
       6.97420      24.00000
       6.98440      24.00000
       6.99450      24.00000
       7.00470      24.00000
       7.01490      24.00000
       7.02500      24.00000
       7.03520      24.00000
       7.04540      24.00000
       7.05550      24.00000
       7.06570      24.00000
       7.07590      24.00000
       7.08600      24.00000
       7.09620      24.00000
       7.10640      24.00000
       7.11650      24.00000
       7.12670      24.00000
       7.13680      24.00000
       7.14700      24.00000
       7.15720      24.00000
       7.16730      24.00000
       7.17750      24.00000
       7.18770      24.00000
       7.19780      24.00000
       7.20800      24.00000
       7.21820      24.00000
       7.22830      24.00000
       7.23850      24.00000
       7.24870      24.00000
       7.25880      24.00000
       7.26900      24.00000
       7.27910      24.00000
       7.28930      24.00000
       7.29950      24.00000
       7.30960      24.00000
       7.31980      24.00000
       7.33000      24.00000
       7.34010      24.00000
       7.35030      24.00000
       7.36050      24.00000
       7.37060      24.00000
       7.38080      24.00000
       7.39100      24.01075
       7.40110      24.01077
       7.41130      24.01079
       7.42150      24.01081
       7.43160      24.01083
       7.44180      24.01085
       7.45190      24.01087
       7.46210      24.01089
       7.47230      24.01091
       7.48240      24.01093
       7.49260      24.01095
       7.50280      24.01097
       7.51290      24.01099
       7.52310      24.01101
       7.53330      24.01103
       7.54340      24.01105
       7.55360      24.01107
       7.56380      24.01109
       7.57390      24.01111
       7.58410      24.01113
       7.59420      24.01115
       7.60440      24.01117
       7.61460      24.01119
       7.62470      24.01121
       7.63490      24.01123
       7.64510      24.01125
       7.65520      24.01127
       7.66540      24.01130
       7.67560      24.01132
       7.68570      24.01134
       7.69590      24.01136
       7.70610      24.01138
       7.71620      24.01140
       7.72640      24.01142
       7.73650      24.01144
       7.74670      24.01146
       7.75690      24.01149
       7.76700      24.01151
       7.77720      24.01153
       7.78740      24.01155
       7.79750      24.01157
       7.80770      24.01159
       7.81790      24.01161
       7.82800      24.01164
       7.83820      24.01166
       7.84840      24.01168
       7.85850      24.01170
       7.86870      24.01172
       7.87890      24.01175
       7.88900      24.01177
       7.89920      24.01179
       7.90930      24.01181
       7.91950      24.01184
       7.92970      24.01186
       7.93980      24.01188
       7.95000      24.01190
       7.96020      24.01192
       7.97030      24.01195
       7.98050      24.01197
       7.99070      24.01199
       8.00080      24.01202
       8.01100      24.01204
       8.02120      24.01206
       8.03130      24.01208
       8.04150      24.01211
       8.05160      24.01213
       8.06180      24.01215
       8.07200      24.01218
       8.08210      24.01220
       8.09230      24.01222
       8.10250      24.01225
       8.11260      24.01227
       8.12280      24.01229
       8.13300      24.01232
       8.14310      24.01234
       8.15330      24.01237
       8.16350      24.01239
       8.17360      24.01241
       8.18380      24.01244
       8.19400      24.01246
       8.20410      24.01249
       8.21430      24.01251
       8.22440      24.01254
       8.23460      24.01256
       8.24480      24.01258
       8.25490      24.01261
       8.26510      24.01263
       8.27530      24.01266
       8.28540      24.01268
       8.29560      24.01271
       8.30580      24.01273
       8.31590      24.01276
       8.32610      24.01278
       8.33630      24.01281
       8.34640      24.01283
       8.35660      24.01286
       8.36670      24.01288
       8.37690      24.01291
       8.38710      24.01293
       8.39720      24.01296
       8.40740      24.01299
       8.41760      24.01301
       8.42770      24.01304
       8.43790      24.01306
       8.44810      24.01309
       8.45820      24.01311
       8.46840      24.01314
       8.47860      24.01317
       8.48870      24.01319
       8.49890      24.01322
       8.50910      24.01325
       8.51920      24.01327
       8.52940      24.01330
       8.53950      24.01332
       8.54970      24.01335
       8.55990      24.01338
       8.57000      24.01340
       8.58020      24.01343
       8.59040      24.01346
       8.60050      24.01349
       8.61070      24.01351
       8.62090      24.01354
       8.63100      24.01357
       8.64120      24.01360
       8.65140      24.01362
       8.66150      24.01365
       8.67170      24.01368
       8.68180      24.01371
       8.69200      24.01373
       8.70220      24.01376
       8.71230      24.01379
       8.72250      24.01382
       8.73270      24.01385
       8.74280      24.01388
       8.75300      24.01390
       8.76320      24.01393
       8.77330      24.01396
       8.78350      24.01399
       8.79370      24.01402
       8.80380      24.01405
       8.81400      24.01408
       8.82420      24.01410
       8.83430      24.01413
       8.84450      24.01416
       8.85460      24.01419
       8.86480      24.01422
       8.87500      24.01425
       8.88510      24.01428
       8.89530      24.01431
       8.90550      24.01434
       8.91560      24.01437
       8.92580      24.01440
       8.93600      24.01443
       8.94610      24.01446
       8.95630      24.01449
       8.96650      24.01452
       8.97660      24.01455
       8.98680      24.01458
       8.99690      24.01461
       9.00710      24.01464
       9.01730      24.01468
       9.02740      24.01471
       9.03760      24.01474
       9.04780      24.01477
       9.05790      24.01480
       9.06810      24.01483
       9.07830      24.01486
       9.08840      24.01489
       9.09860      24.01493
       9.10880      24.01496
       9.11890      24.01499
       9.12910      24.01502
       9.13930      24.01505
       9.14940      24.01508
       9.15960      24.01512
       9.16970      24.01515
       9.17990      24.01518
       9.19010      24.01521
       9.20020      24.01525
       9.21040      24.01528
       9.22060      24.01531
       9.23070      24.01534
       9.24090      24.01538
       9.25110      24.01541
       9.26120      24.01544
       9.27140      24.01548
       9.28160      24.01551
       9.29170      24.01554
       9.30190      24.01558
       9.31200      24.01561
       9.32220      24.01565
       9.33240      24.01568
       9.34250      24.01571
       9.35270      24.01575
       9.36290      24.01578
       9.37300      24.01582
       9.38320      24.01585
       9.39340      24.01589
       9.40350      24.01592
       9.41370      24.01595
       9.42390      24.01599
       9.43400      24.01603
       9.44420      24.01606
       9.45440      24.01610
       9.46450      24.01613
       9.47470      24.01617
       9.48480      24.01620
       9.49500      24.01624
       9.50520      24.01628
       9.51530      24.01631
       9.52550      24.01635
       9.53570      24.01638
       9.54580      24.01642
       9.55600      24.01646
       9.56620      24.01649
       9.57630      24.01653
       9.58650      24.01657
       9.59670      24.01660
       9.60680      24.01664
       9.61700      24.01668
       9.62710      24.01672
       9.63730      24.01675
       9.64750      24.01679
       9.65760      24.01683
       9.66780      24.01687
       9.67800      24.01690
       9.68810      24.01694
       9.69830      24.01698
       9.70850      24.01702
       9.71860      24.01706
       9.72880      24.01710
       9.73900      24.01714
       9.74910      24.01717
       9.75930      24.01721
       9.76940      24.01725
       9.77960      24.01729
       9.78980      24.01733
       9.79990      24.01737
       9.81010      24.01741
       9.82030      24.01745
       9.83040      24.01749
       9.84060      24.01753
       9.85080      24.01757
       9.86090      24.01761
       9.87110      24.01765
       9.88130      24.01769
       9.89140      24.01773
       9.90160      24.01778
       9.91180      24.01782
       9.92190      24.01786
       9.93210      24.01790
       9.94220      24.01794
       9.95240      24.01798
       9.96260      24.01802
       9.97270      24.01807
       9.98290      24.01811
       9.99310      24.01815
      10.00320      24.01819
      10.01340      24.01824
      10.02360      24.01828
      10.03370      24.01832
      10.04390      24.01837
      10.05410      24.01841
      10.06420      24.01845
      10.07440      24.01850
      10.08450      24.01854
      10.09470      24.01858
      10.10490      24.01863
      10.11500      24.01867
      10.12520      24.01871
      10.13540      24.01876
      10.14550      24.01880
      10.15570      24.01885
      10.16590      24.01889
      10.17600      24.01894
      10.18620      24.01899
      10.19640      24.01903
      10.20650      24.01908
      10.21670      24.01912
      10.22690      24.01917
      10.23700      24.01921
      10.24720      24.01926
      10.25730      24.01931
      10.26750      24.01935
      10.27770      24.01940
      10.28780      24.01945
      10.29800      24.01950
      10.30820      24.01954
      10.31830      24.01959
      10.32850      24.01964
      10.33870      24.01968
      10.34880      24.01973
      10.35900      24.01978
      10.36920      24.01983
      10.37930      24.01988
      10.38950      24.01993
      10.39960      24.01998
      10.40980      24.02002
      10.42000      24.02007
      10.43010      24.02012
      10.44030      24.02017
      10.45050      24.02022
      10.46060      24.02027
      10.47080      24.02032
      10.48100      24.02037
      10.49110      24.02042
      10.50130      24.02047
      10.51150      24.02052
      10.52160      24.02058
      10.53180      24.02063
      10.54200      24.02068
      10.55210      24.02073
      10.56230      24.02078
      10.57240      24.02083
      10.58260      24.02089
      10.59280      24.02094
      10.60290      24.02099
      10.61310      24.02104
      10.62330      24.02110
      10.63340      24.02115
      10.64360      24.02120
      10.65380      24.02126
      10.66390      24.02131
      10.67410      24.02137
      10.68430      24.02142
      10.69440      24.02147
      10.70460      24.02153
      10.71470      24.02158
      10.72490      24.02164
      10.73510      24.02169
      10.74520      24.02175
      10.75540      24.02180
      10.76560      24.02186
      10.77570      24.02192
      10.78590      24.02197
      10.79610      24.02203
      10.80620      24.02209
      10.81640      24.02214
      10.82660      24.02220
      10.83670      24.02226
      10.84690      24.02232
      10.85710      24.02238
      10.86720      24.02243
      10.87740      24.02249
      10.88750      24.02255
      10.89770      24.02261
      10.90790      24.02267
      10.91800      24.02273
      10.92820      24.02279
      10.93840      24.02285
      10.94850      24.02291
      10.95870      24.02297
      10.96890      24.02303
      10.97900      24.02309
      10.98920      24.02315
      10.99940      24.02321
      11.00950      24.02327
      11.01970      24.02333
      11.02980      24.02340
      11.04000      24.02346
      11.05020      24.02352
      11.06030      24.02358
      11.07050      24.02365
      11.08070      24.02371
      11.09080      24.02377
      11.10100      24.02384
      11.11120      24.02390
      11.12130      24.02396
      11.13150      24.02403
      11.14170      24.02409
      11.15180      24.02416
      11.16200      24.02422
      11.17220      24.02429
      11.18230      24.02435
      11.19250      24.02442
      11.20260      24.02449
      11.21280      24.02455
      11.22300      24.02462
      11.23310      24.02469
      11.24330      24.02476
      11.25350      24.02482
      11.26360      24.02489
      11.27380      24.02496
      11.28400      24.02503
      11.29410      24.02509
      11.30430      24.02517
      11.31450      24.02523
      11.32460      24.02530
      11.33480      24.02537
      11.34490      24.02544
      11.35510      24.02551
      11.36530      24.02559
      11.37540      24.02566
      11.38560      24.02573
      11.39580      24.02580
      11.40590      24.02587
      11.41610      24.02594
      11.42630      24.02602
      11.43640      24.02609
      11.44660      24.02616
      11.45680      24.02624
      11.46690      24.02631
      11.47710      24.02638
      11.48730      24.02646
      11.49740      24.02653
      11.50760      24.02661
      11.51770      24.02668
      11.52790      24.02676
      11.53810      24.02684
      11.54820      24.02691
      11.55840      24.02699
      11.56860      24.02707
      11.57870      24.02714
      11.58890      24.02722
      11.59910      24.02730
      11.60920      24.02738
      11.61940      24.02746
      11.62960      24.02753
      11.63970      24.02761
      11.64990      24.02769
      11.66000      24.02777
      11.67020      24.02785
      11.68040      24.02794
      11.69050      24.02802
      11.70070      24.02810
      11.71090      24.02818
      11.72100      24.02826
      11.73120      24.02834
      11.74140      24.02843
      11.75150      24.02851
      11.76170      24.02859
      11.77190      24.02868
      11.78200      24.02876
      11.79220      24.02885
      11.80230      24.02893
      11.81250      24.02902
      11.82270      24.02910
      11.83280      24.02919
      11.84300      24.02928
      11.85320      24.02936
      11.86330      24.02945
      11.87350      24.02954
      11.88370      24.02963
      11.89380      24.02971
      11.90400      24.02980
      11.91420      24.02989
      11.92430      24.02998
      11.93450      24.03007
      11.94470      24.03016
      11.95480      24.03025
      11.96500      24.03035
      11.97510      24.03044
      11.98530      24.03053
      11.99550      24.03062
      12.00560      24.03072
      12.01580      24.03081
      12.02600      24.03090
      12.03610      24.03100
      12.04630      24.03109
      12.05650      24.03119
      12.06660      24.03128
      12.07680      24.03138
      12.08700      24.03148
      12.09710      24.03157
      12.10730      24.03167
      12.11740      24.03177
      12.12760      24.03187
      12.13780      24.03197
      12.14790      24.03206
      12.15810      24.03217
      12.16830      24.03226
      12.17840      24.03237
      12.18860      24.03247
      12.19880      24.03257
      12.20890      24.03267
      12.21910      24.03277
      12.22930      24.03288
      12.23940      24.03298
      12.24960      24.03308
      12.25980      24.03319
      12.26990      24.03329
      12.28010      24.03340
      12.29020      24.03350
      12.30040      24.03361
      12.31060      24.03372
      12.32070      24.03382
      12.33090      24.03393
      12.34110      24.03404
      12.35120      24.03415
      12.36140      24.03426
      12.37160      24.03437
      12.38170      24.03448
      12.39190      24.03459
      12.40210      24.03471
      12.41220      24.03482
      12.42240      24.03493
      12.43250      24.03504
      12.44270      24.03516
      12.45290      24.03527
      12.46300      24.03539
      12.47320      24.03550
      12.48340      24.03562
      12.49350      24.03573
      12.50370      24.03585
      12.51390      24.03597
      12.52400      24.03609
      12.53420      24.03621
      12.54440      24.03633
      12.55450      24.03645
      12.56470      24.03657
      12.57490      24.03669
      12.58500      24.03681
      12.59520      24.03694
      12.60530      24.03706
      12.61550      24.03718
      12.62570      24.03731
      12.63580      24.03743
      12.64600      24.03756
      12.65620      24.03768
      12.66630      24.03781
      12.67650      24.03794
      12.68670      24.03807
      12.69680      24.03819
      12.70700      24.03833
      12.71720      24.03846
      12.72730      24.03859
      12.73750      24.03872
      12.74760      24.03885
      12.75780      24.03898
      12.76800      24.03912
      12.77810      24.03925
      12.78830      24.03939
      12.79850      24.03952
      12.80860      24.03966
      12.81880      24.03979
      12.82900      24.03993
      12.83910      24.04007
      12.84930      24.04021
      12.85950      24.04035
      12.86960      24.04049
      12.87980      24.04063
      12.89000      24.04078
      12.90010      24.04092
      12.91030      24.04106
      12.92040      24.04121
      12.93060      24.04135
      12.94080      24.04150
      12.95090      24.04165
      12.96110      24.04179
      12.97130      24.04194
      12.98140      24.04209
      12.99160      24.04224
      13.00180      24.04239
      13.01190      24.04254
      13.02210      24.04269
      13.03230      24.04285
      13.04240      24.04300
      13.05260      24.04316
      13.06270      24.04331
      13.07290      24.04347
      13.08310      24.04363
      13.09320      24.04378
      13.10340      24.04394
      13.11360      24.04410
      13.12370      24.04426
      13.13390      24.04443
      13.14410      24.04459
      13.15420      24.04475
      13.16440      24.04492
      13.17460      24.04508
      13.18470      24.04525
      13.19490      24.04541
      13.20510      24.04558
      13.21520      24.04575
      13.22540      24.04592
      13.23550      24.04609
      13.24570      24.04626
      13.25590      24.04644
      13.26600      24.04661
      13.27620      24.04679
      13.28640      24.04696
      13.29650      24.04714
      13.30670      24.04732
      13.31690      24.04749
      13.32700      24.04767
      13.33720      24.04785
      13.34740      24.04804
      13.35750      24.04822
      13.36770      24.04840
      13.37780      24.04859
      13.38800      24.04877
      13.39820      24.04896
      13.40830      24.04915
      13.41850      24.04934
      13.42870      24.04953
      13.43880      24.04972
      13.44900      24.04991
      13.45920      24.05010
      13.46930      24.05030
      13.47950      24.05050
      13.48970      24.05069
      13.49980      24.05089
      13.51000      24.05109
      13.52010      24.05129
      13.53030      24.05149
      13.54050      24.05169
      13.55060      24.05190
      13.56080      24.05210
      13.57100      24.05231
      13.58110      24.05252
      13.59130      24.05272
      13.60150      24.05294
      13.61160      24.05315
      13.62180      24.05336
      13.63200      24.05357
      13.64210      24.05379
      13.65230      24.05400
      13.66250      24.05422
      13.67260      24.05444
      13.68280      24.05466
      13.69290      24.05488
      13.70310      24.05511
      13.71330      24.05533
      13.72340      24.05556
      13.73360      24.05578
      13.74380      24.05601
      13.75390      24.05624
      13.76410      24.05647
      13.77430      24.05671
      13.78440      24.05694
      13.79460      24.05718
      13.80480      24.05742
      13.81490      24.05765
      13.82510      24.05789
      13.83520      24.05813
      13.84540      24.05838
      13.85560      24.05862
      13.86570      24.05887
      13.87590      24.05912
      13.88610      24.05937
      13.89620      24.05962
      13.90640      24.05987
      13.91660      24.06013
      13.92670      24.06038
      13.93690      24.06064
      13.94710      24.06090
      13.95720      24.06116
      13.96740      24.06142
      13.97760      24.06168
      13.98770      24.06195
      13.99790      24.06222
      14.00800      24.06248
      14.01820      24.06276
      14.02840      24.06303
      14.03850      24.06330
      14.04870      24.06358
      14.05890      24.06386
      14.06900      24.06414
      14.07920      24.06442
      14.08940      24.06470
      14.09950      24.06499
      14.10970      24.06528
      14.11990      24.06557
      14.13000      24.06586
      14.14020      24.06615
      14.15030      24.06644
      14.16050      24.06674
      14.17070      24.06704
      14.18080      24.06734
      14.19100      24.06764
      14.20120      24.06795
      14.21130      24.06826
      14.22150      24.06857
      14.23170      24.06888
      14.24180      24.06919
      14.25200      24.06951
      14.26220      24.06983
      14.27230      24.07014
      14.28250      24.07047
      14.29270      24.07079
      14.30280      24.07112
      14.31300      24.07145
      14.32310      24.07178
      14.33330      24.07211
      14.34350      24.07245
      14.35360      24.07278
      14.36380      24.07312
      14.37400      24.07347
      14.38410      24.07381
      14.39430      24.07416
      14.40450      24.07451
      14.41460      24.07486
      14.42480      24.07522
      14.43500      24.07558
      14.44510      24.07594
      14.45530      24.07630
      14.46540      24.07666
      14.47560      24.07703
      14.48580      24.07740
      14.49590      24.07777
      14.50610      24.07815
      14.51630      24.07853
      14.52640      24.07891
      14.53660      24.07929
      14.54680      24.07968
      14.55690      24.08007
      14.56710      24.08047
      14.57730      24.08086
      14.58740      24.08126
      14.59760      24.08166
      14.60780      24.08207
      14.61790      24.08247
      14.62810      24.08288
      14.63820      24.08329
      14.64840      24.08371
      14.65860      24.08413
      14.66870      24.08455
      14.67890      24.08498
      14.68910      24.08541
      14.69920      24.08584
      14.70940      24.08628
      14.71960      24.08672
      14.72970      24.08716
      14.73990      24.08760
      14.75010      24.08806
      14.76020      24.08850
      14.77040      24.08896
      14.78050      24.08942
      14.79070      24.08988
      14.80090      24.09035
      14.81100      24.09082
      14.82120      24.09130
      14.83140      24.09178
      14.84150      24.09225
      14.85170      24.09274
      14.86190      24.09323
      14.87200      24.09372
      14.88220      24.09422
      14.89240      24.09472
      14.90250      24.09522
      14.91270      24.09574
      14.92290      24.09625
      14.93300      24.09676
      14.94320      24.09729
      14.95330      24.09781
      14.96350      24.09834
      14.97370      24.09888
      14.98380      24.09941
      14.99400      24.09995
      15.00420      24.10050
      15.01430      24.10105
      15.02450      24.10161
      15.03470      24.10217
      15.04480      24.10273
      15.05500      24.10331
      15.06520      24.10388
      15.07530      24.10446
      15.08550      24.10505
      15.09560      24.10563
      15.10580      24.10623
      15.11600      24.10683
      15.12610      24.10743
      15.13630      24.10804
      15.14650      24.10866
      15.15660      24.10927
      15.16680      24.10990
      15.17700      24.11053
      15.18710      24.11116
      15.19730      24.11181
      15.20750      24.11246
      15.21760      24.11310
      15.22780      24.11376
      15.23800      24.11443
      15.24810      24.11510
      15.25830      24.11577
      15.26840      24.11645
      15.27860      24.11714
      15.28880      24.11784
      15.29890      24.11853
      15.30910      24.11924
      15.31930      24.11995
      15.32940      24.12067
      15.33960      24.12139
      15.34980      24.12213
      15.35990      24.12286
      15.37010      24.12361
      15.38030      24.12436
      15.39040      24.12511
      15.40060      24.12588
      15.41070      24.12665
      15.42090      24.12743
      15.43110      24.12822
      15.44120      24.12901
      15.45140      24.12981
      15.46160      24.13062
      15.47170      24.13144
      15.48190      24.13226
      15.49210      24.13309
      15.50220      24.13393
      15.51240      24.13478
      15.52260      24.13564
      15.53270      24.13649
      15.54290      24.13737
      15.55300      24.13824
      15.56320      24.13913
      15.57340      24.14003
      15.58350      24.14093
      15.59370      24.14185
      15.60390      24.14277
      15.61400      24.14370
      15.62420      24.14464
      15.63440      24.14560
      15.64450      24.14655
      15.65470      24.14752
      15.66490      24.14850
      15.67500      24.14948
      15.68520      24.15049
      15.69540      24.15150
      15.70550      24.15251
      15.71570      24.15354
      15.72580      24.15457
      15.73600      24.15562
      15.74620      24.15669
      15.75630      24.15775
      15.76650      24.15883
      15.77670      24.15993
      15.78680      24.16103
      15.79700      24.16215
      15.80720      24.16327
      15.81730      24.16441
      15.82750      24.16556
      15.83770      24.16673
      15.84780      24.16789
      15.85800      24.16908
      15.86810      24.17027
      15.87830      24.17149
      15.88850      24.17272
      15.89860      24.17395
      15.90880      24.17520
      15.91900      24.17647
      15.92910      24.17774
      15.93930      24.17903
      15.94950      24.18034
      15.95960      24.18165
      15.96980      24.18299
      15.98000      24.18435
      15.99010      24.18570
      16.00030      24.18708
      16.01050      24.18848
      16.02060      24.18988
      16.03080      24.19131
      16.04090      24.19274
      16.05110      24.19421
      16.06130      24.19568
      16.07140      24.19716
      16.08160      24.19868
      16.09180      24.20020
      16.10190      24.20174
      16.11210      24.20330
      16.12230      24.20488
      16.13240      24.20647
      16.14260      24.20809
      16.15280      24.20973
      16.16290      24.21137
      16.17310      24.21305
      16.18320      24.21473
      16.19340      24.21644
      16.20360      24.21818
      16.21370      24.21992
      16.22390      24.22170
      16.23410      24.22350
      16.24420      24.22530
      16.25440      24.22714
      16.26460      24.22901
      16.27470      24.23088
      16.28490      24.23279
      16.29510      24.23473
      16.30520      24.23667
      16.31540      24.23865
      16.32560      24.24066
      16.33570      24.24267
      16.34590      24.24473
      16.35600      24.24680
      16.36620      24.24891
      16.37640      24.25105
      16.38650      24.25319
      16.39670      24.25538
      16.40690      24.25760
      16.41700      24.25983
      16.42720      24.26211
      16.43740      24.26442
      16.44750      24.26674
      16.45770      24.26910
      16.46790      24.27151
      16.47800      24.27391
      16.48820      24.27638
      16.49830      24.27885
      16.50850      24.28138
      16.51870      24.28395
      16.52880      24.28653
      16.53900      24.28916
      16.54920      24.29184
      16.55930      24.29452
      16.56950      24.29727
      16.57970      24.30005
      16.58980      24.30285
      16.60000      24.30571
      16.61020      24.30862
      16.62030      24.31154
      16.63050      24.31453
      16.64070      24.31757
      16.65080      24.32061
      16.66100      24.32374
      16.67110      24.32688
      16.68130      24.33010
      16.69150      24.33337
      16.70160      24.33666
      16.71180      24.34003
      16.72200      24.34345
      16.73210      24.34690
      16.74230      24.35044
      16.75250      24.35403
      16.76260      24.35765
      16.77280      24.36137
      16.78300      24.36515
      16.79310      24.36896
      16.80330      24.37287
      16.81340      24.37682
      16.82360      24.38088
      16.83380      24.38502
      16.84390      24.38920
      16.85410      24.39350
      16.86430      24.39790
      16.87440      24.40234
      16.88460      24.40692
      16.89480      24.41160
      16.90490      24.41634
      16.91510      24.42124
      16.92530      24.42627
      16.93540      24.43136
      16.94560      24.43664
      16.95580      24.44206
      16.96590      24.44758
      16.97610      24.45331
      16.98620      24.45915
      16.99640      24.46523
      17.00660      24.47151
      17.01670      24.47793
      17.02690      24.48463
      17.03710      24.49158
      17.04720      24.49870
      17.05740      24.50618
      17.06760      24.51395
      17.07770      24.52195
      17.08790      24.53038
      17.09810      24.53918
      17.10820      24.54828
      17.11840      24.55791
      17.12850      24.56789
      17.13870      24.57847
      17.14890      24.58959
      17.15900      24.60117
      17.16920      24.61350
      17.17940      24.62650
      17.18950      24.64011
      17.19970      24.65463
      17.20990      24.67002
      17.22000      24.68616
      17.23020      24.70346
      17.24040      24.72184
      17.25050      24.74117
      17.26070      24.76196
      17.27090      24.78409
      17.28100      24.80744
      17.29120      24.83258
      17.30130      24.85914
      17.31150      24.88778
      17.32170      24.91837
      17.33180      24.95074
      17.34200      24.98568
      17.35220      25.02305
      17.36230      25.06263
      17.37250      25.10537
      17.38270      25.15112
      17.39280      25.19958
      17.40300      25.25196
      17.41320      25.30801
      17.42330      25.36738
      17.43350      25.43154
      17.44360      25.49948
      17.45380      25.57286
      17.46400      25.65135
      17.47410      25.73442
      17.48430      25.82407
      17.49450      25.91986
      17.50460      26.02119
      17.51480      26.13039
      17.52500      26.24699
      17.53510      26.37014
      17.54530      26.50271
      17.55550      26.64405
      17.56560      26.79310
      17.57580      26.95338
      17.58590      27.12223
      17.59610      27.30359
      17.60630      27.49640
      17.61640      27.69919
      17.62660      27.91662
      17.63680      28.14738
      17.64690      28.38963
      17.65710      28.64889
      17.66730      28.92346
      17.67740      29.21125
      17.68760      29.51854
      17.69780      29.84344
      17.70790      30.18316
      17.71810      30.54529
      17.72830      30.92729
      17.73840      31.32589
      17.74860      31.74985
      17.75870      32.19159
      17.76890      32.66075
      17.77910      33.15386
      17.78920      33.66649
      17.79940      34.20972
      17.80960      34.77938
      17.81970      35.37023
      17.82990      35.99490
      17.84010      36.64829
      17.85020      37.32465
      17.86040      38.03775
      17.87060      38.78213
      17.88070      39.55053
      17.89090      40.35901
      17.90100      41.19220
      17.91120      42.06743
      17.92140      42.97710
      17.93150      43.91223
      17.94170      44.89205
      17.95190      45.90783
      17.96200      46.94936
      17.97220      48.03785
      17.98240      49.16333
      17.99250      50.31433
      18.00270      51.51404
      18.01290      52.75097
      18.02300      54.01302
      18.03320      55.32441
      18.04340      56.67329
      18.05350      58.04523
      18.06370      59.46740
      18.07380      60.91117
      18.08400      62.40495
      18.09420      63.93383
      18.10430      65.48146
      18.11450      67.07799
      18.12470      68.70718
      18.13480      70.35140
      18.14500      72.04244
      18.15520      73.76242
      18.16530      75.49352
      18.17550      77.26795
      18.18570      79.06696
      18.19580      80.87170
      18.20600      82.71516
      18.21610      84.56036
      18.22630      86.44081
      18.23650      88.33713
      18.24660      90.22776
      18.25680      92.14830
      18.26700      94.07747
      18.27710      95.99361
      18.28730      97.93252
      18.29750      99.87240
      18.30760     101.79133
      18.31780     103.72493
      18.32800     105.65076
      18.33810     107.54803
      18.34830     109.45069
      18.35850     111.33665
      18.36860     113.18546
      18.37880     115.02967
      18.38890     116.83100
      18.39910     118.62099
      18.40930     120.37933
      18.41940     122.08559
      18.42960     123.77076
      18.43980     125.41441
      18.44990     126.99779
      18.46010     128.54948
      18.47030     130.05034
      18.48040     131.48328
      18.49060     132.87402
      18.50080     134.20483
      18.51090     135.46136
      18.52110     136.66512
      18.53120     137.79057
      18.54140     138.85709
      18.55160     139.85077
      18.56170     140.76112
      18.57190     141.60362
      18.58210     142.36734
      18.59220     143.04395
      18.60240     143.64540
      18.61260     144.16309
      18.62270     144.59192
      18.63290     144.93944
      18.64310     145.20010
      18.65320     145.37198
      18.66340     145.45810
      18.67360     145.45610
      18.68370     145.36729
      18.69390     145.19017
      18.70400     144.92857
      18.71420     144.57803
      18.72440     144.14145
      18.73450     143.62541
      18.74470     143.02113
      18.75490     142.33446
      18.76500     141.57513
      18.77520     140.72971
      18.78540     139.80733
      18.79550     138.82037
      18.80570     137.75130
      18.81590     136.61201
      18.82600     135.41730
      18.83620     134.14584
      18.84630     132.82553
      18.85650     131.43272
      18.86670     129.98347
      18.87680     128.49512
      18.88700     126.94196
      18.89720     125.34088
      18.90730     123.71148
      18.91750     122.02521
      18.92770     120.30039
      18.93780     118.55814
      18.94800     116.76673
      18.95820     114.94662
      18.96830     113.11938
      18.97850     111.25157
      18.98870     109.36446
      18.99880     107.48006
      19.00900     105.56368
      19.01910     103.65622
      19.02930     101.72240
      19.03950      99.78452
      19.04960      97.86348
      19.05980      95.92503
      19.07000      93.98991
      19.08010      92.08014
      19.09030      90.15995
      19.10050      88.25089
      19.11060      86.37395
      19.12080      84.49373
      19.13100      82.63118
      19.14110      80.80646
      19.15130      78.98490
      19.16140      77.20437
      19.17160      75.43085
      19.18180      73.68386
      19.19190      71.98174
      19.20210      70.29178
      19.21230      68.63267
      19.22240      67.02060
      19.23260      65.42555
      19.24280      63.86380
      19.25290      62.35146
      19.26310      60.85894
      19.27330      59.40217
      19.28340      57.99556
      19.29360      56.61136
      19.30380      55.26418
      19.31390      53.96703
      19.32410      52.69410
      19.33420      51.47070
      19.34440      50.27232
      19.35460      49.11132
      19.36470      47.99847
      19.37490      46.91130
      19.38510      45.86101
      19.39520      44.85656
      19.40540      43.87819
      19.41560      42.93513
      19.42570      42.03586
      19.43590      41.16185
      19.44610      40.32166
      19.45620      39.52250
      19.46640      38.74772
      19.47650      38.01197
      19.48670      37.29983
      19.49690      36.61805
      19.50700      35.97218
      19.51720      35.34852
      19.52740      34.75299
      19.53750      34.18995
      19.54770      33.64763
      19.55790      33.13099
      19.56800      32.64365
      19.57820      32.17540
      19.58840      31.73016
      19.59850      31.31128
      19.60870      30.90954
      19.61880      30.53213
      19.62900      30.17070
      19.63920      29.82833
      19.64930      29.50736
      19.65950      29.20063
      19.66970      28.91067
      19.67980      28.63940
      19.69000      28.38067
      19.70020      28.13662
      19.71030      27.90866
      19.72050      27.69168
      19.73070      27.48741
      19.74080      27.29694
      19.75100      27.11601
      19.76120      26.94590
      19.77130      26.78761
      19.78150      26.63745
      19.79160      26.49787
      19.80180      26.36558
      19.81200      26.24154
      19.82210      26.12640
      19.83230      26.01743
      19.84250      25.91538
      19.85260      25.82078
      19.86280      25.73133
      19.87300      25.64768
      19.88310      25.57016
      19.89330      25.49697
      19.90350      25.42854
      19.91360      25.36518
      19.92380      25.30538
      19.93390      25.25003
      19.94410      25.19779
      19.95430      25.14898
      19.96440      25.10381
      19.97460      25.06116
      19.98480      25.02130
      19.99490      24.98440
      20.00510      24.94954
      20.01530      24.91694
      20.02540      24.88673
      20.03560      24.85816
      20.04580      24.83141
      20.05590      24.80657
      20.06610      24.78305
      20.07630      24.76098
      20.08640      24.74046
      20.09660      24.72098
      20.10670      24.70283
      20.11690      24.68557
      20.12710      24.66930
      20.13720      24.65411
      20.14740      24.63961
      20.15760      24.62590
      20.16770      24.61305
      20.17790      24.60075
      20.18810      24.58907
      20.19820      24.57808
      20.20840      24.56752
      20.21860      24.55746
      20.22870      24.54795
      20.23890      24.53877
      20.24900      24.53008
      20.25920      24.52166
      20.26940      24.51359
      20.27950      24.50591
      20.28970      24.49845
      20.29990      24.49126
      20.31000      24.48439
      20.32020      24.47769
      20.33040      24.47122
      20.34050      24.46501
      20.35070      24.45894
      20.36090      24.45304
      20.37100      24.44738
      20.38120      24.44181
      20.39140      24.43640
      20.40150      24.43118
      20.41170      24.42603
      20.42180      24.42107
      20.43200      24.41617
      20.44220      24.41138
      20.45230      24.40675
      20.46250      24.40218
      20.47270      24.39770
      20.48280      24.39335
      20.49300      24.38905
      20.50320      24.38483
      20.51330      24.38074
      20.52350      24.37668
      20.53370      24.37269
      20.54380      24.36882
      20.55400      24.36497
      20.56410      24.36123
      20.57430      24.35752
      20.58450      24.35387
      20.59460      24.35031
      20.60480      24.34678
      20.61500      24.34330
      20.62510      24.33991
      20.63530      24.33654
      20.64550      24.33322
      20.65560      24.32998
      20.66580      24.32677
      20.67600      24.32360
      20.68610      24.32050
      20.69630      24.31743
      20.70650      24.31439
      20.71660      24.31143
      20.72680      24.30849
      20.73690      24.30561
      20.74710      24.30275
      20.75730      24.29992
      20.76740      24.29717
      20.77760      24.29442
      20.78780      24.29171
      20.79790      24.28907
      20.80810      24.28643
      20.81830      24.28383
      20.82840      24.28129
      20.83860      24.27876
      20.84880      24.27627
      20.85890      24.27383
      20.86910      24.27140
      20.87920      24.26902
      20.88940      24.26665
      20.89960      24.26431
      20.90970      24.26203
      20.91990      24.25975
      20.93010      24.25750
      20.94020      24.25530
      20.95040      24.25311
      20.96060      24.25095
      20.97070      24.24883
      20.98090      24.24672
      20.99110      24.24464
      21.00120      24.24260
      21.01140      24.24057
      21.02160      24.23856
      21.03170      24.23660
      21.04190      24.23464
      21.05200      24.23273
      21.06220      24.23081
      21.07240      24.22893
      21.08250      24.22708
      21.09270      24.22524
      21.10290      24.22342
      21.11300      24.22163
      21.12320      24.21986
      21.13340      24.21810
      21.14350      24.21638
      21.15370      24.21466
      21.16390      24.21297
      21.17400      24.21131
      21.18420      24.20965
      21.19430      24.20803
      21.20450      24.20641
      21.21470      24.20481
      21.22480      24.20325
      21.23500      24.20168
      21.24520      24.20014
      21.25530      24.19862
      21.26550      24.19711
      21.27570      24.19562
      21.28580      24.19415
      21.29600      24.19269
      21.30620      24.19125
      21.31630      24.18983
      21.32650      24.18842
      21.33660      24.18703
      21.34680      24.18565
      21.35700      24.18428
      21.36710      24.18295
      21.37730      24.18161
      21.38750      24.18028
      21.39760      24.17899
      21.40780      24.17769
      21.41800      24.17641
      21.42810      24.17516
      21.43830      24.17390
      21.44850      24.17266
      21.45860      24.17144
      21.46880      24.17023
      21.47900      24.16903
      21.48910      24.16785
      21.49930      24.16667
      21.50940      24.16552
      21.51960      24.16436
      21.52980      24.16322
      21.53990      24.16211
      21.55010      24.16099
      21.56030      24.15988
      21.57040      24.15880
      21.58060      24.15771
      21.59080      24.15664
      21.60090      24.15559
      21.61110      24.15453
      21.62130      24.15349
      21.63140      24.15247
      21.64160      24.15145
      21.65170      24.15045
      21.66190      24.14945
      21.67210      24.14846
      21.68220      24.14749
      21.69240      24.14651
      21.70260      24.14555
      21.71270      24.14461
      21.72290      24.14367
      21.73310      24.14273
      21.74320      24.14182
      21.75340      24.14090
      21.76360      24.13999
      21.77370      24.13910
      21.78390      24.13821
      21.79410      24.13733
      21.80420      24.13646
      21.81440      24.13560
      21.82450      24.13475
      21.83470      24.13390
      21.84490      24.13306
      21.85500      24.13223
      21.86520      24.13140
      21.87540      24.13059
      21.88550      24.12978
      21.89570      24.12898
      21.90590      24.12819
      21.91600      24.12740
      21.92620      24.12662
      21.93640      24.12585
      21.94650      24.12509
      21.95670      24.12433
      21.96680      24.12358
      21.97700      24.12284
      21.98720      24.12210
      21.99730      24.12137
      22.00750      24.12064
      22.01770      24.11992
      22.02780      24.11921
      22.03800      24.11851
      22.04820      24.11780
      22.05830      24.11712
      22.06850      24.11642
      22.07870      24.11574
      22.08880      24.11507
      22.09900      24.11440
      22.10920      24.11373
      22.11930      24.11308
      22.12950      24.11243
      22.13960      24.11178
      22.14980      24.11114
      22.16000      24.11050
      22.17010      24.10988
      22.18030      24.10925
      22.19050      24.10863
      22.20060      24.10802
      22.21080      24.10741
      22.22100      24.10680
      22.23110      24.10620
      22.24130      24.10561
      22.25150      24.10502
      22.26160      24.10444
      22.27180      24.10386
      22.28190      24.10328
      22.29210      24.10271
      22.30230      24.10215
      22.31240      24.10159
      22.32260      24.10103
      22.33280      24.10048
      22.34290      24.09994
      22.35310      24.09939
      22.36330      24.09885
      22.37340      24.09832
      22.38360      24.09779
      22.39380      24.09726
      22.40390      24.09674
      22.41410      24.09623
      22.42430      24.09571
      22.43440      24.09521
      22.44460      24.09470
      22.45470      24.09420
      22.46490      24.09370
      22.47510      24.09321
      22.48520      24.09272
      22.49540      24.09224
      22.50560      24.09175
      22.51570      24.09128
      22.52590      24.09080
      22.53610      24.09033
      22.54620      24.08987
      22.55640      24.08940
      22.56660      24.08894
      22.57670      24.08849
      22.58690      24.08804
      22.59700      24.08759
      22.60720      24.08714
      22.61740      24.08670
      22.62750      24.08626
      22.63770      24.08582
      22.64790      24.08539
      22.65800      24.08496
      22.66820      24.08454
      22.67840      24.08411
      22.68850      24.08370
      22.69870      24.08328
      22.70890      24.08286
      22.71900      24.08246
      22.72920      24.08205
      22.73940      24.08164
      22.74950      24.08124
      22.75970      24.08084
      22.76980      24.08045
      22.78000      24.08006
      22.79020      24.07967
      22.80030      24.07928
      22.81050      24.07890
      22.82070      24.07851
      22.83080      24.07814
      22.84100      24.07776
      22.85120      24.07738
      22.86130      24.07702
      22.87150      24.07665
      22.88170      24.07628
      22.89180      24.07592
      22.90200      24.07556
      22.91210      24.07520
      22.92230      24.07485
      22.93250      24.07450
      22.94260      24.07415
      22.95280      24.07380
      22.96300      24.07345
      22.97310      24.07311
      22.98330      24.07277
      22.99350      24.07243
      23.00360      24.07210
      23.01380      24.07176
      23.02400      24.07143
      23.03410      24.07110
      23.04430      24.07078
      23.05450      24.07045
      23.06460      24.07013
      23.07480      24.06981
      23.08490      24.06949
      23.09510      24.06918
      23.10530      24.06886
      23.11540      24.06855
      23.12560      24.06824
      23.13580      24.06794
      23.14590      24.06763
      23.15610      24.06733
      23.16630      24.06703
      23.17640      24.06673
      23.18660      24.06643
      23.19680      24.06614
      23.20690      24.06585
      23.21710      24.06555
      23.22720      24.06527
      23.23740      24.06498
      23.24760      24.06469
      23.25770      24.06441
      23.26790      24.06413
      23.27810      24.06385
      23.28820      24.06357
      23.29840      24.06329
      23.30860      24.06302
      23.31870      24.06275
      23.32890      24.06248
      23.33910      24.06220
      23.34920      24.06194
      23.35940      24.06167
      23.36950      24.06141
      23.37970      24.06115
      23.38990      24.06089
      23.40000      24.06063
      23.41020      24.06037
      23.42040      24.06011
      23.43050      24.05986
      23.44070      24.05961
      23.45090      24.05936
      23.46100      24.05911
      23.47120      24.05886
      23.48140      24.05861
      23.49150      24.05837
      23.50170      24.05812
      23.51190      24.05788
      23.52200      24.05764
      23.53220      24.05741
      23.54230      24.05717
      23.55250      24.05693
      23.56270      24.05670
      23.57280      24.05647
      23.58300      24.05623
      23.59320      24.05600
      23.60330      24.05578
      23.61350      24.05555
      23.62370      24.05532
      23.63380      24.05510
      23.64400      24.05487
      23.65420      24.05465
      23.66430      24.05443
      23.67450      24.05421
      23.68460      24.05400
      23.69480      24.05378
      23.70500      24.05356
      23.71510      24.05335
      23.72530      24.05314
      23.73550      24.05293
      23.74560      24.05272
      23.75580      24.05251
      23.76600      24.05230
      23.77610      24.05210
      23.78630      24.05189
      23.79650      24.05169
      23.80660      24.05148
      23.81680      24.05128
      23.82700      24.05108
      23.83710      24.05088
      23.84730      24.05068
      23.85740      24.05049
      23.86760      24.05029
      23.87780      24.05010
      23.88790      24.04990
      23.89810      24.04971
      23.90830      24.04952
      23.91840      24.04933
      23.92860      24.04914
      23.93880      24.04895
      23.94890      24.04877
      23.95910      24.04858
      23.96930      24.04839
      23.97940      24.04821
      23.98960      24.04803
      23.99970      24.04785
      24.00990      24.04767
      24.02010      24.04749
      24.03020      24.04731
      24.04040      24.04713
      24.05060      24.04695
      24.06070      24.04678
      24.07090      24.04660
      24.08110      24.04643
      24.09120      24.04626
      24.10140      24.04609
      24.11160      24.04591
      24.12170      24.04575
      24.13190      24.04558
      24.14210      24.04541
      24.15220      24.04524
      24.16240      24.04507
      24.17250      24.04491
      24.18270      24.04474
      24.19290      24.04458
      24.20300      24.04442
      24.21320      24.04426
      24.22340      24.04410
      24.23350      24.04394
      24.24370      24.04378
      24.25390      24.04362
      24.26400      24.04346
      24.27420      24.04331
      24.28440      24.04315
      24.29450      24.04300
      24.30470      24.04284
      24.31480      24.04269
      24.32500      24.04254
      24.33520      24.04239
      24.34530      24.04223
      24.35550      24.04208
      24.36570      24.04193
      24.37580      24.04179
      24.38600      24.04164
      24.39620      24.04149
      24.40630      24.04135
      24.41650      24.04120
      24.42670      24.04106
      24.43680      24.04091
      24.44700      24.04077
      24.45720      24.04063
      24.46730      24.04049
      24.47750      24.04035
      24.48760      24.04021
      24.49780      24.04007
      24.50800      24.03993
      24.51810      24.03979
      24.52830      24.03965
      24.53850      24.03952
      24.54860      24.03938
      24.55880      24.03925
      24.56900      24.03911
      24.57910      24.03898
      24.58930      24.03885
      24.59950      24.03871
      24.60960      24.03858
      24.61980      24.03845
      24.62990      24.03832
      24.64010      24.03819
      24.65030      24.03806
      24.66040      24.03793
      24.67060      24.03781
      24.68080      24.03768
      24.69090      24.03755
      24.70110      24.03743
      24.71130      24.03730
      24.72140      24.03718
      24.73160      24.03705
      24.74180      24.03693
      24.75190      24.03681
      24.76210      24.03669
      24.77230      24.03656
      24.78240      24.03644
      24.79260      24.03632
      24.80270      24.03620
      24.81290      24.03609
      24.82310      24.03596
      24.83320      24.03585
      24.84340      24.03573
      24.85360      24.03561
      24.86370      24.03550
      24.87390      24.03538
      24.88410      24.03527
      24.89420      24.03515
      24.90440      24.03504
      24.91460      24.03493
      24.92470      24.03481
      24.93490      24.03470
      24.94500      24.03459
      24.95520      24.03448
      24.96540      24.03437
      24.97550      24.03426
      24.98570      24.03415
      24.99590      24.03404
      25.00600      24.03393
      25.01620      24.03382
      25.02640      24.03371
      25.03650      24.03361
      25.04670      24.03350
      25.05690      24.03339
      25.06700      24.03329
      25.07720      24.03318
      25.08740      24.03308
      25.09750      24.03298
      25.10770      24.03287
      25.11780      24.03277
      25.12800      24.03267
      25.13820      24.03256
      25.14830      24.03246
      25.15850      24.03236
      25.16870      24.03226
      25.17880      24.03216
      25.18900      24.03206
      25.19920      24.03196
      25.20930      24.03186
      25.21950      24.03176
      25.22970      24.03167
      25.23980      24.03157
      25.25000      24.03147
      25.26010      24.03138
      25.27030      24.03128
      25.28050      24.03118
      25.29060      24.03109
      25.30080      24.03099
      25.31100      24.03090
      25.32110      24.03081
      25.33130      24.03071
      25.34150      24.03062
      25.35160      24.03053
      25.36180      24.03043
      25.37200      24.03034
      25.38210      24.03025
      25.39230      24.03016
      25.40240      24.03007
      25.41260      24.02998
      25.42280      24.02989
      25.43290      24.02980
      25.44310      24.02971
      25.45330      24.02962
      25.46340      24.02954
      25.47360      24.02945
      25.48380      24.02936
      25.49390      24.02927
      25.50410      24.02919
      25.51430      24.02910
      25.52440      24.02901
      25.53460      24.02893
      25.54480      24.02884
      25.55490      24.02876
      25.56510      24.02868
      25.57520      24.02859
      25.58540      24.02851
      25.59560      24.02842
      25.60570      24.02834
      25.61590      24.02826
      25.62610      24.02818
      25.63620      24.02810
      25.64640      24.02801
      25.65660      24.02793
      25.66670      24.02785
      25.67690      24.02777
      25.68710      24.02769
      25.69720      24.02761
      25.70740      24.02753
      25.71750      24.02745
      25.72770      24.02737
      25.73790      24.02730
      25.74800      24.02722
      25.75820      24.02714
      25.76840      24.02706
      25.77850      24.02699
      25.78870      24.02691
      25.79890      24.02683
      25.80900      24.02676
      25.81920      24.02668
      25.82940      24.02661
      25.83950      24.02653
      25.84970      24.02645
      25.85990      24.02638
      25.87000      24.02631
      25.88020      24.02623
      25.89030      24.02616
      25.90050      24.02609
      25.91070      24.02601
      25.92080      24.02594
      25.93100      24.02587
      25.94120      24.02580
      25.95130      24.02572
      25.96150      24.02565
      25.97170      24.02558
      25.98180      24.02551
      25.99200      24.02544
      26.00220      24.02537
      26.01230      24.02530
      26.02250      24.02523
      26.03260      24.02516
      26.04280      24.02509
      26.05300      24.02502
      26.06310      24.02496
      26.07330      24.02489
      26.08350      24.02482
      26.09360      24.02475
      26.10380      24.02468
      26.11400      24.02462
      26.12410      24.02455
      26.13430      24.02448
      26.14450      24.02442
      26.15460      24.02435
      26.16480      24.02429
      26.17500      24.02422
      26.18510      24.02415
      26.19530      24.02409
      26.20540      24.02403
      26.21560      24.02396
      26.22580      24.02390
      26.23590      24.02383
      26.24610      24.02377
      26.25630      24.02371
      26.26640      24.02364
      26.27660      24.02358
      26.28680      24.02352
      26.29690      24.02345
      26.30710      24.02339
      26.31730      24.02333
      26.32740      24.02327
      26.33760      24.02321
      26.34770      24.02315
      26.35790      24.02309
      26.36810      24.02303
      26.37820      24.02296
      26.38840      24.02290
      26.39860      24.02284
      26.40870      24.02279
      26.41890      24.02272
      26.42910      24.02267
      26.43920      24.02261
      26.44940      24.02255
      26.45960      24.02249
      26.46970      24.02243
      26.47990      24.02237
      26.49010      24.02231
      26.50020      24.02226
      26.51040      24.02220
      26.52050      24.02214
      26.53070      24.02209
      26.54090      24.02203
      26.55100      24.02197
      26.56120      24.02192
      26.57140      24.02186
      26.58150      24.02180
      26.59170      24.02175
      26.60190      24.02169
      26.61200      24.02164
      26.62220      24.02158
      26.63240      24.02153
      26.64250      24.02147
      26.65270      24.02142
      26.66280      24.02136
      26.67300      24.02131
      26.68320      24.02126
      26.69330      24.02120
      26.70350      24.02115
      26.71370      24.02110
      26.72380      24.02104
      26.73400      24.02099
      26.74420      24.02094
      26.75430      24.02089
      26.76450      24.02083
      26.77470      24.02078
      26.78480      24.02073
      26.79500      24.02068
      26.80520      24.02062
      26.81530      24.02057
      26.82550      24.02052
      26.83560      24.02047
      26.84580      24.02042
      26.85600      24.02037
      26.86610      24.02032
      26.87630      24.02027
      26.88650      24.02022
      26.89660      24.02017
      26.90680      24.02012
      26.91700      24.02007
      26.92710      24.02002
      26.93730      24.01997
      26.94750      24.01992
      26.95760      24.01988
      26.96780      24.01983
      26.97790      24.01978
      26.98810      24.01973
      26.99830      24.01968
      27.00840      24.01963
      27.01860      24.01959
      27.02880      24.01954
      27.03890      24.01949
      27.04910      24.01945
      27.05930      24.01940
      27.06940      24.01935
      27.07960      24.01930
      27.08980      24.01926
      27.09990      24.01921
      27.11010      24.01917
      27.12020      24.01912
      27.13040      24.01908
      27.14060      24.01903
      27.15070      24.01898
      27.16090      24.01894
      27.17110      24.01889
      27.18120      24.01885
      27.19140      24.01880
      27.20160      24.01876
      27.21170      24.01871
      27.22190      24.01867
      27.23210      24.01863
      27.24220      24.01858
      27.25240      24.01854
      27.26260      24.01849
      27.27270      24.01845
      27.28290      24.01841
      27.29300      24.01836
      27.30320      24.01832
      27.31340      24.01828
      27.32350      24.01823
      27.33370      24.01819
      27.34390      24.01815
      27.35400      24.01811
      27.36420      24.01806
      27.37440      24.01802
      27.38450      24.01798
      27.39470      24.01794
      27.40490      24.01790
      27.41500      24.01786
      27.42520      24.01781
      27.43530      24.01777
      27.44550      24.01773
      27.45570      24.01769
      27.46580      24.01765
      27.47600      24.01761
      27.48620      24.01757
      27.49630      24.01753
      27.50650      24.01749
      27.51670      24.01745
      27.52680      24.01741
      27.53700      24.01737
      27.54720      24.01733
      27.55730      24.01729
      27.56750      24.01725
      27.57770      24.01721
      27.58780      24.01717
      27.59800      24.01713
      27.60810      24.01710
      27.61830      24.01706
      27.62850      24.01702
      27.63860      24.01698
      27.64880      24.01694
      27.65900      24.01690
      27.66910      24.01686
      27.67930      24.01683
      27.68950      24.01679
      27.69960      24.01675
      27.70980      24.01671
      27.72000      24.01668
      27.73010      24.01664
      27.74030      24.01660
      27.75040      24.01657
      27.76060      24.01653
      27.77080      24.01649
      27.78090      24.01645
      27.79110      24.01642
      27.80130      24.01638
      27.81140      24.01635
      27.82160      24.01631
      27.83180      24.01627
      27.84190      24.01624
      27.85210      24.01620
      27.86230      24.01616
      27.87240      24.01613
      27.88260      24.01609
      27.89280      24.01606
      27.90290      24.01602
      27.91310      24.01599
      27.92320      24.01595
      27.93340      24.01592
      27.94360      24.01588
      27.95370      24.01585
      27.96390      24.01582
      27.97410      24.01578
      27.98420      24.01575
      27.99440      24.01571
      28.00460      24.01568
      28.01470      24.01564
      28.02490      24.01561
      28.03510      24.01558
      28.04520      24.01554
      28.05540      24.01551
      28.06550      24.01548
      28.07570      24.01544
      28.08590      24.01541
      28.09600      24.01538
      28.10620      24.01534
      28.11640      24.01531
      28.12650      24.01528
      28.13670      24.01524
      28.14690      24.01521
      28.15700      24.01518
      28.16720      24.01515
      28.17740      24.01511
      28.18750      24.01508
      28.19770      24.01505
      28.20790      24.01502
      28.21800      24.01499
      28.22820      24.01495
      28.23830      24.01492
      28.24850      24.01489
      28.25870      24.01486
      28.26880      24.01483
      28.27900      24.01480
      28.28920      24.01477
      28.29930      24.01473
      28.30950      24.01470
      28.31970      24.01467
      28.32980      24.01464
      28.34000      24.01461
      28.35020      24.01458
      28.36030      24.01455
      28.37050      24.01452
      28.38060      24.01449
      28.39080      24.01446
      28.40100      24.01443
      28.41110      24.01440
      28.42130      24.01437
      28.43150      24.01434
      28.44160      24.01431
      28.45180      24.01428
      28.46200      24.01425
      28.47210      24.01422
      28.48230      24.01419
      28.49250      24.01416
      28.50260      24.01413
      28.51280      24.01410
      28.52300      24.01407
      28.53310      24.01405
      28.54330      24.01402
      28.55340      24.01399
      28.56360      24.01396
      28.57380      24.01393
      28.58390      24.01390
      28.59410      24.01387
      28.60430      24.01385
      28.61440      24.01382
      28.62460      24.01379
      28.63480      24.01376
      28.64490      24.01373
      28.65510      24.01371
      28.66530      24.01368
      28.67540      24.01365
      28.68560      24.01362
      28.69570      24.01360
      28.70590      24.01357
      28.71610      24.01354
      28.72620      24.01351
      28.73640      24.01348
      28.74660      24.01346
      28.75670      24.01343
      28.76690      24.01340
      28.77710      24.01338
      28.78720      24.01335
      28.79740      24.01332
      28.80760      24.01330
      28.81770      24.01327
      28.82790      24.01324
      28.83810      24.01322
      28.84820      24.01319
      28.85840      24.01316
      28.86850      24.01314
      28.87870      24.01311
      28.88890      24.01309
      28.89900      24.01306
      28.90920      24.01303
      28.91940      24.01301
      28.92950      24.01298
      28.93970      24.01296
      28.94990      24.01293
      28.96000      24.01291
      28.97020      24.01288
      28.98040      24.01286
      28.99050      24.01283
      29.00070      24.01281
      29.01080      24.01278
      29.02100      24.01276
      29.03120      24.01273
      29.04130      24.01271
      29.05150      24.01268
      29.06170      24.01266
      29.07180      24.01263
      29.08200      24.01261
      29.09220      24.01258
      29.10230      24.01256
      29.11250      24.01253
      29.12270      24.01251
      29.13280      24.01249
      29.14300      24.01246
      29.15310      24.01244
      29.16330      24.01241
      29.17350      24.01239
      29.18360      24.01237
      29.19380      24.01234
      29.20400      24.01232
      29.21410      24.01229
      29.22430      24.01227
      29.23450      24.01225
      29.24460      24.01222
      29.25480      24.01220
      29.26500      24.01218
      29.27510      24.01215
      29.28530      24.01213
      29.29550      24.01211
      29.30560      24.01208
      29.31580      24.01206
      29.32590      24.01204
      29.33610      24.01201
      29.34630      24.01199
      29.35640      24.01197
      29.36660      24.01195
      29.37680      24.01192
      29.38690      24.01190
      29.39710      24.01188
      29.40730      24.01186
      29.41740      24.01183
      29.42760      24.01181
      29.43780      24.01179
      29.44790      24.01177
      29.45810      24.01175
      29.46820      24.01172
      29.47840      24.01170
      29.48860      24.01168
      29.49870      24.01166
      29.50890      24.01163
      29.51910      24.01161
      29.52920      24.01159
      29.53940      24.01157
      29.54960      24.01155
      29.55970      24.01153
      29.56990      24.01151
      29.58010      24.01148
      29.59020      24.01146
      29.60040      24.01144
      29.61060      24.01142
      29.62070      24.01140
      29.63090      24.01138
      29.64100      24.01136
      29.65120      24.01134
      29.66140      24.01132
      29.67150      24.01130
      29.68170      24.01127
      29.69190      24.01125
      29.70200      24.01123
      29.71220      24.01121
      29.72240      24.01119
      29.73250      24.01117
      29.74270      24.01115
      29.75290      24.01113
      29.76300      24.01111
      29.77320      24.01109
      29.78330      24.01107
      29.79350      24.01105
      29.80370      24.01103
      29.81380      24.01101
      29.82400      24.01099
      29.83420      24.01097
      29.84430      24.01095
      29.85450      24.01093
      29.86470      24.01091
      29.87480      24.01089
      29.88500      24.01087
      29.89520      24.01085
      29.90530      24.01083
      29.91550      24.01081
      29.92570      24.01079
      29.93580      24.01077
      29.94600      24.01075
      29.95610      24.00000
      29.96630      24.00000
      29.97650      24.00000
      29.98660      24.00000
      29.99680      24.00000
      30.00700      24.00000
      30.01710      24.00000
      30.02730      24.00000
      30.03750      24.00000
      30.04760      24.00000
      30.05780      24.00000
      30.06800      24.00000
      30.07810      24.00000
      30.08830      24.00000
      30.09840      24.00000
      30.10860      24.00000
      30.11880      24.00000
      30.12890      24.00000
      30.13910      24.00000
      30.14930      24.00000
      30.15940      24.00000
      30.16960      24.00000
      30.17980      24.00000
      30.18990      24.00000
      30.20010      24.00000
      30.21030      24.00000
      30.22040      24.00000
      30.23060      24.00000
      30.24080      24.00000
      30.25090      24.00000
      30.26110      24.00000
      30.27120      24.00000
      30.28140      24.00000
      30.29160      24.00000
      30.30170      24.00000
      30.31190      24.00000
      30.32210      24.00000
      30.33220      24.00000
      30.34240      24.00000
      30.35260      24.00000
      30.36270      24.00000
      30.37290      24.00000
      30.38310      24.00000
      30.39320      24.00000
      30.40340      24.00000
      30.41350      24.00000
      30.42370      24.00000
      30.43390      24.00000
      30.44400      24.00000
      30.45420      24.00000
      30.46440      24.00000
      30.47450      24.00000
      30.48470      24.00000
      30.49490      24.00000
      30.50500      24.00000
      30.51520      24.00000
      30.52540      24.00000
      30.53550      24.00000
      30.54570      24.00000
      30.55590      24.00000
      30.56600      24.00000
      30.57620      24.00000
      30.58630      24.00000
      30.59650      24.00000
      30.60670      24.00000
      30.61680      24.00000
      30.62700      24.00000
      30.63720      24.00000
      30.64730      24.00000
      30.65750      24.00000
      30.66770      24.00000
      30.67780      24.00000
      30.68800      24.00000
      30.69820      24.00000
      30.70830      24.00000
      30.71850      24.00000
      30.72860      24.00000
      30.73880      24.00000
      30.74900      24.00000
      30.75910      24.00000
      30.76930      24.00000
      30.77950      24.00000
      30.78960      24.00000
      30.79980      24.00000
      30.81000      24.00000
      30.82010      24.00000
      30.83030      24.00000
      30.84050      24.00000
      30.85060      24.00000
      30.86080      24.00000
      30.87100      24.00000
      30.88110      24.00000
      30.89130      24.00000
      30.90140      24.00000
      30.91160      24.00000
      30.92180      24.00000
      30.93190      24.00000
      30.94210      24.00000
      30.95230      24.00000
      30.96240      24.00000
      30.97260      24.00000
      30.98280      24.00000
      30.99290      24.00000
      31.00310      24.00000
      31.01330      24.00000
      31.02340      24.00000
      31.03360      24.00000
      31.04370      24.00000
      31.05390      24.00000
      31.06410      24.00000
      31.07420      24.00000
      31.08440      24.00000
      31.09460      24.00000
      31.10470      24.00000
      31.11490      24.00000
      31.12510      24.00000
      31.13520      24.00000
      31.14540      24.00000
      31.15560      24.00000
      31.16570      24.00000
      31.17590      24.00000
      31.18600      24.00000
      31.19620      24.00000
      31.20640      24.00000
      31.21650      24.00000
      31.22670      24.00000
      31.23690      24.00000
      31.24700      24.00000
      31.25720      24.00000
      31.26740      24.00000
      31.27750      24.00000
      31.28770      24.00000
      31.29790      24.00000
      31.30800      24.00000
      31.31820      24.00000
      31.32840      24.00000
      31.33850      24.00000
      31.34870      24.00000
      31.35880      24.00000
      31.36900      24.00000
      31.37920      24.00000
      31.38930      24.00000
      31.39950      24.00000
      31.40970      24.00000
      31.41980      24.00000
      31.43000      24.00000
      31.44020      24.00000
      31.45030      24.00000
      31.46050      24.00000
      31.47070      24.00000
      31.48080      24.00000
      31.49100      24.00000
      31.50110      24.00000
      31.51130      24.00000
      31.52150      24.00000
      31.53160      24.00000
      31.54180      24.00000
      31.55200      24.00000
      31.56210      24.00000
      31.57230      24.00000
      31.58250      24.00000
      31.59260      24.00000
      31.60280      24.00000
      31.61300      24.00000
      31.62310      24.00000
      31.63330      24.00000
      31.64350      24.00000
      31.65360      24.00000
      31.66380      24.00000
      31.67390      24.00000
      31.68410      24.00000
      31.69430      24.00000
      31.70440      24.00000
      31.71460      24.00000
      31.72480      24.00000
      31.73490      24.00000
      31.74510      24.00000
      31.75530      24.00000
      31.76540      24.00000
      31.77560      24.00000
      31.78580      24.00000
      31.79590      24.00000
      31.80610      24.00000
      31.81620      24.00000
      31.82640      24.00000
      31.83660      24.00000
      31.84670      24.00000
      31.85690      24.00000
      31.86710      24.00000
      31.87720      24.00000
      31.88740      24.00000
      31.89760      24.00000
      31.90770      24.00000
      31.91790      24.00000
      31.92810      24.00000
      31.93820      24.00000
      31.94840      24.00000
      31.95860      24.00000
      31.96870      24.00000
      31.97890      24.00000
      31.98900      24.00000
      31.99920      24.00000
      32.00940      24.00000
      32.01950      24.00000
      32.02970      24.00000
      32.03990      24.00000
      32.05000      24.00000
      32.06020      24.00000
      32.07040      24.00000
      32.08050      24.00000
      32.09070      24.00000
      32.10090      24.00000
      32.11100      24.00000
      32.12120      24.00000
      32.13130      24.00000
      32.14150      24.00000
      32.15170      24.00000
      32.16180      24.00000
      32.17200      24.00000
      32.18220      24.00000
      32.19230      24.00000
      32.20250      24.00000
      32.21270      24.00000
      32.22280      24.00000
      32.23300      24.00000
      32.24320      24.00000
      32.25330      24.00000
      32.26350      24.00000
      32.27370      24.00000
      32.28380      24.00000
      32.29400      24.00000
      32.30410      24.00000
      32.31430      24.00000
      32.32450      24.00000
      32.33460      24.00000
      32.34480      24.00000
      32.35500      24.00000
      32.36510      24.00000
      32.37530      24.00000
      32.38550      24.00000
      32.39560      24.00000
      32.40580      24.00000
      32.41600      24.00000
      32.42610      24.00000
      32.43630      24.00000
      32.44640      24.00000
      32.45660      24.00000
      32.46680      24.00000
      32.47690      24.00000
      32.48710      24.00000
      32.49730      24.00000
      32.50740      24.00000
      32.51760      24.00000
      32.52780      24.00000
      32.53790      24.00000
      32.54810      24.00000
      32.55830      24.00000
      32.56840      24.00000
      32.57860      24.00000
      32.58880      24.00000
      32.59890      24.00000
      32.60910      24.00000
      32.61920      24.00000
      32.62940      24.00000
      32.63960      24.00000
      32.64970      24.00000
      32.65990      24.00000
      32.67010      24.00000
      32.68020      24.00000
      32.69040      24.00000
      32.70060      24.00000
      32.71070      24.00000
      32.72090      24.00000
      32.73110      24.00000
      32.74120      24.00000
      32.75140      24.00000
      32.76150      24.00000
      32.77170      24.00000
      32.78190      24.00000
      32.79200      24.00000
      32.80220      24.00000
      32.81240      24.00000
      32.82250      24.00000
      32.83270      24.00000
      32.84290      24.00000
      32.85300      24.00000
      32.86320      24.00000
      32.87340      24.00000
      32.88350      24.00000
      32.89370      24.00000
      32.90390      24.00000
      32.91400      24.00000
      32.92420      24.00000
      32.93430      24.00000
      32.94450      24.00000
      32.95470      24.00000
      32.96480      24.00000
      32.97500      24.00000
      32.98520      24.00000
      32.99530      24.00000
      33.00550      24.00000
      33.01570      24.00000
      33.02580      24.00000
      33.03600      24.00000
      33.04620      24.00000
      33.05630      24.00000
      33.06650      24.00000
      33.07660      24.00000
      33.08680      24.00000
      33.09700      24.00000
      33.10710      24.00000
      33.11730      24.00000
      33.12750      24.00000
      33.13760      24.00000
      33.14780      24.00000
      33.15800      24.00000
      33.16810      24.00000
      33.17830      24.00000
      33.18850      24.00000
      33.19860      24.00000
      33.20880      24.00000
      33.21890      24.00000
      33.22910      24.00000
      33.23930      24.00000
      33.24940      24.00000
      33.25960      24.00000
      33.26980      24.00000
      33.27990      24.00000
      33.29010      24.00000
      33.30030      24.00000
      33.31040      24.00000
      33.32060      24.00000
      33.33080      24.00000
      33.34090      24.00000
      33.35110      24.00000
      33.36130      24.00000
      33.37140      24.00000
      33.38160      24.00000
      33.39170      24.00000
      33.40190      24.00000
      33.41210      24.00000
      33.42220      24.00000
      33.43240      24.00000
      33.44260      24.00000
      33.45270      24.00000
      33.46290      24.00000
      33.47310      24.00000
      33.48320      24.00000
      33.49340      24.00000
      33.50360      24.00000
      33.51370      24.00000
      33.52390      24.00000
      33.53400      24.00000
      33.54420      24.00000
      33.55440      24.00000
      33.56450      24.00000
      33.57470      24.00000
      33.58490      24.00000
      33.59500      24.00000
      33.60520      24.00000
      33.61540      24.00000
      33.62550      24.00000
      33.63570      24.00000
      33.64590      24.00000
      33.65600      24.00000
      33.66620      24.00000
      33.67640      24.00000
      33.68650      24.00000
      33.69670      24.00000
      33.70680      24.00000
      33.71700      24.00000
      33.72720      24.00000
      33.73730      24.00000
      33.74750      24.00000
      33.75770      24.00000
      33.76780      24.00000
      33.77800      24.00000
      33.78820      24.00000
      33.79830      24.00000
      33.80850      24.00000
      33.81870      24.00000
      33.82880      24.00000
      33.83900      24.00000
      33.84910      24.00000
      33.85930      24.00000
      33.86950      24.00000
      33.87960      24.00000
      33.88980      24.00000
      33.90000      24.00000
      33.91010      24.00000
      33.92030      24.00000
      33.93050      24.00000
      33.94060      24.00000
      33.95080      24.00000
      33.96100      24.00000
      33.97110      24.00000
      33.98130      24.00000
      33.99150      24.00000
      34.00160      24.00000
      34.01180      24.00000
      34.02190      24.00000
      34.03210      24.00000
      34.04230      24.00000
      34.05240      24.00000
      34.06260      24.00000
      34.07280      24.00000
      34.08290      24.00000
      34.09310      24.00000
      34.10330      24.00000
      34.11340      24.00000
      34.12360      24.00000
      34.13380      24.00000
      34.14390      24.00000
      34.15410      24.00000
      34.16420      24.00000
      34.17440      24.00000
      34.18460      24.00000
      34.19470      24.00000
      34.20490      24.00000
      34.21510      24.00000
      34.22520      24.00000
      34.23540      24.00000
      34.24560      24.00000
      34.25570      24.00000
      34.26590      24.00000
      34.27610      24.00000
      34.28620      24.00000
      34.29640      24.00000
      34.30660      24.00000
      34.31670      24.00000
      34.32690      24.00000
      34.33700      24.00000
      34.34720      24.00000
      34.35740      24.00000
      34.36750      24.00000
      34.37770      24.00000
      34.38790      24.00000
      34.39800      24.00000
      34.40820      24.00000
      34.41840      24.00000
      34.42850      24.00000
      34.43870      24.00000
      34.44890      24.00000
      34.45900      24.00000
      34.46920      24.00000
      34.47930      24.00000
      34.48950      24.00000
      34.49970      24.00000
      34.50980      24.00000
      34.52000      24.00000
      34.53020      24.00000
      34.54030      24.00000
      34.55050      24.00000
      34.56070      24.00000
      34.57080      24.00000
      34.58100      24.00000
      34.59120      24.00000
      34.60130      24.00000
      34.61150      24.00000
      34.62170      24.00000
      34.63180      24.00000
      34.64200      24.00000
      34.65210      24.00000
      34.66230      24.00000
      34.67250      24.00000
      34.68260      24.00000
      34.69280      24.00000
      34.70300      24.00000
      34.71310      24.00000
      34.72330      24.00000
      34.73350      24.00000
      34.74360      24.00000
      34.75380      24.00000
      34.76400      24.00000
      34.77410      24.00000
      34.78430      24.00000
      34.79440      24.00000
      34.80460      24.00000
      34.81480      24.00000
      34.82490      24.00000
      34.83510      24.00000
      34.84530      24.00000
      34.85540      24.00000
      34.86560      24.00000
      34.87580      24.00000
      34.88590      24.00000
      34.89610      24.00000
      34.90630      24.00000
      34.91640      24.00000
      34.92660      24.00000
      34.93670      24.00000
      34.94690      24.00000
      34.95710      24.00000
      34.96720      24.00000
      34.97740      24.00000
      34.98760      24.00000
      34.99770      24.00000
      35.00790      24.00000
      35.01810      24.00000
      35.02820      24.00000
      35.03840      24.00000
      35.04860      24.00000
      35.05870      24.00000
      35.06890      24.00000
      35.07910      24.00000
      35.08920      24.00000
      35.09940      24.00000
      35.10950      24.00000
      35.11970      24.00000
      35.12990      24.00000
      35.14000      24.00000
      35.15020      24.00000
      35.16040      24.00000
      35.17050      24.00000
      35.18070      24.00000
      35.19090      24.00000
      35.20100      24.00000
      35.21120      24.00000
      35.22140      24.00000
      35.23150      24.00000
      35.24170      24.00000
      35.25180      24.00000
      35.26200      24.00000
      35.27220      24.00000
      35.28230      24.00000
      35.29250      24.00000
      35.30270      24.00000
      35.31280      24.00000
      35.32300      24.00000
      35.33320      24.00000
      35.34330      24.00000
      35.35350      24.00000
      35.36370      24.00000
      35.37380      24.00000
      35.38400      24.00000
      35.39420      24.00000
      35.40430      24.00000
      35.41450      24.00000
      35.42460      24.00000
      35.43480      24.00000
      35.44500      24.00000
      35.45510      24.00000
      35.46530      24.00000
      35.47550      24.00000
      35.48560      24.00000
      35.49580      24.00000
      35.50600      24.00000
      35.51610      24.00000
      35.52630      24.00000
      35.53650      24.00000
      35.54660      24.00000
      35.55680      24.00000
      35.56690      24.00000
      35.57710      24.00000
      35.58730      24.00000
      35.59740      24.00000
      35.60760      24.00000
      35.61780      24.00000
      35.62790      24.00000
      35.63810      24.00000
      35.64830      24.00000
      35.65840      24.00000
      35.66860      24.00000
      35.67880      24.00000
      35.68890      24.00000
      35.69910      24.00000
      35.70930      24.00000
      35.71940      24.00000
      35.72960      24.00000
      35.73970      24.00000
      35.74990      24.00000
      35.76010      24.00000
      35.77020      24.00000
      35.78040      24.00000
      35.79060      24.00000
      35.80070      24.00000
      35.81090      24.00000
      35.82110      24.00000
      35.83120      24.00000
      35.84140      24.00000
      35.85160      24.00000
      35.86170      24.00000
      35.87190      24.00000
      35.88200      24.00000
      35.89220      24.00000
      35.90240      24.00000
      35.91250      24.00000
      35.92270      24.00000
      35.93290      24.00000
      35.94300      24.00000
      35.95320      24.00000
      35.96340      24.00000
      35.97350      24.00000
      35.98370      24.00000
      35.99390      24.00000
