! TITLE: Yobs                                                                                                                                                                                                                                                            
! Peak:  1
       6.00860      24.00000
       6.01870      24.00000
       6.02890      24.00000
       6.03910      24.00000
       6.04920      24.00000
       6.05940      24.00000
       6.06960      24.00000
       6.07970      24.00000
       6.08990      24.00000
       6.10010      24.00000
       6.11020      24.00000
       6.12040      24.00000
       6.13060      24.00000
       6.14070      24.00000
       6.15090      24.00000
       6.16110      24.00000
       6.17120      24.00000
       6.18140      24.00000
       6.19150      24.00000
       6.20170      24.00000
       6.21190      24.00000
       6.22200      24.00000
       6.23220      24.00000
       6.24240      24.00000
       6.25250      24.00000
       6.26270      24.00000
       6.27290      24.00000
       6.28300      24.00000
       6.29320      24.00000
       6.30340      24.00000
       6.31350      24.00000
       6.32370      24.00000
       6.33380      24.00000
       6.34400      24.00000
       6.35420      24.00000
       6.36430      24.00000
       6.37450      24.00000
       6.38470      24.00000
       6.39480      24.00000
       6.40500      24.00000
       6.41520      24.00000
       6.42530      24.00000
       6.43550      24.00000
       6.44570      24.00000
       6.45580      24.00000
       6.46600      24.00000
       6.47620      24.00000
       6.48630      24.00000
       6.49650      24.00000
       6.50660      24.00000
       6.51680      24.00000
       6.52700      24.00000
       6.53710      24.00000
       6.54730      24.00000
       6.55750      24.00000
       6.56760      24.00000
       6.57780      24.00000
       6.58800      24.00000
       6.59810      24.00000
       6.60830      24.00000
       6.61850      24.00000
       6.62860      24.00000
       6.63880      24.00000
       6.64890      24.00000
       6.65910      24.00000
       6.66930      24.00000
       6.67940      24.00000
       6.68960      24.00000
       6.69980      24.00000
       6.70990      24.00000
       6.72010      24.00000
       6.73030      24.00000
       6.74040      24.00000
       6.75060      24.00000
       6.76080      24.00000
       6.77090      24.00000
       6.78110      24.00000
       6.79130      24.00000
       6.80140      24.00000
       6.81160      24.00000
       6.82170      24.00000
       6.83190      24.00000
       6.84210      24.00000
       6.85220      24.00000
       6.86240      24.00000
       6.87260      24.00000
       6.88270      24.00000
       6.89290      24.00000
       6.90310      24.00000
       6.91320      24.00000
       6.92340      24.00000
       6.93360      24.00000
       6.94370      24.00000
       6.95390      24.00000
       6.96400      24.00000
       6.97420      24.00000
       6.98440      24.00000
       6.99450      24.00000
       7.00470      24.00000
       7.01490      24.00000
       7.02500      24.00000
       7.03520      24.00000
       7.04540      24.00000
       7.05550      24.00000
       7.06570      24.00000
       7.07590      24.00000
       7.08600      24.00000
       7.09620      24.00000
       7.10640      24.00000
       7.11650      24.00000
       7.12670      24.00000
       7.13680      24.00000
       7.14700      24.00000
       7.15720      24.00000
       7.16730      24.00000
       7.17750      24.00000
       7.18770      24.00000
       7.19780      24.00000
       7.20800      24.00000
       7.21820      24.00000
       7.22830      24.00000
       7.23850      24.00000
       7.24870      24.00000
       7.25880      24.00000
       7.26900      24.00000
       7.27910      24.00000
       7.28930      24.00000
       7.29950      24.00000
       7.30960      24.00000
       7.31980      24.00000
       7.33000      24.00000
       7.34010      24.00000
       7.35030      24.00000
       7.36050      24.00000
       7.37060      24.00000
       7.38080      24.00000
       7.39100      24.00000
       7.40110      24.00000
       7.41130      24.00000
       7.42150      24.00000
       7.43160      24.00000
       7.44180      24.00000
       7.45190      24.00000
       7.46210      24.00000
       7.47230      24.00000
       7.48240      24.00000
       7.49260      24.00000
       7.50280      24.00000
       7.51290      24.00000
       7.52310      24.00000
       7.53330      24.00000
       7.54340      24.00000
       7.55360      24.01287
       7.56380      24.01289
       7.57390      24.01292
       7.58410      24.01294
       7.59420      24.01296
       7.60440      24.01299
       7.61460      24.01301
       7.62470      24.01303
       7.63490      24.01306
       7.64510      24.01308
       7.65520      24.01311
       7.66540      24.01313
       7.67560      24.01316
       7.68570      24.01318
       7.69590      24.01321
       7.70610      24.01323
       7.71620      24.01326
       7.72640      24.01328
       7.73650      24.01331
       7.74670      24.01333
       7.75690      24.01336
       7.76700      24.01338
       7.77720      24.01340
       7.78740      24.01343
       7.79750      24.01346
       7.80770      24.01348
       7.81790      24.01351
       7.82800      24.01353
       7.83820      24.01356
       7.84840      24.01358
       7.85850      24.01361
       7.86870      24.01364
       7.87890      24.01366
       7.88900      24.01369
       7.89920      24.01371
       7.90930      24.01374
       7.91950      24.01377
       7.92970      24.01379
       7.93980      24.01382
       7.95000      24.01384
       7.96020      24.01387
       7.97030      24.01390
       7.98050      24.01392
       7.99070      24.01395
       8.00080      24.01398
       8.01100      24.01400
       8.02120      24.01403
       8.03130      24.01406
       8.04150      24.01409
       8.05160      24.01411
       8.06180      24.01414
       8.07200      24.01417
       8.08210      24.01419
       8.09230      24.01422
       8.10250      24.01425
       8.11260      24.01428
       8.12280      24.01431
       8.13300      24.01433
       8.14310      24.01436
       8.15330      24.01439
       8.16350      24.01442
       8.17360      24.01444
       8.18380      24.01447
       8.19400      24.01450
       8.20410      24.01453
       8.21430      24.01456
       8.22440      24.01459
       8.23460      24.01461
       8.24480      24.01464
       8.25490      24.01467
       8.26510      24.01470
       8.27530      24.01473
       8.28540      24.01476
       8.29560      24.01479
       8.30580      24.01482
       8.31590      24.01485
       8.32610      24.01488
       8.33630      24.01491
       8.34640      24.01493
       8.35660      24.01497
       8.36670      24.01499
       8.37690      24.01502
       8.38710      24.01505
       8.39720      24.01509
       8.40740      24.01511
       8.41760      24.01514
       8.42770      24.01517
       8.43790      24.01521
       8.44810      24.01524
       8.45820      24.01527
       8.46840      24.01530
       8.47860      24.01533
       8.48870      24.01536
       8.49890      24.01539
       8.50910      24.01542
       8.51920      24.01545
       8.52940      24.01548
       8.53950      24.01551
       8.54970      24.01554
       8.55990      24.01558
       8.57000      24.01561
       8.58020      24.01564
       8.59040      24.01567
       8.60050      24.01570
       8.61070      24.01574
       8.62090      24.01577
       8.63100      24.01580
       8.64120      24.01583
       8.65140      24.01587
       8.66150      24.01590
       8.67170      24.01593
       8.68180      24.01596
       8.69200      24.01600
       8.70220      24.01603
       8.71230      24.01606
       8.72250      24.01609
       8.73270      24.01613
       8.74280      24.01616
       8.75300      24.01619
       8.76320      24.01623
       8.77330      24.01626
       8.78350      24.01629
       8.79370      24.01633
       8.80380      24.01636
       8.81400      24.01640
       8.82420      24.01643
       8.83430      24.01646
       8.84450      24.01650
       8.85460      24.01653
       8.86480      24.01657
       8.87500      24.01660
       8.88510      24.01664
       8.89530      24.01667
       8.90550      24.01671
       8.91560      24.01674
       8.92580      24.01678
       8.93600      24.01681
       8.94610      24.01685
       8.95630      24.01688
       8.96650      24.01692
       8.97660      24.01695
       8.98680      24.01699
       8.99690      24.01703
       9.00710      24.01706
       9.01730      24.01710
       9.02740      24.01714
       9.03760      24.01717
       9.04780      24.01721
       9.05790      24.01724
       9.06810      24.01728
       9.07830      24.01732
       9.08840      24.01736
       9.09860      24.01739
       9.10880      24.01743
       9.11890      24.01747
       9.12910      24.01751
       9.13930      24.01754
       9.14940      24.01758
       9.15960      24.01762
       9.16970      24.01766
       9.17990      24.01769
       9.19010      24.01773
       9.20020      24.01777
       9.21040      24.01781
       9.22060      24.01785
       9.23070      24.01789
       9.24090      24.01793
       9.25110      24.01797
       9.26120      24.01800
       9.27140      24.01804
       9.28160      24.01808
       9.29170      24.01812
       9.30190      24.01816
       9.31200      24.01820
       9.32220      24.01824
       9.33240      24.01828
       9.34250      24.01832
       9.35270      24.01836
       9.36290      24.01840
       9.37300      24.01844
       9.38320      24.01848
       9.39340      24.01852
       9.40350      24.01857
       9.41370      24.01861
       9.42390      24.01865
       9.43400      24.01869
       9.44420      24.01873
       9.45440      24.01877
       9.46450      24.01881
       9.47470      24.01886
       9.48480      24.01890
       9.49500      24.01894
       9.50520      24.01898
       9.51530      24.01903
       9.52550      24.01907
       9.53570      24.01911
       9.54580      24.01915
       9.55600      24.01920
       9.56620      24.01924
       9.57630      24.01928
       9.58650      24.01933
       9.59670      24.01937
       9.60680      24.01941
       9.61700      24.01946
       9.62710      24.01950
       9.63730      24.01955
       9.64750      24.01959
       9.65760      24.01963
       9.66780      24.01968
       9.67800      24.01973
       9.68810      24.01977
       9.69830      24.01982
       9.70850      24.01986
       9.71860      24.01991
       9.72880      24.01995
       9.73900      24.02000
       9.74910      24.02004
       9.75930      24.02009
       9.76940      24.02014
       9.77960      24.02018
       9.78980      24.02023
       9.79990      24.02028
       9.81010      24.02032
       9.82030      24.02037
       9.83040      24.02042
       9.84060      24.02046
       9.85080      24.02051
       9.86090      24.02056
       9.87110      24.02061
       9.88130      24.02065
       9.89140      24.02070
       9.90160      24.02075
       9.91180      24.02080
       9.92190      24.02085
       9.93210      24.02090
       9.94220      24.02095
       9.95240      24.02100
       9.96260      24.02105
       9.97270      24.02110
       9.98290      24.02114
       9.99310      24.02119
      10.00320      24.02124
      10.01340      24.02130
      10.02360      24.02135
      10.03370      24.02140
      10.04390      24.02145
      10.05410      24.02150
      10.06420      24.02155
      10.07440      24.02160
      10.08450      24.02165
      10.09470      24.02170
      10.10490      24.02176
      10.11500      24.02181
      10.12520      24.02186
      10.13540      24.02191
      10.14550      24.02197
      10.15570      24.02202
      10.16590      24.02207
      10.17600      24.02213
      10.18620      24.02218
      10.19640      24.02223
      10.20650      24.02229
      10.21670      24.02234
      10.22690      24.02239
      10.23700      24.02245
      10.24720      24.02250
      10.25730      24.02256
      10.26750      24.02261
      10.27770      24.02267
      10.28780      24.02272
      10.29800      24.02278
      10.30820      24.02283
      10.31830      24.02289
      10.32850      24.02295
      10.33870      24.02300
      10.34880      24.02306
      10.35900      24.02312
      10.36920      24.02317
      10.37930      24.02323
      10.38950      24.02329
      10.39960      24.02335
      10.40980      24.02341
      10.42000      24.02346
      10.43010      24.02352
      10.44030      24.02358
      10.45050      24.02364
      10.46060      24.02370
      10.47080      24.02376
      10.48100      24.02382
      10.49110      24.02388
      10.50130      24.02394
      10.51150      24.02400
      10.52160      24.02406
      10.53180      24.02412
      10.54200      24.02418
      10.55210      24.02424
      10.56230      24.02430
      10.57240      24.02436
      10.58260      24.02442
      10.59280      24.02449
      10.60290      24.02455
      10.61310      24.02461
      10.62330      24.02467
      10.63340      24.02474
      10.64360      24.02480
      10.65380      24.02486
      10.66390      24.02493
      10.67410      24.02499
      10.68430      24.02505
      10.69440      24.02512
      10.70460      24.02518
      10.71470      24.02525
      10.72490      24.02531
      10.73510      24.02538
      10.74520      24.02545
      10.75540      24.02551
      10.76560      24.02558
      10.77570      24.02564
      10.78590      24.02571
      10.79610      24.02578
      10.80620      24.02584
      10.81640      24.02591
      10.82660      24.02598
      10.83670      24.02605
      10.84690      24.02612
      10.85710      24.02619
      10.86720      24.02625
      10.87740      24.02632
      10.88750      24.02639
      10.89770      24.02646
      10.90790      24.02653
      10.91800      24.02660
      10.92820      24.02667
      10.93840      24.02674
      10.94850      24.02681
      10.95870      24.02689
      10.96890      24.02696
      10.97900      24.02703
      10.98920      24.02710
      10.99940      24.02717
      11.00950      24.02725
      11.01970      24.02732
      11.02980      24.02739
      11.04000      24.02747
      11.05020      24.02754
      11.06030      24.02761
      11.07050      24.02769
      11.08070      24.02777
      11.09080      24.02784
      11.10100      24.02791
      11.11120      24.02799
      11.12130      24.02807
      11.13150      24.02814
      11.14170      24.02822
      11.15180      24.02830
      11.16200      24.02837
      11.17220      24.02845
      11.18230      24.02853
      11.19250      24.02861
      11.20260      24.02869
      11.21280      24.02876
      11.22300      24.02884
      11.23310      24.02892
      11.24330      24.02901
      11.25350      24.02909
      11.26360      24.02917
      11.27380      24.02925
      11.28400      24.02933
      11.29410      24.02941
      11.30430      24.02949
      11.31450      24.02957
      11.32460      24.02966
      11.33480      24.02974
      11.34490      24.02982
      11.35510      24.02991
      11.36530      24.02999
      11.37540      24.03007
      11.38560      24.03016
      11.39580      24.03024
      11.40590      24.03033
      11.41610      24.03041
      11.42630      24.03050
      11.43640      24.03059
      11.44660      24.03067
      11.45680      24.03076
      11.46690      24.03085
      11.47710      24.03094
      11.48730      24.03102
      11.49740      24.03111
      11.50760      24.03120
      11.51770      24.03129
      11.52790      24.03138
      11.53810      24.03147
      11.54820      24.03156
      11.55840      24.03165
      11.56860      24.03175
      11.57870      24.03184
      11.58890      24.03193
      11.59910      24.03202
      11.60920      24.03212
      11.61940      24.03221
      11.62960      24.03230
      11.63970      24.03240
      11.64990      24.03249
      11.66000      24.03259
      11.67020      24.03268
      11.68040      24.03278
      11.69050      24.03288
      11.70070      24.03297
      11.71090      24.03307
      11.72100      24.03317
      11.73120      24.03327
      11.74140      24.03336
      11.75150      24.03346
      11.76170      24.03356
      11.77190      24.03366
      11.78200      24.03376
      11.79220      24.03386
      11.80230      24.03396
      11.81250      24.03407
      11.82270      24.03417
      11.83280      24.03427
      11.84300      24.03437
      11.85320      24.03448
      11.86330      24.03458
      11.87350      24.03469
      11.88370      24.03479
      11.89380      24.03489
      11.90400      24.03500
      11.91420      24.03511
      11.92430      24.03522
      11.93450      24.03532
      11.94470      24.03543
      11.95480      24.03554
      11.96500      24.03565
      11.97510      24.03576
      11.98530      24.03587
      11.99550      24.03598
      12.00560      24.03609
      12.01580      24.03620
      12.02600      24.03631
      12.03610      24.03642
      12.04630      24.03654
      12.05650      24.03665
      12.06660      24.03676
      12.07680      24.03688
      12.08700      24.03699
      12.09710      24.03711
      12.10730      24.03722
      12.11740      24.03734
      12.12760      24.03746
      12.13780      24.03757
      12.14790      24.03769
      12.15810      24.03781
      12.16830      24.03793
      12.17840      24.03805
      12.18860      24.03817
      12.19880      24.03829
      12.20890      24.03841
      12.21910      24.03854
      12.22930      24.03866
      12.23940      24.03878
      12.24960      24.03891
      12.25980      24.03903
      12.26990      24.03916
      12.28010      24.03928
      12.29020      24.03941
      12.30040      24.03954
      12.31060      24.03967
      12.32070      24.03979
      12.33090      24.03992
      12.34110      24.04005
      12.35120      24.04018
      12.36140      24.04031
      12.37160      24.04044
      12.38170      24.04058
      12.39190      24.04071
      12.40210      24.04084
      12.41220      24.04098
      12.42240      24.04111
      12.43250      24.04124
      12.44270      24.04138
      12.45290      24.04152
      12.46300      24.04165
      12.47320      24.04179
      12.48340      24.04193
      12.49350      24.04207
      12.50370      24.04221
      12.51390      24.04235
      12.52400      24.04249
      12.53420      24.04264
      12.54440      24.04278
      12.55450      24.04292
      12.56470      24.04307
      12.57490      24.04321
      12.58500      24.04336
      12.59520      24.04350
      12.60530      24.04365
      12.61550      24.04380
      12.62570      24.04395
      12.63580      24.04410
      12.64600      24.04425
      12.65620      24.04440
      12.66630      24.04455
      12.67650      24.04470
      12.68670      24.04486
      12.69680      24.04501
      12.70700      24.04517
      12.71720      24.04532
      12.72730      24.04548
      12.73750      24.04564
      12.74760      24.04580
      12.75780      24.04595
      12.76800      24.04611
      12.77810      24.04627
      12.78830      24.04644
      12.79850      24.04660
      12.80860      24.04676
      12.81880      24.04693
      12.82900      24.04709
      12.83910      24.04726
      12.84930      24.04742
      12.85950      24.04759
      12.86960      24.04776
      12.87980      24.04793
      12.89000      24.04810
      12.90010      24.04827
      12.91030      24.04844
      12.92040      24.04862
      12.93060      24.04879
      12.94080      24.04897
      12.95090      24.04914
      12.96110      24.04932
      12.97130      24.04950
      12.98140      24.04967
      12.99160      24.04985
      13.00180      24.05004
      13.01190      24.05022
      13.02210      24.05040
      13.03230      24.05058
      13.04240      24.05077
      13.05260      24.05095
      13.06270      24.05114
      13.07290      24.05133
      13.08310      24.05152
      13.09320      24.05171
      13.10340      24.05190
      13.11360      24.05209
      13.12370      24.05228
      13.13390      24.05248
      13.14410      24.05267
      13.15420      24.05287
      13.16440      24.05306
      13.17460      24.05326
      13.18470      24.05346
      13.19490      24.05366
      13.20510      24.05387
      13.21520      24.05407
      13.22540      24.05427
      13.23550      24.05448
      13.24570      24.05468
      13.25590      24.05489
      13.26600      24.05510
      13.27620      24.05531
      13.28640      24.05552
      13.29650      24.05573
      13.30670      24.05595
      13.31690      24.05616
      13.32700      24.05638
      13.33720      24.05659
      13.34740      24.05681
      13.35750      24.05703
      13.36770      24.05725
      13.37780      24.05747
      13.38800      24.05770
      13.39820      24.05792
      13.40830      24.05815
      13.41850      24.05838
      13.42870      24.05861
      13.43880      24.05884
      13.44900      24.05907
      13.45920      24.05930
      13.46930      24.05954
      13.47950      24.05977
      13.48970      24.06001
      13.49980      24.06025
      13.51000      24.06049
      13.52010      24.06073
      13.53030      24.06097
      13.54050      24.06122
      13.55060      24.06146
      13.56080      24.06171
      13.57100      24.06196
      13.58110      24.06221
      13.59130      24.06246
      13.60150      24.06271
      13.61160      24.06297
      13.62180      24.06322
      13.63200      24.06348
      13.64210      24.06374
      13.65230      24.06400
      13.66250      24.06427
      13.67260      24.06453
      13.68280      24.06479
      13.69290      24.06506
      13.70310      24.06533
      13.71330      24.06560
      13.72340      24.06587
      13.73360      24.06615
      13.74380      24.06643
      13.75390      24.06670
      13.76410      24.06698
      13.77430      24.06726
      13.78440      24.06754
      13.79460      24.06783
      13.80480      24.06812
      13.81490      24.06841
      13.82510      24.06870
      13.83520      24.06899
      13.84540      24.06928
      13.85560      24.06958
      13.86570      24.06987
      13.87590      24.07018
      13.88610      24.07048
      13.89620      24.07078
      13.90640      24.07108
      13.91660      24.07139
      13.92670      24.07170
      13.93690      24.07201
      13.94710      24.07233
      13.95720      24.07264
      13.96740      24.07296
      13.97760      24.07328
      13.98770      24.07360
      13.99790      24.07393
      14.00800      24.07425
      14.01820      24.07458
      14.02840      24.07491
      14.03850      24.07524
      14.04870      24.07558
      14.05890      24.07591
      14.06900      24.07625
      14.07920      24.07659
      14.08940      24.07694
      14.09950      24.07728
      14.10970      24.07763
      14.11990      24.07798
      14.13000      24.07833
      14.14020      24.07869
      14.15030      24.07905
      14.16050      24.07941
      14.17070      24.07977
      14.18080      24.08014
      14.19100      24.08051
      14.20120      24.08088
      14.21130      24.08125
      14.22150      24.08162
      14.23170      24.08200
      14.24180      24.08238
      14.25200      24.08277
      14.26220      24.08315
      14.27230      24.08354
      14.28250      24.08393
      14.29270      24.08433
      14.30280      24.08472
      14.31300      24.08512
      14.32310      24.08552
      14.33330      24.08593
      14.34350      24.08634
      14.35360      24.08675
      14.36380      24.08716
      14.37400      24.08758
      14.38410      24.08800
      14.39430      24.08842
      14.40450      24.08885
      14.41460      24.08928
      14.42480      24.08971
      14.43500      24.09015
      14.44510      24.09059
      14.45530      24.09103
      14.46540      24.09147
      14.47560      24.09192
      14.48580      24.09237
      14.49590      24.09283
      14.50610      24.09329
      14.51630      24.09375
      14.52640      24.09421
      14.53660      24.09468
      14.54680      24.09516
      14.55690      24.09563
      14.56710      24.09611
      14.57730      24.09659
      14.58740      24.09708
      14.59760      24.09757
      14.60780      24.09806
      14.61790      24.09856
      14.62810      24.09906
      14.63820      24.09956
      14.64840      24.10007
      14.65860      24.10059
      14.66870      24.10110
      14.67890      24.10162
      14.68910      24.10215
      14.69920      24.10268
      14.70940      24.10321
      14.71960      24.10375
      14.72970      24.10429
      14.73990      24.10483
      14.75010      24.10539
      14.76020      24.10594
      14.77040      24.10650
      14.78050      24.10706
      14.79070      24.10763
      14.80090      24.10820
      14.81100      24.10877
      14.82120      24.10935
      14.83140      24.10994
      14.84150      24.11053
      14.85170      24.11113
      14.86190      24.11173
      14.87200      24.11233
      14.88220      24.11294
      14.89240      24.11356
      14.90250      24.11417
      14.91270      24.11480
      14.92290      24.11543
      14.93300      24.11606
      14.94320      24.11670
      14.95330      24.11734
      14.96350      24.11800
      14.97370      24.11866
      14.98380      24.11931
      14.99400      24.11998
      15.00420      24.12066
      15.01430      24.12133
      15.02450      24.12202
      15.03470      24.12271
      15.04480      24.12340
      15.05500      24.12411
      15.06520      24.12481
      15.07530      24.12552
      15.08550      24.12625
      15.09560      24.12697
      15.10580      24.12770
      15.11600      24.12844
      15.12610      24.12918
      15.13630      24.12994
      15.14650      24.13070
      15.15660      24.13145
      15.16680      24.13223
      15.17700      24.13301
      15.18710      24.13379
      15.19730      24.13458
      15.20750      24.13538
      15.21760      24.13618
      15.22780      24.13700
      15.23800      24.13782
      15.24810      24.13865
      15.25830      24.13948
      15.26840      24.14032
      15.27860      24.14117
      15.28880      24.14203
      15.29890      24.14289
      15.30910      24.14377
      15.31930      24.14465
      15.32940      24.14554
      15.33960      24.14644
      15.34980      24.14735
      15.35990      24.14826
      15.37010      24.14918
      15.38030      24.15012
      15.39040      24.15105
      15.40060      24.15200
      15.41070      24.15295
      15.42090      24.15392
      15.43110      24.15490
      15.44120      24.15588
      15.45140      24.15688
      15.46160      24.15789
      15.47170      24.15889
      15.48190      24.15992
      15.49210      24.16096
      15.50220      24.16199
      15.51240      24.16305
      15.52260      24.16412
      15.53270      24.16518
      15.54290      24.16627
      15.55300      24.16736
      15.56320      24.16847
      15.57340      24.16959
      15.58350      24.17071
      15.59370      24.17185
      15.60390      24.17301
      15.61400      24.17416
      15.62420      24.17534
      15.63440      24.17653
      15.64450      24.17772
      15.65470      24.17893
      15.66490      24.18015
      15.67500      24.18138
      15.68520      24.18263
      15.69540      24.18390
      15.70550      24.18516
      15.71570      24.18645
      15.72580      24.18774
      15.73600      24.18906
      15.74620      24.19039
      15.75630      24.19172
      15.76650      24.19308
      15.77670      24.19445
      15.78680      24.19582
      15.79700      24.19723
      15.80720      24.19864
      15.81730      24.20006
      15.82750      24.20151
      15.83770      24.20297
      15.84780      24.20444
      15.85800      24.20593
      15.86810      24.20743
      15.87830      24.20896
      15.88850      24.21050
      15.89860      24.21205
      15.90880      24.21362
      15.91900      24.21522
      15.92910      24.21682
      15.93930      24.21845
      15.94950      24.22010
      15.95960      24.22175
      15.96980      24.22344
      15.98000      24.22515
      15.99010      24.22686
      16.00030      24.22860
      16.01050      24.23037
      16.02060      24.23214
      16.03080      24.23394
      16.04090      24.23575
      16.05110      24.23760
      16.06130      24.23947
      16.07140      24.24134
      16.08160      24.24326
      16.09180      24.24519
      16.10190      24.24713
      16.11210      24.24912
      16.12230      24.25112
      16.13240      24.25313
      16.14260      24.25519
      16.15280      24.25727
      16.16290      24.25935
      16.17310      24.26148
      16.18320      24.26362
      16.19340      24.26580
      16.20360      24.26801
      16.21370      24.27022
      16.22390      24.27249
      16.23410      24.27478
      16.24420      24.27708
      16.25440      24.27943
      16.26460      24.28181
      16.27470      24.28419
      16.28490      24.28663
      16.29510      24.28910
      16.30520      24.29158
      16.31540      24.29412
      16.32560      24.29668
      16.33570      24.29926
      16.34590      24.30190
      16.35600      24.30454
      16.36620      24.30724
      16.37640      24.30998
      16.38650      24.31273
      16.39670      24.31554
      16.40690      24.31840
      16.41700      24.32125
      16.42720      24.32418
      16.43740      24.32715
      16.44750      24.33013
      16.45770      24.33318
      16.46790      24.33627
      16.47800      24.33937
      16.48820      24.34255
      16.49830      24.34574
      16.50850      24.34900
      16.51870      24.35232
      16.52880      24.35564
      16.53900      24.35905
      16.54920      24.36251
      16.55930      24.36598
      16.56950      24.36954
      16.57970      24.37315
      16.58980      24.37678
      16.60000      24.38050
      16.61020      24.38427
      16.62030      24.38806
      16.63050      24.39195
      16.64070      24.39590
      16.65080      24.39987
      16.66100      24.40395
      16.67110      24.40804
      16.68130      24.41225
      16.69150      24.41652
      16.70160      24.42082
      16.71180      24.42524
      16.72200      24.42973
      16.73210      24.43425
      16.74230      24.43890
      16.75250      24.44363
      16.76260      24.44840
      16.77280      24.45330
      16.78300      24.45830
      16.79310      24.46334
      16.80330      24.46853
      16.81340      24.47377
      16.82360      24.47918
      16.83380      24.48469
      16.84390      24.49027
      16.85410      24.49603
      16.86430      24.50192
      16.87440      24.50789
      16.88460      24.51407
      16.89480      24.52040
      16.90490      24.52683
      16.91510      24.53349
      16.92530      24.54034
      16.93540      24.54731
      16.94560      24.55456
      16.95580      24.56203
      16.96590      24.56966
      16.97610      24.57762
      16.98620      24.58577
      16.99640      24.59429
      17.00660      24.60311
      17.01670      24.61218
      17.02690      24.62170
      17.03710      24.63161
      17.04720      24.64182
      17.05740      24.65259
      17.06760      24.66383
      17.07770      24.67548
      17.08790      24.68780
      17.09810      24.70073
      17.10820      24.71417
      17.11840      24.72846
      17.12850      24.74335
      17.13870      24.75921
      17.14890      24.77595
      17.15900      24.79349
      17.16920      24.81222
      17.17940      24.83208
      17.18950      24.85293
      17.19970      24.87529
      17.20990      24.89905
      17.22000      24.92408
      17.23020      24.95099
      17.24040      24.97967
      17.25050      25.00993
      17.26070      25.04254
      17.27090      25.07735
      17.28100      25.11415
      17.29120      25.15386
      17.30130      25.19588
      17.31150      25.24125
      17.32170      25.28977
      17.33180      25.34116
      17.34200      25.39666
      17.35220      25.45607
      17.36230      25.51900
      17.37250      25.58697
      17.38270      25.65971
      17.39280      25.73674
      17.40300      25.81995
      17.41320      25.90894
      17.42330      26.00312
      17.43350      26.10479
      17.44360      26.21232
      17.45380      26.32832
      17.46400      26.45220
      17.47410      26.58309
      17.48430      26.72412
      17.49450      26.87451
      17.50460      27.03326
      17.51480      27.20399
      17.52500      27.38586
      17.53510      27.57750
      17.54530      27.78328
      17.55550      28.00211
      17.56560      28.23226
      17.57580      28.47904
      17.58590      28.73827
      17.59610      29.01587
      17.60630      29.31011
      17.61640      29.61858
      17.62660      29.94826
      17.63680      30.29697
      17.64690      30.66180
      17.65710      31.05089
      17.66730      31.46148
      17.67740      31.89027
      17.68760      32.34640
      17.69780      32.82684
      17.70790      33.32726
      17.71810      33.85857
      17.72830      34.41679
      17.73840      34.99687
      17.74860      35.61132
      17.75870      36.24881
      17.76890      36.92299
      17.77910      37.62846
      17.78920      38.35860
      17.79940      39.12886
      17.80960      39.93286
      17.81970      40.76289
      17.82990      41.63630
      17.84010      42.54546
      17.85020      43.48201
      17.86040      44.46456
      17.87060      45.48505
      17.88070      46.53310
      17.89090      47.63013
      17.90100      48.75479
      17.91120      49.92989
      17.92140      51.14460
      17.93150      52.38649
      17.94170      53.68048
      17.95190      55.01435
      17.96200      56.37421
      17.97220      57.78710
      17.98240      59.23933
      17.99250      60.71556
      18.00270      62.24488
      18.01290      63.81182
      18.02300      65.40049
      18.03320      67.04070
      18.04340      68.71673
      18.05350      70.41013
      18.06370      72.15364
      18.07380      73.91149
      18.08400      75.71747
      18.09420      77.55265
      18.10430      79.39680
      18.11450      81.28510
      18.12470      83.19735
      18.13480      85.11231
      18.14500      87.06621
      18.15520      89.03741
      18.16530      91.00490
      18.17550      93.00455
      18.18570      95.01417
      18.19580      97.01220
      18.20600      99.03440
      18.21610     101.03939
      18.22630     103.06287
      18.23650     105.08290
      18.24660     107.07607
      18.25680     109.07915
      18.26700     111.06886
      18.27710     113.02248
      18.28730     114.97577
      18.29750     116.90568
      18.30760     118.79005
      18.31780     120.66316
      18.32800     122.50221
      18.33810     124.28704
      18.34830     126.04890
      18.35850     127.76628
      18.36860     129.42035
      18.37880     131.03957
      18.38890     132.58972
      18.39910     134.09738
      18.40930     135.54434
      18.41940     136.91376
      18.42960     138.22995
      18.43980     139.47594
      18.44990     140.63754
      18.46010     141.73531
      18.47030     142.75462
      18.48040     143.68416
      18.49060     144.54024
      18.50080     145.31091
      18.51090     145.98834
      18.52110     146.58385
      18.53120     147.08459
      18.54140     147.49902
      18.55160     147.82066
      18.56170     148.04703
      18.57190     148.18190
      18.58210     148.22227
      18.59220     148.16905
      18.60240     148.02129
      18.61260     147.77945
      18.62270     147.44789
      18.63290     147.02089
      18.64310     146.50237
      18.65320     145.90010
      18.66340     145.20361
      18.67360     144.42033
      18.68370     143.56081
      18.69390     142.61057
      18.70400     141.59001
      18.71420     140.48196
      18.72440     139.29823
      18.73450     138.05437
      18.74470     136.72906
      18.75490     135.33670
      18.76500     133.89534
      18.77520     132.37933
      18.78540     130.80606
      18.79550     129.19525
      18.80570     127.51801
      18.81590     125.79362
      18.82600     124.04332
      18.83620     122.23550
      18.84630     120.40939
      18.85650     118.53194
      18.86670     116.62506
      18.87680     114.71044
      18.88700     112.75460
      18.89720     110.77888
      18.90730     108.80643
      18.91750     106.80218
      18.92770     104.78789
      18.93780     102.78715
      18.94800     100.76301
      18.95820      98.73845
      18.96830      96.73643
      18.97850      94.71972
      18.98870      92.71107
      18.99880      90.73289
      19.00900      88.74810
      19.01910      86.79842
      19.02930      84.84710
      19.03950      82.91631
      19.04960      81.02589
      19.05980      79.14135
      19.07000      77.28255
      19.08010      75.46954
      19.09030      73.66766
      19.10050      71.89667
      19.11060      70.17503
      19.12080      68.46947
      19.13100      66.79858
      19.14110      65.17937
      19.15130      63.58031
      19.16140      62.03388
      19.17160      60.50978
      19.18180      59.02427
      19.19190      57.59192
      19.20210      56.18442
      19.21230      54.81683
      19.22240      53.50150
      19.23260      52.21319
      19.24280      50.96450
      19.25290      49.76738
      19.26310      48.59766
      19.27330      47.46729
      19.28340      46.38656
      19.29360      45.33345
      19.30380      44.31852
      19.31390      43.35076
      19.32410      42.41023
      19.33420      41.51498
      19.34440      40.64642
      19.35460      39.81301
      19.36470      39.02175
      19.37490      38.25604
      19.38510      37.52332
      19.39520      36.82914
      19.40540      36.15929
      19.41560      35.51965
      19.42570      34.91536
      19.43590      34.33345
      19.44610      33.77922
      19.45620      33.25686
      19.46640      32.75504
      19.47650      32.28281
      19.48670      31.82982
      19.49690      31.40005
      19.50700      30.99652
      19.51720      30.61031
      19.52740      30.24476
      19.53750      29.90216
      19.54770      29.57501
      19.55790      29.26602
      19.56800      28.97702
      19.57820      28.70167
      19.58840      28.44203
      19.59850      28.19975
      19.60870      27.96927
      19.61880      27.75447
      19.62900      27.55038
      19.63920      27.35855
      19.64930      27.18007
      19.65950      27.01077
      19.66970      26.85191
      19.67980      26.70432
      19.69000      26.56454
      19.70020      26.43357
      19.71030      26.31203
      19.72050      26.19707
      19.73070      26.08950
      19.74080      25.98977
      19.75100      25.89555
      19.76120      25.80743
      19.77130      25.72583
      19.78150      25.64876
      19.79160      25.57743
      19.80180      25.51007
      19.81200      25.44713
      19.82210      25.38887
      19.83230      25.33387
      19.84250      25.28246
      19.85260      25.23487
      19.86280      25.18992
      19.87300      25.14789
      19.88310      25.10893
      19.89330      25.07211
      19.90350      25.03764
      19.91360      25.00564
      19.92380      24.97536
      19.93390      24.94722
      19.94410      24.92054
      19.95430      24.89549
      19.96440      24.87216
      19.97460      24.84998
      19.98480      24.82910
      19.99490      24.80960
      20.00510      24.79101
      20.01530      24.77345
      20.02540      24.75699
      20.03560      24.74125
      20.04580      24.72632
      20.05590      24.71228
      20.06610      24.69880
      20.07630      24.68596
      20.08640      24.67384
      20.09660      24.66216
      20.10670      24.65109
      20.11690      24.64039
      20.12710      24.63013
      20.13720      24.62038
      20.14740      24.61091
      20.15760      24.60180
      20.16770      24.59311
      20.17790      24.58463
      20.18810      24.57644
      20.19820      24.56860
      20.20840      24.56092
      20.21860      24.55349
      20.22870      24.54634
      20.23890      24.53933
      20.24900      24.53257
      20.25920      24.52593
      20.26940      24.51946
      20.27950      24.51322
      20.28970      24.50706
      20.29990      24.50105
      20.31000      24.49524
      20.32020      24.48950
      20.33040      24.48388
      20.34050      24.47843
      20.35070      24.47304
      20.36090      24.46776
      20.37100      24.46264
      20.38120      24.45756
      20.39140      24.45258
      20.40150      24.44774
      20.41170      24.44293
      20.42180      24.43826
      20.43200      24.43363
      20.44220      24.42907
      20.45230      24.42463
      20.46250      24.42023
      20.47270      24.41589
      20.48280      24.41167
      20.49300      24.40748
      20.50320      24.40335
      20.51330      24.39932
      20.52350      24.39532
      20.53370      24.39138
      20.54380      24.38754
      20.55400      24.38371
      20.56410      24.37999
      20.57430      24.37627
      20.58450      24.37262
      20.59460      24.36905
      20.60480      24.36550
      20.61500      24.36200
      20.62510      24.35859
      20.63530      24.35518
      20.64550      24.35183
      20.65560      24.34856
      20.66580      24.34530
      20.67600      24.34208
      20.68610      24.33894
      20.69630      24.33581
      20.70650      24.33273
      20.71660      24.32972
      20.72680      24.32671
      20.73690      24.32378
      20.74710      24.32086
      20.75730      24.31798
      20.76740      24.31516
      20.77760      24.31235
      20.78780      24.30958
      20.79790      24.30687
      20.80810      24.30417
      20.81830      24.30151
      20.82840      24.29890
      20.83860      24.29631
      20.84880      24.29375
      20.85890      24.29124
      20.86910      24.28874
      20.87920      24.28630
      20.88940      24.28386
      20.89960      24.28146
      20.90970      24.27910
      20.91990      24.27676
      20.93010      24.27444
      20.94020      24.27217
      20.95040      24.26991
      20.96060      24.26768
      20.97070      24.26550
      20.98090      24.26332
      20.99110      24.26117
      21.00120      24.25906
      21.01140      24.25696
      21.02160      24.25488
      21.03170      24.25286
      21.04190      24.25083
      21.05200      24.24884
      21.06220      24.24686
      21.07240      24.24491
      21.08250      24.24299
      21.09270      24.24108
      21.10290      24.23919
      21.11300      24.23735
      21.12320      24.23550
      21.13340      24.23368
      21.14350      24.23189
      21.15370      24.23011
      21.16390      24.22835
      21.17400      24.22662
      21.18420      24.22490
      21.19430      24.22321
      21.20450      24.22153
      21.21470      24.21986
      21.22480      24.21823
      21.23500      24.21660
      21.24520      24.21499
      21.25530      24.21341
      21.26550      24.21183
      21.27570      24.21027
      21.28580      24.20875
      21.29600      24.20722
      21.30620      24.20571
      21.31630      24.20424
      21.32650      24.20276
      21.33660      24.20131
      21.34680      24.19987
      21.35700      24.19843
      21.36710      24.19703
      21.37730      24.19563
      21.38750      24.19425
      21.39760      24.19289
      21.40780      24.19153
      21.41800      24.19019
      21.42810      24.18888
      21.43830      24.18756
      21.44850      24.18626
      21.45860      24.18498
      21.46880      24.18371
      21.47900      24.18245
      21.48910      24.18121
      21.49930      24.17998
      21.50940      24.17876
      21.51960      24.17755
      21.52980      24.17635
      21.53990      24.17518
      21.55010      24.17400
      21.56030      24.17284
      21.57040      24.17170
      21.58060      24.17056
      21.59080      24.16942
      21.60090      24.16832
      21.61110      24.16721
      21.62130      24.16611
      21.63140      24.16504
      21.64160      24.16396
      21.65170      24.16290
      21.66190      24.16185
      21.67210      24.16080
      21.68220      24.15978
      21.69240      24.15875
      21.70260      24.15774
      21.71270      24.15674
      21.72290      24.15575
      21.73310      24.15476
      21.74320      24.15379
      21.75340      24.15282
      21.76360      24.15186
      21.77370      24.15092
      21.78390      24.14998
      21.79410      24.14905
      21.80420      24.14813
      21.81440      24.14721
      21.82450      24.14631
      21.83470      24.14542
      21.84490      24.14452
      21.85500      24.14365
      21.86520      24.14277
      21.87540      24.14191
      21.88550      24.14106
      21.89570      24.14020
      21.90590      24.13936
      21.91600      24.13853
      21.92620      24.13770
      21.93640      24.13688
      21.94650      24.13607
      21.95670      24.13527
      21.96680      24.13447
      21.97700      24.13368
      21.98720      24.13289
      21.99730      24.13212
      22.00750      24.13135
      22.01770      24.13058
      22.02780      24.12983
      22.03800      24.12908
      22.04820      24.12833
      22.05830      24.12760
      22.06850      24.12687
      22.07870      24.12614
      22.08880      24.12543
      22.09900      24.12471
      22.10920      24.12400
      22.11930      24.12330
      22.12950      24.12261
      22.13960      24.12192
      22.14980      24.12124
      22.16000      24.12056
      22.17010      24.11989
      22.18030      24.11922
      22.19050      24.11856
      22.20060      24.11791
      22.21080      24.11726
      22.22100      24.11661
      22.23110      24.11597
      22.24130      24.11534
      22.25150      24.11471
      22.26160      24.11409
      22.27180      24.11347
      22.28190      24.11286
      22.29210      24.11225
      22.30230      24.11164
      22.31240      24.11104
      22.32260      24.11045
      22.33280      24.10986
      22.34290      24.10927
      22.35310      24.10869
      22.36330      24.10811
      22.37340      24.10755
      22.38360      24.10698
      22.39380      24.10641
      22.40390      24.10586
      22.41410      24.10530
      22.42430      24.10475
      22.43440      24.10421
      22.44460      24.10367
      22.45470      24.10314
      22.46490      24.10260
      22.47510      24.10207
      22.48520      24.10155
      22.49540      24.10103
      22.50560      24.10051
      22.51570      24.10000
      22.52590      24.09949
      22.53610      24.09899
      22.54620      24.09849
      22.55640      24.09799
      22.56660      24.09750
      22.57670      24.09701
      22.58690      24.09652
      22.59700      24.09604
      22.60720      24.09556
      22.61740      24.09509
      22.62750      24.09462
      22.63770      24.09415
      22.64790      24.09368
      22.65800      24.09322
      22.66820      24.09276
      22.67840      24.09231
      22.68850      24.09186
      22.69870      24.09141
      22.70890      24.09096
      22.71900      24.09052
      22.72920      24.09009
      22.73940      24.08965
      22.74950      24.08922
      22.75970      24.08879
      22.76980      24.08837
      22.78000      24.08794
      22.79020      24.08752
      22.80030      24.08711
      22.81050      24.08669
      22.82070      24.08628
      22.83080      24.08587
      22.84100      24.08547
      22.85120      24.08507
      22.86130      24.08467
      22.87150      24.08427
      22.88170      24.08388
      22.89180      24.08349
      22.90200      24.08310
      22.91210      24.08271
      22.92230      24.08233
      22.93250      24.08195
      22.94260      24.08157
      22.95280      24.08120
      22.96300      24.08082
      22.97310      24.08045
      22.98330      24.08009
      22.99350      24.07972
      23.00360      24.07936
      23.01380      24.07900
      23.02400      24.07864
      23.03410      24.07829
      23.04430      24.07793
      23.05450      24.07758
      23.06460      24.07724
      23.07480      24.07689
      23.08490      24.07655
      23.09510      24.07620
      23.10530      24.07586
      23.11540      24.07553
      23.12560      24.07520
      23.13580      24.07486
      23.14590      24.07453
      23.15610      24.07421
      23.16630      24.07388
      23.17640      24.07356
      23.18660      24.07323
      23.19680      24.07291
      23.20690      24.07260
      23.21710      24.07228
      23.22720      24.07197
      23.23740      24.07166
      23.24760      24.07135
      23.25770      24.07104
      23.26790      24.07074
      23.27810      24.07043
      23.28820      24.07013
      23.29840      24.06983
      23.30860      24.06953
      23.31870      24.06924
      23.32890      24.06895
      23.33910      24.06866
      23.34920      24.06837
      23.35940      24.06808
      23.36950      24.06779
      23.37970      24.06751
      23.38990      24.06722
      23.40000      24.06694
      23.41020      24.06666
      23.42040      24.06639
      23.43050      24.06611
      23.44070      24.06584
      23.45090      24.06556
      23.46100      24.06529
      23.47120      24.06502
      23.48140      24.06476
      23.49150      24.06449
      23.50170      24.06423
      23.51190      24.06396
      23.52200      24.06371
      23.53220      24.06344
      23.54230      24.06319
      23.55250      24.06293
      23.56270      24.06268
      23.57280      24.06242
      23.58300      24.06217
      23.59320      24.06192
      23.60330      24.06167
      23.61350      24.06143
      23.62370      24.06118
      23.63380      24.06094
      23.64400      24.06069
      23.65420      24.06045
      23.66430      24.06021
      23.67450      24.05997
      23.68460      24.05974
      23.69480      24.05950
      23.70500      24.05927
      23.71510      24.05904
      23.72530      24.05881
      23.73550      24.05857
      23.74560      24.05835
      23.75580      24.05812
      23.76600      24.05789
      23.77610      24.05767
      23.78630      24.05744
      23.79650      24.05722
      23.80660      24.05700
      23.81680      24.05678
      23.82700      24.05656
      23.83710      24.05635
      23.84730      24.05613
      23.85740      24.05592
      23.86760      24.05570
      23.87780      24.05549
      23.88790      24.05528
      23.89810      24.05507
      23.90830      24.05486
      23.91840      24.05466
      23.92860      24.05445
      23.93880      24.05424
      23.94890      24.05404
      23.95910      24.05384
      23.96930      24.05363
      23.97940      24.05343
      23.98960      24.05323
      23.99970      24.05304
      24.00990      24.05284
      24.02010      24.05264
      24.03020      24.05245
      24.04040      24.05226
      24.05060      24.05206
      24.06070      24.05187
      24.07090      24.05168
      24.08110      24.05149
      24.09120      24.05130
      24.10140      24.05111
      24.11160      24.05093
      24.12170      24.05074
      24.13190      24.05056
      24.14210      24.05037
      24.15220      24.05019
      24.16240      24.05001
      24.17250      24.04983
      24.18270      24.04965
      24.19290      24.04947
      24.20300      24.04929
      24.21320      24.04912
      24.22340      24.04894
      24.23350      24.04877
      24.24370      24.04859
      24.25390      24.04842
      24.26400      24.04825
      24.27420      24.04808
      24.28440      24.04790
      24.29450      24.04774
      24.30470      24.04757
      24.31480      24.04740
      24.32500      24.04723
      24.33520      24.04707
      24.34530      24.04690
      24.35550      24.04674
      24.36570      24.04658
      24.37580      24.04642
      24.38600      24.04625
      24.39620      24.04609
      24.40630      24.04593
      24.41650      24.04577
      24.42670      24.04561
      24.43680      24.04546
      24.44700      24.04530
      24.45720      24.04515
      24.46730      24.04499
      24.47750      24.04484
      24.48760      24.04468
      24.49780      24.04453
      24.50800      24.04438
      24.51810      24.04423
      24.52830      24.04408
      24.53850      24.04393
      24.54860      24.04378
      24.55880      24.04363
      24.56900      24.04348
      24.57910      24.04334
      24.58930      24.04319
      24.59950      24.04305
      24.60960      24.04290
      24.61980      24.04276
      24.62990      24.04262
      24.64010      24.04247
      24.65030      24.04233
      24.66040      24.04219
      24.67060      24.04205
      24.68080      24.04191
      24.69090      24.04177
      24.70110      24.04164
      24.71130      24.04150
      24.72140      24.04136
      24.73160      24.04123
      24.74180      24.04109
      24.75190      24.04096
      24.76210      24.04082
      24.77230      24.04069
      24.78240      24.04056
      24.79260      24.04042
      24.80270      24.04029
      24.81290      24.04016
      24.82310      24.04003
      24.83320      24.03990
      24.84340      24.03977
      24.85360      24.03965
      24.86370      24.03952
      24.87390      24.03939
      24.88410      24.03926
      24.89420      24.03914
      24.90440      24.03901
      24.91460      24.03889
      24.92470      24.03877
      24.93490      24.03864
      24.94500      24.03852
      24.95520      24.03840
      24.96540      24.03828
      24.97550      24.03816
      24.98570      24.03803
      24.99590      24.03791
      25.00600      24.03780
      25.01620      24.03768
      25.02640      24.03756
      25.03650      24.03744
      25.04670      24.03732
      25.05690      24.03721
      25.06700      24.03709
      25.07720      24.03698
      25.08740      24.03686
      25.09750      24.03675
      25.10770      24.03663
      25.11780      24.03652
      25.12800      24.03641
      25.13820      24.03629
      25.14830      24.03618
      25.15850      24.03607
      25.16870      24.03596
      25.17880      24.03585
      25.18900      24.03574
      25.19920      24.03563
      25.20930      24.03552
      25.21950      24.03541
      25.22970      24.03531
      25.23980      24.03520
      25.25000      24.03509
      25.26010      24.03499
      25.27030      24.03488
      25.28050      24.03477
      25.29060      24.03467
      25.30080      24.03457
      25.31100      24.03446
      25.32110      24.03436
      25.33130      24.03426
      25.34150      24.03415
      25.35160      24.03405
      25.36180      24.03395
      25.37200      24.03385
      25.38210      24.03375
      25.39230      24.03365
      25.40240      24.03355
      25.41260      24.03345
      25.42280      24.03335
      25.43290      24.03325
      25.44310      24.03315
      25.45330      24.03306
      25.46340      24.03296
      25.47360      24.03286
      25.48380      24.03276
      25.49390      24.03267
      25.50410      24.03257
      25.51430      24.03248
      25.52440      24.03238
      25.53460      24.03229
      25.54480      24.03220
      25.55490      24.03210
      25.56510      24.03201
      25.57520      24.03192
      25.58540      24.03183
      25.59560      24.03173
      25.60570      24.03164
      25.61590      24.03155
      25.62610      24.03146
      25.63620      24.03137
      25.64640      24.03128
      25.65660      24.03119
      25.66670      24.03110
      25.67690      24.03101
      25.68710      24.03092
      25.69720      24.03084
      25.70740      24.03075
      25.71750      24.03066
      25.72770      24.03057
      25.73790      24.03049
      25.74800      24.03040
      25.75820      24.03032
      25.76840      24.03023
      25.77850      24.03015
      25.78870      24.03006
      25.79890      24.02998
      25.80900      24.02989
      25.81920      24.02981
      25.82940      24.02973
      25.83950      24.02964
      25.84970      24.02956
      25.85990      24.02948
      25.87000      24.02940
      25.88020      24.02932
      25.89030      24.02923
      25.90050      24.02915
      25.91070      24.02907
      25.92080      24.02899
      25.93100      24.02891
      25.94120      24.02883
      25.95130      24.02876
      25.96150      24.02868
      25.97170      24.02860
      25.98180      24.02852
      25.99200      24.02844
      26.00220      24.02836
      26.01230      24.02829
      26.02250      24.02821
      26.03260      24.02813
      26.04280      24.02806
      26.05300      24.02798
      26.06310      24.02790
      26.07330      24.02783
      26.08350      24.02775
      26.09360      24.02768
      26.10380      24.02761
      26.11400      24.02753
      26.12410      24.02746
      26.13430      24.02738
      26.14450      24.02731
      26.15460      24.02724
      26.16480      24.02716
      26.17500      24.02709
      26.18510      24.02702
      26.19530      24.02695
      26.20540      24.02688
      26.21560      24.02680
      26.22580      24.02673
      26.23590      24.02666
      26.24610      24.02659
      26.25630      24.02652
      26.26640      24.02645
      26.27660      24.02638
      26.28680      24.02631
      26.29690      24.02625
      26.30710      24.02617
      26.31730      24.02611
      26.32740      24.02604
      26.33760      24.02597
      26.34770      24.02590
      26.35790      24.02584
      26.36810      24.02577
      26.37820      24.02570
      26.38840      24.02563
      26.39860      24.02557
      26.40870      24.02550
      26.41890      24.02544
      26.42910      24.02537
      26.43920      24.02530
      26.44940      24.02524
      26.45960      24.02518
      26.46970      24.02511
      26.47990      24.02505
      26.49010      24.02498
      26.50020      24.02492
      26.51040      24.02485
      26.52050      24.02479
      26.53070      24.02473
      26.54090      24.02467
      26.55100      24.02460
      26.56120      24.02454
      26.57140      24.02448
      26.58150      24.02442
      26.59170      24.02435
      26.60190      24.02429
      26.61200      24.02423
      26.62220      24.02417
      26.63240      24.02411
      26.64250      24.02405
      26.65270      24.02399
      26.66280      24.02393
      26.67300      24.02387
      26.68320      24.02381
      26.69330      24.02375
      26.70350      24.02369
      26.71370      24.02363
      26.72380      24.02357
      26.73400      24.02351
      26.74420      24.02345
      26.75430      24.02340
      26.76450      24.02334
      26.77470      24.02328
      26.78480      24.02322
      26.79500      24.02317
      26.80520      24.02311
      26.81530      24.02305
      26.82550      24.02300
      26.83560      24.02294
      26.84580      24.02288
      26.85600      24.02283
      26.86610      24.02277
      26.87630      24.02272
      26.88650      24.02266
      26.89660      24.02261
      26.90680      24.02255
      26.91700      24.02250
      26.92710      24.02244
      26.93730      24.02239
      26.94750      24.02233
      26.95760      24.02228
      26.96780      24.02222
      26.97790      24.02217
      26.98810      24.02212
      26.99830      24.02206
      27.00840      24.02201
      27.01860      24.02196
      27.02880      24.02191
      27.03890      24.02185
      27.04910      24.02180
      27.05930      24.02175
      27.06940      24.02170
      27.07960      24.02164
      27.08980      24.02159
      27.09990      24.02154
      27.11010      24.02149
      27.12020      24.02144
      27.13040      24.02139
      27.14060      24.02134
      27.15070      24.02129
      27.16090      24.02124
      27.17110      24.02119
      27.18120      24.02114
      27.19140      24.02109
      27.20160      24.02104
      27.21170      24.02099
      27.22190      24.02094
      27.23210      24.02089
      27.24220      24.02084
      27.25240      24.02079
      27.26260      24.02074
      27.27270      24.02070
      27.28290      24.02065
      27.29300      24.02060
      27.30320      24.02055
      27.31340      24.02050
      27.32350      24.02046
      27.33370      24.02041
      27.34390      24.02036
      27.35400      24.02032
      27.36420      24.02027
      27.37440      24.02022
      27.38450      24.02018
      27.39470      24.02013
      27.40490      24.02008
      27.41500      24.02004
      27.42520      24.01999
      27.43530      24.01995
      27.44550      24.01990
      27.45570      24.01985
      27.46580      24.01981
      27.47600      24.01976
      27.48620      24.01972
      27.49630      24.01967
      27.50650      24.01963
      27.51670      24.01958
      27.52680      24.01954
      27.53700      24.01950
      27.54720      24.01945
      27.55730      24.01941
      27.56750      24.01936
      27.57770      24.01932
      27.58780      24.01928
      27.59800      24.01923
      27.60810      24.01919
      27.61830      24.01915
      27.62850      24.01910
      27.63860      24.01906
      27.64880      24.01902
      27.65900      24.01898
      27.66910      24.01893
      27.67930      24.01889
      27.68950      24.01885
      27.69960      24.01881
      27.70980      24.01877
      27.72000      24.01872
      27.73010      24.01868
      27.74030      24.01864
      27.75040      24.01860
      27.76060      24.01856
      27.77080      24.01852
      27.78090      24.01848
      27.79110      24.01844
      27.80130      24.01840
      27.81140      24.01836
      27.82160      24.01832
      27.83180      24.01828
      27.84190      24.01824
      27.85210      24.01820
      27.86230      24.01816
      27.87240      24.01812
      27.88260      24.01808
      27.89280      24.01804
      27.90290      24.01800
      27.91310      24.01796
      27.92320      24.01792
      27.93340      24.01788
      27.94360      24.01784
      27.95370      24.01781
      27.96390      24.01777
      27.97410      24.01773
      27.98420      24.01769
      27.99440      24.01765
      28.00460      24.01761
      28.01470      24.01758
      28.02490      24.01754
      28.03510      24.01750
      28.04520      24.01746
      28.05540      24.01743
      28.06550      24.01739
      28.07570      24.01735
      28.08590      24.01731
      28.09600      24.01728
      28.10620      24.01724
      28.11640      24.01720
      28.12650      24.01717
      28.13670      24.01713
      28.14690      24.01709
      28.15700      24.01706
      28.16720      24.01702
      28.17740      24.01698
      28.18750      24.01695
      28.19770      24.01691
      28.20790      24.01688
      28.21800      24.01684
      28.22820      24.01681
      28.23830      24.01677
      28.24850      24.01674
      28.25870      24.01670
      28.26880      24.01667
      28.27900      24.01663
      28.28920      24.01660
      28.29930      24.01656
      28.30950      24.01653
      28.31970      24.01649
      28.32980      24.01646
      28.34000      24.01643
      28.35020      24.01639
      28.36030      24.01636
      28.37050      24.01632
      28.38060      24.01629
      28.39080      24.01626
      28.40100      24.01622
      28.41110      24.01619
      28.42130      24.01616
      28.43150      24.01612
      28.44160      24.01609
      28.45180      24.01606
      28.46200      24.01602
      28.47210      24.01599
      28.48230      24.01596
      28.49250      24.01592
      28.50260      24.01589
      28.51280      24.01586
      28.52300      24.01583
      28.53310      24.01579
      28.54330      24.01576
      28.55340      24.01573
      28.56360      24.01570
      28.57380      24.01567
      28.58390      24.01564
      28.59410      24.01560
      28.60430      24.01557
      28.61440      24.01554
      28.62460      24.01551
      28.63480      24.01548
      28.64490      24.01545
      28.65510      24.01542
      28.66530      24.01538
      28.67540      24.01535
      28.68560      24.01532
      28.69570      24.01529
      28.70590      24.01526
      28.71610      24.01523
      28.72620      24.01520
      28.73640      24.01517
      28.74660      24.01514
      28.75670      24.01511
      28.76690      24.01508
      28.77710      24.01505
      28.78720      24.01502
      28.79740      24.01499
      28.80760      24.01496
      28.81770      24.01493
      28.82790      24.01490
      28.83810      24.01487
      28.84820      24.01484
      28.85840      24.01481
      28.86850      24.01478
      28.87870      24.01476
      28.88890      24.01473
      28.89900      24.01470
      28.90920      24.01467
      28.91940      24.01464
      28.92950      24.01461
      28.93970      24.01458
      28.94990      24.01455
      28.96000      24.01452
      28.97020      24.01450
      28.98040      24.01447
      28.99050      24.01444
      29.00070      24.01441
      29.01080      24.01439
      29.02100      24.01436
      29.03120      24.01433
      29.04130      24.01430
      29.05150      24.01427
      29.06170      24.01425
      29.07180      24.01422
      29.08200      24.01419
      29.09220      24.01416
      29.10230      24.01414
      29.11250      24.01411
      29.12270      24.01408
      29.13280      24.01405
      29.14300      24.01403
      29.15310      24.01400
      29.16330      24.01397
      29.17350      24.01395
      29.18360      24.01392
      29.19380      24.01389
      29.20400      24.01387
      29.21410      24.01384
      29.22430      24.01381
      29.23450      24.01379
      29.24460      24.01376
      29.25480      24.01373
      29.26500      24.01371
      29.27510      24.01368
      29.28530      24.01366
      29.29550      24.01363
      29.30560      24.01361
      29.31580      24.01358
      29.32590      24.01355
      29.33610      24.01353
      29.34630      24.01350
      29.35640      24.01348
      29.36660      24.01345
      29.37680      24.01343
      29.38690      24.01340
      29.39710      24.01338
      29.40730      24.01335
      29.41740      24.01333
      29.42760      24.01330
      29.43780      24.01328
      29.44790      24.01325
      29.45810      24.01323
      29.46820      24.01320
      29.47840      24.01318
      29.48860      24.01315
      29.49870      24.01313
      29.50890      24.01311
      29.51910      24.01308
      29.52920      24.01306
      29.53940      24.01303
      29.54960      24.01301
      29.55970      24.01298
      29.56990      24.01296
      29.58010      24.01294
      29.59020      24.01291
      29.60040      24.01289
      29.61060      24.01287
      29.62070      24.00000
      29.63090      24.00000
      29.64100      24.00000
      29.65120      24.00000
      29.66140      24.00000
      29.67150      24.00000
      29.68170      24.00000
      29.69190      24.00000
      29.70200      24.00000
      29.71220      24.00000
      29.72240      24.00000
      29.73250      24.00000
      29.74270      24.00000
      29.75290      24.00000
      29.76300      24.00000
      29.77320      24.00000
      29.78330      24.00000
      29.79350      24.00000
      29.80370      24.00000
      29.81380      24.00000
      29.82400      24.00000
      29.83420      24.00000
      29.84430      24.00000
      29.85450      24.00000
      29.86470      24.00000
      29.87480      24.00000
      29.88500      24.00000
      29.89520      24.00000
      29.90530      24.00000
      29.91550      24.00000
      29.92570      24.00000
      29.93580      24.00000
      29.94600      24.00000
      29.95610      24.00000
      29.96630      24.00000
      29.97650      24.00000
      29.98660      24.00000
      29.99680      24.00000
      30.00700      24.00000
      30.01710      24.00000
      30.02730      24.00000
      30.03750      24.00000
      30.04760      24.00000
      30.05780      24.00000
      30.06800      24.00000
      30.07810      24.00000
      30.08830      24.00000
      30.09840      24.00000
      30.10860      24.00000
      30.11880      24.00000
      30.12890      24.00000
      30.13910      24.00000
      30.14930      24.00000
      30.15940      24.00000
      30.16960      24.00000
      30.17980      24.00000
      30.18990      24.00000
      30.20010      24.00000
      30.21030      24.00000
      30.22040      24.00000
      30.23060      24.00000
      30.24080      24.00000
      30.25090      24.00000
      30.26110      24.00000
      30.27120      24.00000
      30.28140      24.00000
      30.29160      24.00000
      30.30170      24.00000
      30.31190      24.00000
      30.32210      24.00000
      30.33220      24.00000
      30.34240      24.00000
      30.35260      24.00000
      30.36270      24.00000
      30.37290      24.00000
      30.38310      24.00000
      30.39320      24.00000
      30.40340      24.00000
      30.41350      24.00000
      30.42370      24.00000
      30.43390      24.00000
      30.44400      24.00000
      30.45420      24.00000
      30.46440      24.00000
      30.47450      24.00000
      30.48470      24.00000
      30.49490      24.00000
      30.50500      24.00000
      30.51520      24.00000
      30.52540      24.00000
      30.53550      24.00000
      30.54570      24.00000
      30.55590      24.00000
      30.56600      24.00000
      30.57620      24.00000
      30.58630      24.00000
      30.59650      24.00000
      30.60670      24.00000
      30.61680      24.00000
      30.62700      24.00000
      30.63720      24.00000
      30.64730      24.00000
      30.65750      24.00000
      30.66770      24.00000
      30.67780      24.00000
      30.68800      24.00000
      30.69820      24.00000
      30.70830      24.00000
      30.71850      24.00000
      30.72860      24.00000
      30.73880      24.00000
      30.74900      24.00000
      30.75910      24.00000
      30.76930      24.00000
      30.77950      24.00000
      30.78960      24.00000
      30.79980      24.00000
      30.81000      24.00000
      30.82010      24.00000
      30.83030      24.00000
      30.84050      24.00000
      30.85060      24.00000
      30.86080      24.00000
      30.87100      24.00000
      30.88110      24.00000
      30.89130      24.00000
      30.90140      24.00000
      30.91160      24.00000
      30.92180      24.00000
      30.93190      24.00000
      30.94210      24.00000
      30.95230      24.00000
      30.96240      24.00000
      30.97260      24.00000
      30.98280      24.00000
      30.99290      24.00000
      31.00310      24.00000
      31.01330      24.00000
      31.02340      24.00000
      31.03360      24.00000
      31.04370      24.00000
      31.05390      24.00000
      31.06410      24.00000
      31.07420      24.00000
      31.08440      24.00000
      31.09460      24.00000
      31.10470      24.00000
      31.11490      24.00000
      31.12510      24.00000
      31.13520      24.00000
      31.14540      24.00000
      31.15560      24.00000
      31.16570      24.00000
      31.17590      24.00000
      31.18600      24.00000
      31.19620      24.00000
      31.20640      24.00000
      31.21650      24.00000
      31.22670      24.00000
      31.23690      24.00000
      31.24700      24.00000
      31.25720      24.00000
      31.26740      24.00000
      31.27750      24.00000
      31.28770      24.00000
      31.29790      24.00000
      31.30800      24.00000
      31.31820      24.00000
      31.32840      24.00000
      31.33850      24.00000
      31.34870      24.00000
      31.35880      24.00000
      31.36900      24.00000
      31.37920      24.00000
      31.38930      24.00000
      31.39950      24.00000
      31.40970      24.00000
      31.41980      24.00000
      31.43000      24.00000
      31.44020      24.00000
      31.45030      24.00000
      31.46050      24.00000
      31.47070      24.00000
      31.48080      24.00000
      31.49100      24.00000
      31.50110      24.00000
      31.51130      24.00000
      31.52150      24.00000
      31.53160      24.00000
      31.54180      24.00000
      31.55200      24.00000
      31.56210      24.00000
      31.57230      24.00000
      31.58250      24.00000
      31.59260      24.00000
      31.60280      24.00000
      31.61300      24.00000
      31.62310      24.00000
      31.63330      24.00000
      31.64350      24.00000
      31.65360      24.00000
      31.66380      24.00000
      31.67390      24.00000
      31.68410      24.00000
      31.69430      24.00000
      31.70440      24.00000
      31.71460      24.00000
      31.72480      24.00000
      31.73490      24.00000
      31.74510      24.00000
      31.75530      24.00000
      31.76540      24.00000
      31.77560      24.00000
      31.78580      24.00000
      31.79590      24.00000
      31.80610      24.00000
      31.81620      24.00000
      31.82640      24.00000
      31.83660      24.00000
      31.84670      24.00000
      31.85690      24.00000
      31.86710      24.00000
      31.87720      24.00000
      31.88740      24.00000
      31.89760      24.00000
      31.90770      24.00000
      31.91790      24.00000
      31.92810      24.00000
      31.93820      24.00000
      31.94840      24.00000
      31.95860      24.00000
      31.96870      24.00000
      31.97890      24.00000
      31.98900      24.00000
      31.99920      24.00000
      32.00940      24.00000
      32.01950      24.00000
      32.02970      24.00000
      32.03990      24.00000
      32.05000      24.00000
      32.06020      24.00000
      32.07040      24.00000
      32.08050      24.00000
      32.09070      24.00000
      32.10090      24.00000
      32.11100      24.00000
      32.12120      24.00000
      32.13130      24.00000
      32.14150      24.00000
      32.15170      24.00000
      32.16180      24.00000
      32.17200      24.00000
      32.18220      24.00000
      32.19230      24.00000
      32.20250      24.00000
      32.21270      24.00000
      32.22280      24.00000
      32.23300      24.00000
      32.24320      24.00000
      32.25330      24.00000
      32.26350      24.00000
      32.27370      24.00000
      32.28380      24.00000
      32.29400      24.00000
      32.30410      24.00000
      32.31430      24.00000
      32.32450      24.00000
      32.33460      24.00000
      32.34480      24.00000
      32.35500      24.00000
      32.36510      24.00000
      32.37530      24.00000
      32.38550      24.00000
      32.39560      24.00000
      32.40580      24.00000
      32.41600      24.00000
      32.42610      24.00000
      32.43630      24.00000
      32.44640      24.00000
      32.45660      24.00000
      32.46680      24.00000
      32.47690      24.00000
      32.48710      24.00000
      32.49730      24.00000
      32.50740      24.00000
      32.51760      24.00000
      32.52780      24.00000
      32.53790      24.00000
      32.54810      24.00000
      32.55830      24.00000
      32.56840      24.00000
      32.57860      24.00000
      32.58880      24.00000
      32.59890      24.00000
      32.60910      24.00000
      32.61920      24.00000
      32.62940      24.00000
      32.63960      24.00000
      32.64970      24.00000
      32.65990      24.00000
      32.67010      24.00000
      32.68020      24.00000
      32.69040      24.00000
      32.70060      24.00000
      32.71070      24.00000
      32.72090      24.00000
      32.73110      24.00000
      32.74120      24.00000
      32.75140      24.00000
      32.76150      24.00000
      32.77170      24.00000
      32.78190      24.00000
      32.79200      24.00000
      32.80220      24.00000
      32.81240      24.00000
      32.82250      24.00000
      32.83270      24.00000
      32.84290      24.00000
      32.85300      24.00000
      32.86320      24.00000
      32.87340      24.00000
      32.88350      24.00000
      32.89370      24.00000
      32.90390      24.00000
      32.91400      24.00000
      32.92420      24.00000
      32.93430      24.00000
      32.94450      24.00000
      32.95470      24.00000
      32.96480      24.00000
      32.97500      24.00000
      32.98520      24.00000
      32.99530      24.00000
      33.00550      24.00000
      33.01570      24.00000
      33.02580      24.00000
      33.03600      24.00000
      33.04620      24.00000
      33.05630      24.00000
      33.06650      24.00000
      33.07660      24.00000
      33.08680      24.00000
      33.09700      24.00000
      33.10710      24.00000
      33.11730      24.00000
      33.12750      24.00000
      33.13760      24.00000
      33.14780      24.00000
      33.15800      24.00000
      33.16810      24.00000
      33.17830      24.00000
      33.18850      24.00000
      33.19860      24.00000
      33.20880      24.00000
      33.21890      24.00000
      33.22910      24.00000
      33.23930      24.00000
      33.24940      24.00000
      33.25960      24.00000
      33.26980      24.00000
      33.27990      24.00000
      33.29010      24.00000
      33.30030      24.00000
      33.31040      24.00000
      33.32060      24.00000
      33.33080      24.00000
      33.34090      24.00000
      33.35110      24.00000
      33.36130      24.00000
      33.37140      24.00000
      33.38160      24.00000
      33.39170      24.00000
      33.40190      24.00000
      33.41210      24.00000
      33.42220      24.00000
      33.43240      24.00000
      33.44260      24.00000
      33.45270      24.00000
      33.46290      24.00000
      33.47310      24.00000
      33.48320      24.00000
      33.49340      24.00000
      33.50360      24.00000
      33.51370      24.00000
      33.52390      24.00000
      33.53400      24.00000
      33.54420      24.00000
      33.55440      24.00000
      33.56450      24.00000
      33.57470      24.00000
      33.58490      24.00000
      33.59500      24.00000
      33.60520      24.00000
      33.61540      24.00000
      33.62550      24.00000
      33.63570      24.00000
      33.64590      24.00000
      33.65600      24.00000
      33.66620      24.00000
      33.67640      24.00000
      33.68650      24.00000
      33.69670      24.00000
      33.70680      24.00000
      33.71700      24.00000
      33.72720      24.00000
      33.73730      24.00000
      33.74750      24.00000
      33.75770      24.00000
      33.76780      24.00000
      33.77800      24.00000
      33.78820      24.00000
      33.79830      24.00000
      33.80850      24.00000
      33.81870      24.00000
      33.82880      24.00000
      33.83900      24.00000
      33.84910      24.00000
      33.85930      24.00000
      33.86950      24.00000
      33.87960      24.00000
      33.88980      24.00000
      33.90000      24.00000
      33.91010      24.00000
      33.92030      24.00000
      33.93050      24.00000
      33.94060      24.00000
      33.95080      24.00000
      33.96100      24.00000
      33.97110      24.00000
      33.98130      24.00000
      33.99150      24.00000
      34.00160      24.00000
      34.01180      24.00000
      34.02190      24.00000
      34.03210      24.00000
      34.04230      24.00000
      34.05240      24.00000
      34.06260      24.00000
      34.07280      24.00000
      34.08290      24.00000
      34.09310      24.00000
      34.10330      24.00000
      34.11340      24.00000
      34.12360      24.00000
      34.13380      24.00000
      34.14390      24.00000
      34.15410      24.00000
      34.16420      24.00000
      34.17440      24.00000
      34.18460      24.00000
      34.19470      24.00000
      34.20490      24.00000
      34.21510      24.00000
      34.22520      24.00000
      34.23540      24.00000
      34.24560      24.00000
      34.25570      24.00000
      34.26590      24.00000
      34.27610      24.00000
      34.28620      24.00000
      34.29640      24.00000
      34.30660      24.00000
      34.31670      24.00000
      34.32690      24.00000
      34.33700      24.00000
      34.34720      24.00000
      34.35740      24.00000
      34.36750      24.00000
      34.37770      24.00000
      34.38790      24.00000
      34.39800      24.00000
      34.40820      24.00000
      34.41840      24.00000
      34.42850      24.00000
      34.43870      24.00000
      34.44890      24.00000
      34.45900      24.00000
      34.46920      24.00000
      34.47930      24.00000
      34.48950      24.00000
      34.49970      24.00000
      34.50980      24.00000
      34.52000      24.00000
      34.53020      24.00000
      34.54030      24.00000
      34.55050      24.00000
      34.56070      24.00000
      34.57080      24.00000
      34.58100      24.00000
      34.59120      24.00000
      34.60130      24.00000
      34.61150      24.00000
      34.62170      24.00000
      34.63180      24.00000
      34.64200      24.00000
      34.65210      24.00000
      34.66230      24.00000
      34.67250      24.00000
      34.68260      24.00000
      34.69280      24.00000
      34.70300      24.00000
      34.71310      24.00000
      34.72330      24.00000
      34.73350      24.00000
      34.74360      24.00000
      34.75380      24.00000
      34.76400      24.00000
      34.77410      24.00000
      34.78430      24.00000
      34.79440      24.00000
      34.80460      24.00000
      34.81480      24.00000
      34.82490      24.00000
      34.83510      24.00000
      34.84530      24.00000
      34.85540      24.00000
      34.86560      24.00000
      34.87580      24.00000
      34.88590      24.00000
      34.89610      24.00000
      34.90630      24.00000
      34.91640      24.00000
      34.92660      24.00000
      34.93670      24.00000
      34.94690      24.00000
      34.95710      24.00000
      34.96720      24.00000
      34.97740      24.00000
      34.98760      24.00000
      34.99770      24.00000
      35.00790      24.00000
      35.01810      24.00000
      35.02820      24.00000
      35.03840      24.00000
      35.04860      24.00000
      35.05870      24.00000
      35.06890      24.00000
      35.07910      24.00000
      35.08920      24.00000
      35.09940      24.00000
      35.10950      24.00000
      35.11970      24.00000
      35.12990      24.00000
      35.14000      24.00000
      35.15020      24.00000
      35.16040      24.00000
      35.17050      24.00000
      35.18070      24.00000
      35.19090      24.00000
      35.20100      24.00000
      35.21120      24.00000
      35.22140      24.00000
      35.23150      24.00000
      35.24170      24.00000
      35.25180      24.00000
      35.26200      24.00000
      35.27220      24.00000
      35.28230      24.00000
      35.29250      24.00000
      35.30270      24.00000
      35.31280      24.00000
      35.32300      24.00000
      35.33320      24.00000
      35.34330      24.00000
      35.35350      24.00000
      35.36370      24.00000
      35.37380      24.00000
      35.38400      24.00000
      35.39420      24.00000
      35.40430      24.00000
      35.41450      24.00000
      35.42460      24.00000
      35.43480      24.00000
      35.44500      24.00000
      35.45510      24.00000
      35.46530      24.00000
      35.47550      24.00000
      35.48560      24.00000
      35.49580      24.00000
      35.50600      24.00000
      35.51610      24.00000
      35.52630      24.00000
      35.53650      24.00000
      35.54660      24.00000
      35.55680      24.00000
      35.56690      24.00000
      35.57710      24.00000
      35.58730      24.00000
      35.59740      24.00000
      35.60760      24.00000
      35.61780      24.00000
      35.62790      24.00000
      35.63810      24.00000
      35.64830      24.00000
      35.65840      24.00000
      35.66860      24.00000
      35.67880      24.00000
      35.68890      24.00000
      35.69910      24.00000
      35.70930      24.00000
      35.71940      24.00000
      35.72960      24.00000
      35.73970      24.00000
      35.74990      24.00000
      35.76010      24.00000
      35.77020      24.00000
      35.78040      24.00000
      35.79060      24.00000
      35.80070      24.00000
      35.81090      24.00000
      35.82110      24.00000
      35.83120      24.00000
      35.84140      24.00000
      35.85160      24.00000
      35.86170      24.00000
      35.87190      24.00000
      35.88200      24.00000
      35.89220      24.00000
      35.90240      24.00000
      35.91250      24.00000
      35.92270      24.00000
      35.93290      24.00000
      35.94300      24.00000
      35.95320      24.00000
      35.96340      24.00000
      35.97350      24.00000
      35.98370      24.00000
      35.99390      24.00000
