! TITLE: Yobs                                                                                                                                                                                                                                                            
! Peak:  2
       6.00860      24.01131
       6.01870      24.01133
       6.02890      24.01134
       6.03910      24.01136
       6.04920      24.01138
       6.05940      24.01139
       6.06960      24.01141
       6.07970      24.01143
       6.08990      24.01144
       6.10010      24.01146
       6.11020      24.01147
       6.12040      24.01149
       6.13060      24.01151
       6.14070      24.01152
       6.15090      24.01154
       6.16110      24.01156
       6.17120      24.01157
       6.18140      24.01159
       6.19150      24.01161
       6.20170      24.01163
       6.21190      24.01164
       6.22200      24.01166
       6.23220      24.01167
       6.24240      24.01169
       6.25250      24.01171
       6.26270      24.01173
       6.27290      24.01174
       6.28300      24.01176
       6.29320      24.01178
       6.30340      24.01179
       6.31350      24.01181
       6.32370      24.01183
       6.33380      24.01184
       6.34400      24.01186
       6.35420      24.01188
       6.36430      24.01190
       6.37450      24.01192
       6.38470      24.01193
       6.39480      24.01195
       6.40500      24.01197
       6.41520      24.01198
       6.42530      24.01200
       6.43550      24.01202
       6.44570      24.01204
       6.45580      24.01205
       6.46600      24.01207
       6.47620      24.01209
       6.48630      24.01211
       6.49650      24.01213
       6.50660      24.01214
       6.51680      24.01216
       6.52700      24.01218
       6.53710      24.01220
       6.54730      24.01222
       6.55750      24.01223
       6.56760      24.01225
       6.57780      24.01227
       6.58800      24.01229
       6.59810      24.01231
       6.60830      24.01233
       6.61850      24.01234
       6.62860      24.01236
       6.63880      24.01238
       6.64890      24.01240
       6.65910      24.01242
       6.66930      24.01244
       6.67940      24.01245
       6.68960      24.01247
       6.69980      24.01249
       6.70990      24.01251
       6.72010      24.01253
       6.73030      24.01255
       6.74040      24.01257
       6.75060      24.01258
       6.76080      24.01260
       6.77090      24.01262
       6.78110      24.01264
       6.79130      24.01266
       6.80140      24.01268
       6.81160      24.01270
       6.82170      24.01272
       6.83190      24.01274
       6.84210      24.01276
       6.85220      24.01278
       6.86240      24.01279
       6.87260      24.01281
       6.88270      24.01283
       6.89290      24.01285
       6.90310      24.01287
       6.91320      24.01289
       6.92340      24.01291
       6.93360      24.01293
       6.94370      24.01295
       6.95390      24.01297
       6.96400      24.01299
       6.97420      24.01301
       6.98440      24.01303
       6.99450      24.01305
       7.00470      24.01307
       7.01490      24.01309
       7.02500      24.01311
       7.03520      24.01313
       7.04540      24.01315
       7.05550      24.01317
       7.06570      24.01319
       7.07590      24.01321
       7.08600      24.01323
       7.09620      24.01325
       7.10640      24.01327
       7.11650      24.01329
       7.12670      24.01331
       7.13680      24.01333
       7.14700      24.01336
       7.15720      24.01337
       7.16730      24.01340
       7.17750      24.01342
       7.18770      24.01344
       7.19780      24.01346
       7.20800      24.01348
       7.21820      24.01350
       7.22830      24.01352
       7.23850      24.01354
       7.24870      24.01356
       7.25880      24.01358
       7.26900      24.01361
       7.27910      24.01363
       7.28930      24.01365
       7.29950      24.01367
       7.30960      24.01369
       7.31980      24.01371
       7.33000      24.01373
       7.34010      24.01376
       7.35030      24.01378
       7.36050      24.01380
       7.37060      24.01382
       7.38080      24.01384
       7.39100      24.01386
       7.40110      24.01389
       7.41130      24.01391
       7.42150      24.01393
       7.43160      24.01395
       7.44180      24.01397
       7.45190      24.01400
       7.46210      24.01402
       7.47230      24.01404
       7.48240      24.01406
       7.49260      24.01408
       7.50280      24.01411
       7.51290      24.01413
       7.52310      24.01415
       7.53330      24.01417
       7.54340      24.01420
       7.55360      24.01422
       7.56380      24.01424
       7.57390      24.01427
       7.58410      24.01429
       7.59420      24.01431
       7.60440      24.01433
       7.61460      24.01436
       7.62470      24.01438
       7.63490      24.01440
       7.64510      24.01443
       7.65520      24.01445
       7.66540      24.01447
       7.67560      24.01450
       7.68570      24.01452
       7.69590      24.01454
       7.70610      24.01456
       7.71620      24.01459
       7.72640      24.01461
       7.73650      24.01464
       7.74670      24.01466
       7.75690      24.01468
       7.76700      24.01471
       7.77720      24.01473
       7.78740      24.01476
       7.79750      24.01478
       7.80770      24.01480
       7.81790      24.01483
       7.82800      24.01485
       7.83820      24.01488
       7.84840      24.01490
       7.85850      24.01493
       7.86870      24.01495
       7.87890      24.01497
       7.88900      24.01500
       7.89920      24.01502
       7.90930      24.01505
       7.91950      24.01507
       7.92970      24.01510
       7.93980      24.01512
       7.95000      24.01515
       7.96020      24.01517
       7.97030      24.01520
       7.98050      24.01522
       7.99070      24.01525
       8.00080      24.01527
       8.01100      24.01530
       8.02120      24.01532
       8.03130      24.01535
       8.04150      24.01537
       8.05160      24.01540
       8.06180      24.01542
       8.07200      24.01545
       8.08210      24.01547
       8.09230      24.01550
       8.10250      24.01553
       8.11260      24.01555
       8.12280      24.01558
       8.13300      24.01560
       8.14310      24.01563
       8.15330      24.01566
       8.16350      24.01568
       8.17360      24.01571
       8.18380      24.01574
       8.19400      24.01576
       8.20410      24.01579
       8.21430      24.01581
       8.22440      24.01584
       8.23460      24.01587
       8.24480      24.01589
       8.25490      24.01592
       8.26510      24.01595
       8.27530      24.01598
       8.28540      24.01600
       8.29560      24.01603
       8.30580      24.01606
       8.31590      24.01608
       8.32610      24.01611
       8.33630      24.01614
       8.34640      24.01616
       8.35660      24.01619
       8.36670      24.01622
       8.37690      24.01625
       8.38710      24.01628
       8.39720      24.01630
       8.40740      24.01633
       8.41760      24.01636
       8.42770      24.01639
       8.43790      24.01642
       8.44810      24.01644
       8.45820      24.01647
       8.46840      24.01650
       8.47860      24.01653
       8.48870      24.01656
       8.49890      24.01659
       8.50910      24.01661
       8.51920      24.01664
       8.52940      24.01667
       8.53950      24.01670
       8.54970      24.01673
       8.55990      24.01676
       8.57000      24.01679
       8.58020      24.01682
       8.59040      24.01685
       8.60050      24.01687
       8.61070      24.01690
       8.62090      24.01693
       8.63100      24.01696
       8.64120      24.01699
       8.65140      24.01702
       8.66150      24.01705
       8.67170      24.01708
       8.68180      24.01711
       8.69200      24.01714
       8.70220      24.01717
       8.71230      24.01720
       8.72250      24.01723
       8.73270      24.01726
       8.74280      24.01729
       8.75300      24.01732
       8.76320      24.01735
       8.77330      24.01738
       8.78350      24.01741
       8.79370      24.01744
       8.80380      24.01748
       8.81400      24.01751
       8.82420      24.01754
       8.83430      24.01757
       8.84450      24.01760
       8.85460      24.01763
       8.86480      24.01766
       8.87500      24.01769
       8.88510      24.01772
       8.89530      24.01776
       8.90550      24.01779
       8.91560      24.01782
       8.92580      24.01785
       8.93600      24.01788
       8.94610      24.01792
       8.95630      24.01795
       8.96650      24.01798
       8.97660      24.01801
       8.98680      24.01805
       8.99690      24.01808
       9.00710      24.01811
       9.01730      24.01814
       9.02740      24.01818
       9.03760      24.01821
       9.04780      24.01824
       9.05790      24.01827
       9.06810      24.01831
       9.07830      24.01834
       9.08840      24.01837
       9.09860      24.01841
       9.10880      24.01844
       9.11890      24.01847
       9.12910      24.01851
       9.13930      24.01854
       9.14940      24.01857
       9.15960      24.01861
       9.16970      24.01864
       9.17990      24.01867
       9.19010      24.01871
       9.20020      24.01874
       9.21040      24.01878
       9.22060      24.01881
       9.23070      24.01885
       9.24090      24.01888
       9.25110      24.01892
       9.26120      24.01895
       9.27140      24.01899
       9.28160      24.01902
       9.29170      24.01906
       9.30190      24.01909
       9.31200      24.01913
       9.32220      24.01916
       9.33240      24.01920
       9.34250      24.01923
       9.35270      24.01927
       9.36290      24.01930
       9.37300      24.01934
       9.38320      24.01938
       9.39340      24.01941
       9.40350      24.01945
       9.41370      24.01949
       9.42390      24.01952
       9.43400      24.01956
       9.44420      24.01959
       9.45440      24.01963
       9.46450      24.01967
       9.47470      24.01970
       9.48480      24.01974
       9.49500      24.01978
       9.50520      24.01982
       9.51530      24.01985
       9.52550      24.01989
       9.53570      24.01993
       9.54580      24.01997
       9.55600      24.02000
       9.56620      24.02004
       9.57630      24.02008
       9.58650      24.02012
       9.59670      24.02015
       9.60680      24.02019
       9.61700      24.02023
       9.62710      24.02027
       9.63730      24.02031
       9.64750      24.02035
       9.65760      24.02039
       9.66780      24.02043
       9.67800      24.02046
       9.68810      24.02050
       9.69830      24.02054
       9.70850      24.02058
       9.71860      24.02062
       9.72880      24.02066
       9.73900      24.02070
       9.74910      24.02074
       9.75930      24.02078
       9.76940      24.02082
       9.77960      24.02086
       9.78980      24.02090
       9.79990      24.02094
       9.81010      24.02098
       9.82030      24.02102
       9.83040      24.02106
       9.84060      24.02110
       9.85080      24.02114
       9.86090      24.02118
       9.87110      24.02123
       9.88130      24.02127
       9.89140      24.02131
       9.90160      24.02135
       9.91180      24.02139
       9.92190      24.02143
       9.93210      24.02148
       9.94220      24.02152
       9.95240      24.02156
       9.96260      24.02160
       9.97270      24.02165
       9.98290      24.02169
       9.99310      24.02173
      10.00320      24.02177
      10.01340      24.02182
      10.02360      24.02186
      10.03370      24.02190
      10.04390      24.02195
      10.05410      24.02199
      10.06420      24.02203
      10.07440      24.02208
      10.08450      24.02212
      10.09470      24.02217
      10.10490      24.02221
      10.11500      24.02225
      10.12520      24.02230
      10.13540      24.02234
      10.14550      24.02239
      10.15570      24.02243
      10.16590      24.02248
      10.17600      24.02252
      10.18620      24.02257
      10.19640      24.02261
      10.20650      24.02266
      10.21670      24.02270
      10.22690      24.02275
      10.23700      24.02279
      10.24720      24.02284
      10.25730      24.02289
      10.26750      24.02293
      10.27770      24.02298
      10.28780      24.02303
      10.29800      24.02307
      10.30820      24.02312
      10.31830      24.02317
      10.32850      24.02321
      10.33870      24.02326
      10.34880      24.02331
      10.35900      24.02336
      10.36920      24.02340
      10.37930      24.02345
      10.38950      24.02350
      10.39960      24.02355
      10.40980      24.02360
      10.42000      24.02364
      10.43010      24.02369
      10.44030      24.02374
      10.45050      24.02379
      10.46060      24.02384
      10.47080      24.02389
      10.48100      24.02394
      10.49110      24.02399
      10.50130      24.02404
      10.51150      24.02409
      10.52160      24.02414
      10.53180      24.02419
      10.54200      24.02424
      10.55210      24.02429
      10.56230      24.02434
      10.57240      24.02439
      10.58260      24.02444
      10.59280      24.02449
      10.60290      24.02454
      10.61310      24.02459
      10.62330      24.02464
      10.63340      24.02470
      10.64360      24.02475
      10.65380      24.02480
      10.66390      24.02485
      10.67410      24.02490
      10.68430      24.02496
      10.69440      24.02501
      10.70460      24.02506
      10.71470      24.02512
      10.72490      24.02517
      10.73510      24.02522
      10.74520      24.02528
      10.75540      24.02533
      10.76560      24.02538
      10.77570      24.02544
      10.78590      24.02549
      10.79610      24.02555
      10.80620      24.02560
      10.81640      24.02566
      10.82660      24.02571
      10.83670      24.02576
      10.84690      24.02582
      10.85710      24.02588
      10.86720      24.02593
      10.87740      24.02599
      10.88750      24.02604
      10.89770      24.02610
      10.90790      24.02616
      10.91800      24.02621
      10.92820      24.02627
      10.93840      24.02633
      10.94850      24.02638
      10.95870      24.02644
      10.96890      24.02650
      10.97900      24.02655
      10.98920      24.02661
      10.99940      24.02667
      11.00950      24.02673
      11.01970      24.02679
      11.02980      24.02685
      11.04000      24.02690
      11.05020      24.02696
      11.06030      24.02702
      11.07050      24.02708
      11.08070      24.02714
      11.09080      24.02720
      11.10100      24.02726
      11.11120      24.02732
      11.12130      24.02738
      11.13150      24.02744
      11.14170      24.02750
      11.15180      24.02756
      11.16200      24.02762
      11.17220      24.02769
      11.18230      24.02775
      11.19250      24.02781
      11.20260      24.02787
      11.21280      24.02793
      11.22300      24.02800
      11.23310      24.02806
      11.24330      24.02812
      11.25350      24.02818
      11.26360      24.02825
      11.27380      24.02831
      11.28400      24.02837
      11.29410      24.02844
      11.30430      24.02850
      11.31450      24.02857
      11.32460      24.02863
      11.33480      24.02869
      11.34490      24.02876
      11.35510      24.02882
      11.36530      24.02889
      11.37540      24.02896
      11.38560      24.02902
      11.39580      24.02909
      11.40590      24.02915
      11.41610      24.02922
      11.42630      24.02929
      11.43640      24.02935
      11.44660      24.02942
      11.45680      24.02949
      11.46690      24.02956
      11.47710      24.02962
      11.48730      24.02969
      11.49740      24.02976
      11.50760      24.02983
      11.51770      24.02990
      11.52790      24.02997
      11.53810      24.03004
      11.54820      24.03010
      11.55840      24.03017
      11.56860      24.03024
      11.57870      24.03031
      11.58890      24.03038
      11.59910      24.03046
      11.60920      24.03053
      11.61940      24.03060
      11.62960      24.03067
      11.63970      24.03074
      11.64990      24.03081
      11.66000      24.03088
      11.67020      24.03096
      11.68040      24.03103
      11.69050      24.03110
      11.70070      24.03118
      11.71090      24.03125
      11.72100      24.03132
      11.73120      24.03140
      11.74140      24.03147
      11.75150      24.03155
      11.76170      24.03162
      11.77190      24.03170
      11.78200      24.03177
      11.79220      24.03185
      11.80230      24.03192
      11.81250      24.03200
      11.82270      24.03208
      11.83280      24.03215
      11.84300      24.03223
      11.85320      24.03231
      11.86330      24.03238
      11.87350      24.03246
      11.88370      24.03254
      11.89380      24.03262
      11.90400      24.03270
      11.91420      24.03278
      11.92430      24.03285
      11.93450      24.03293
      11.94470      24.03301
      11.95480      24.03309
      11.96500      24.03317
      11.97510      24.03325
      11.98530      24.03333
      11.99550      24.03342
      12.00560      24.03350
      12.01580      24.03358
      12.02600      24.03366
      12.03610      24.03374
      12.04630      24.03383
      12.05650      24.03391
      12.06660      24.03399
      12.07680      24.03408
      12.08700      24.03416
      12.09710      24.03424
      12.10730      24.03433
      12.11740      24.03441
      12.12760      24.03450
      12.13780      24.03458
      12.14790      24.03467
      12.15810      24.03476
      12.16830      24.03484
      12.17840      24.03493
      12.18860      24.03502
      12.19880      24.03510
      12.20890      24.03519
      12.21910      24.03528
      12.22930      24.03537
      12.23940      24.03546
      12.24960      24.03555
      12.25980      24.03563
      12.26990      24.03572
      12.28010      24.03581
      12.29020      24.03591
      12.30040      24.03600
      12.31060      24.03609
      12.32070      24.03618
      12.33090      24.03627
      12.34110      24.03636
      12.35120      24.03646
      12.36140      24.03655
      12.37160      24.03664
      12.38170      24.03673
      12.39190      24.03683
      12.40210      24.03692
      12.41220      24.03702
      12.42240      24.03711
      12.43250      24.03721
      12.44270      24.03730
      12.45290      24.03740
      12.46300      24.03749
      12.47320      24.03759
      12.48340      24.03769
      12.49350      24.03779
      12.50370      24.03789
      12.51390      24.03798
      12.52400      24.03808
      12.53420      24.03818
      12.54440      24.03828
      12.55450      24.03838
      12.56470      24.03848
      12.57490      24.03858
      12.58500      24.03868
      12.59520      24.03878
      12.60530      24.03889
      12.61550      24.03899
      12.62570      24.03909
      12.63580      24.03919
      12.64600      24.03930
      12.65620      24.03940
      12.66630      24.03950
      12.67650      24.03961
      12.68670      24.03971
      12.69680      24.03982
      12.70700      24.03992
      12.71720      24.04003
      12.72730      24.04014
      12.73750      24.04025
      12.74760      24.04035
      12.75780      24.04046
      12.76800      24.04057
      12.77810      24.04068
      12.78830      24.04079
      12.79850      24.04090
      12.80860      24.04101
      12.81880      24.04112
      12.82900      24.04123
      12.83910      24.04134
      12.84930      24.04145
      12.85950      24.04156
      12.86960      24.04168
      12.87980      24.04179
      12.89000      24.04191
      12.90010      24.04202
      12.91030      24.04214
      12.92040      24.04225
      12.93060      24.04237
      12.94080      24.04248
      12.95090      24.04260
      12.96110      24.04272
      12.97130      24.04283
      12.98140      24.04295
      12.99160      24.04307
      13.00180      24.04319
      13.01190      24.04331
      13.02210      24.04343
      13.03230      24.04355
      13.04240      24.04367
      13.05260      24.04379
      13.06270      24.04391
      13.07290      24.04403
      13.08310      24.04416
      13.09320      24.04428
      13.10340      24.04441
      13.11360      24.04453
      13.12370      24.04465
      13.13390      24.04478
      13.14410      24.04491
      13.15420      24.04503
      13.16440      24.04516
      13.17460      24.04529
      13.18470      24.04542
      13.19490      24.04555
      13.20510      24.04568
      13.21520      24.04581
      13.22540      24.04594
      13.23550      24.04607
      13.24570      24.04620
      13.25590      24.04633
      13.26600      24.04646
      13.27620      24.04660
      13.28640      24.04673
      13.29650      24.04687
      13.30670      24.04700
      13.31690      24.04714
      13.32700      24.04727
      13.33720      24.04741
      13.34740      24.04755
      13.35750      24.04769
      13.36770      24.04782
      13.37780      24.04796
      13.38800      24.04810
      13.39820      24.04824
      13.40830      24.04838
      13.41850      24.04852
      13.42870      24.04867
      13.43880      24.04881
      13.44900      24.04895
      13.45920      24.04910
      13.46930      24.04924
      13.47950      24.04939
      13.48970      24.04954
      13.49980      24.04968
      13.51000      24.04983
      13.52010      24.04998
      13.53030      24.05013
      13.54050      24.05027
      13.55060      24.05042
      13.56080      24.05058
      13.57100      24.05073
      13.58110      24.05088
      13.59130      24.05103
      13.60150      24.05119
      13.61160      24.05134
      13.62180      24.05149
      13.63200      24.05165
      13.64210      24.05180
      13.65230      24.05196
      13.66250      24.05212
      13.67260      24.05228
      13.68280      24.05244
      13.69290      24.05260
      13.70310      24.05276
      13.71330      24.05292
      13.72340      24.05308
      13.73360      24.05324
      13.74380      24.05341
      13.75390      24.05357
      13.76410      24.05373
      13.77430      24.05390
      13.78440      24.05407
      13.79460      24.05423
      13.80480      24.05440
      13.81490      24.05457
      13.82510      24.05474
      13.83520      24.05491
      13.84540      24.05508
      13.85560      24.05525
      13.86570      24.05542
      13.87590      24.05560
      13.88610      24.05577
      13.89620      24.05595
      13.90640      24.05612
      13.91660      24.05630
      13.92670      24.05648
      13.93690      24.05666
      13.94710      24.05684
      13.95720      24.05701
      13.96740      24.05720
      13.97760      24.05738
      13.98770      24.05756
      13.99790      24.05774
      14.00800      24.05793
      14.01820      24.05811
      14.02840      24.05830
      14.03850      24.05849
      14.04870      24.05867
      14.05890      24.05886
      14.06900      24.05905
      14.07920      24.05924
      14.08940      24.05944
      14.09950      24.05963
      14.10970      24.05982
      14.11990      24.06002
      14.13000      24.06021
      14.14020      24.06041
      14.15030      24.06060
      14.16050      24.06080
      14.17070      24.06100
      14.18080      24.06120
      14.19100      24.06140
      14.20120      24.06161
      14.21130      24.06181
      14.22150      24.06201
      14.23170      24.06222
      14.24180      24.06242
      14.25200      24.06263
      14.26220      24.06284
      14.27230      24.06305
      14.28250      24.06326
      14.29270      24.06347
      14.30280      24.06368
      14.31300      24.06389
      14.32310      24.06411
      14.33330      24.06432
      14.34350      24.06454
      14.35360      24.06476
      14.36380      24.06498
      14.37400      24.06520
      14.38410      24.06542
      14.39430      24.06564
      14.40450      24.06586
      14.41460      24.06609
      14.42480      24.06631
      14.43500      24.06654
      14.44510      24.06676
      14.45530      24.06700
      14.46540      24.06722
      14.47560      24.06746
      14.48580      24.06769
      14.49590      24.06792
      14.50610      24.06816
      14.51630      24.06839
      14.52640      24.06863
      14.53660      24.06887
      14.54680      24.06911
      14.55690      24.06935
      14.56710      24.06959
      14.57730      24.06984
      14.58740      24.07008
      14.59760      24.07033
      14.60780      24.07057
      14.61790      24.07082
      14.62810      24.07107
      14.63820      24.07132
      14.64840      24.07157
      14.65860      24.07183
      14.66870      24.07208
      14.67890      24.07234
      14.68910      24.07260
      14.69920      24.07285
      14.70940      24.07312
      14.71960      24.07338
      14.72970      24.07364
      14.73990      24.07391
      14.75010      24.07417
      14.76020      24.07444
      14.77040      24.07471
      14.78050      24.07498
      14.79070      24.07525
      14.80090      24.07553
      14.81100      24.07580
      14.82120      24.07608
      14.83140      24.07636
      14.84150      24.07663
      14.85170      24.07692
      14.86190      24.07720
      14.87200      24.07748
      14.88220      24.07777
      14.89240      24.07806
      14.90250      24.07834
      14.91270      24.07863
      14.92290      24.07893
      14.93300      24.07922
      14.94320      24.07952
      14.95330      24.07981
      14.96350      24.08011
      14.97370      24.08041
      14.98380      24.08071
      14.99400      24.08101
      15.00420      24.08132
      15.01430      24.08163
      15.02450      24.08194
      15.03470      24.08225
      15.04480      24.08256
      15.05500      24.08287
      15.06520      24.08319
      15.07530      24.08350
      15.08550      24.08382
      15.09560      24.08414
      15.10580      24.08447
      15.11600      24.08479
      15.12610      24.08512
      15.13630      24.08545
      15.14650      24.08578
      15.15660      24.08611
      15.16680      24.08644
      15.17700      24.08678
      15.18710      24.08712
      15.19730      24.08746
      15.20750      24.08780
      15.21760      24.08814
      15.22780      24.08849
      15.23800      24.08884
      15.24810      24.08919
      15.25830      24.08954
      15.26840      24.08989
      15.27860      24.09025
      15.28880      24.09061
      15.29890      24.09097
      15.30910      24.09133
      15.31930      24.09170
      15.32940      24.09206
      15.33960      24.09243
      15.34980      24.09280
      15.35990      24.09317
      15.37010      24.09355
      15.38030      24.09393
      15.39040      24.09431
      15.40060      24.09469
      15.41070      24.09507
      15.42090      24.09546
      15.43110      24.09585
      15.44120      24.09624
      15.45140      24.09664
      15.46160      24.09704
      15.47170      24.09743
      15.48190      24.09784
      15.49210      24.09824
      15.50220      24.09864
      15.51240      24.09905
      15.52260      24.09947
      15.53270      24.09988
      15.54290      24.10030
      15.55300      24.10071
      15.56320      24.10114
      15.57340      24.10156
      15.58350      24.10198
      15.59370      24.10242
      15.60390      24.10285
      15.61400      24.10328
      15.62420      24.10372
      15.63440      24.10416
      15.64450      24.10460
      15.65470      24.10505
      15.66490      24.10550
      15.67500      24.10595
      15.68520      24.10641
      15.69540      24.10686
      15.70550      24.10732
      15.71570      24.10779
      15.72580      24.10825
      15.73600      24.10872
      15.74620      24.10919
      15.75630      24.10967
      15.76650      24.11015
      15.77670      24.11063
      15.78680      24.11111
      15.79700      24.11160
      15.80720      24.11209
      15.81730      24.11259
      15.82750      24.11308
      15.83770      24.11359
      15.84780      24.11409
      15.85800      24.11460
      15.86810      24.11510
      15.87830      24.11562
      15.88850      24.11614
      15.89860      24.11666
      15.90880      24.11718
      15.91900      24.11771
      15.92910      24.11824
      15.93930      24.11878
      15.94950      24.11932
      15.95960      24.11986
      15.96980      24.12041
      15.98000      24.12096
      15.99010      24.12151
      16.00030      24.12207
      16.01050      24.12263
      16.02060      24.12319
      16.03080      24.12376
      16.04090      24.12433
      16.05110      24.12491
      16.06130      24.12550
      16.07140      24.12608
      16.08160      24.12667
      16.09180      24.12726
      16.10190      24.12786
      16.11210      24.12846
      16.12230      24.12907
      16.13240      24.12968
      16.14260      24.13029
      16.15280      24.13092
      16.16290      24.13154
      16.17310      24.13217
      16.18320      24.13280
      16.19340      24.13344
      16.20360      24.13408
      16.21370      24.13473
      16.22390      24.13538
      16.23410      24.13604
      16.24420      24.13670
      16.25440      24.13737
      16.26460      24.13804
      16.27470      24.13872
      16.28490      24.13940
      16.29510      24.14009
      16.30520      24.14078
      16.31540      24.14149
      16.32560      24.14219
      16.33570      24.14290
      16.34590      24.14362
      16.35600      24.14433
      16.36620      24.14506
      16.37640      24.14580
      16.38650      24.14654
      16.39670      24.14728
      16.40690      24.14804
      16.41700      24.14879
      16.42720      24.14956
      16.43740      24.15034
      16.44750      24.15111
      16.45770      24.15190
      16.46790      24.15269
      16.47800      24.15349
      16.48820      24.15430
      16.49830      24.15511
      16.50850      24.15593
      16.51870      24.15676
      16.52880      24.15759
      16.53900      24.15844
      16.54920      24.15930
      16.55930      24.16015
      16.56950      24.16103
      16.57970      24.16191
      16.58980      24.16279
      16.60000      24.16369
      16.61020      24.16460
      16.62030      24.16551
      16.63050      24.16644
      16.64070      24.16738
      16.65080      24.16832
      16.66100      24.16928
      16.67110      24.17024
      16.68130      24.17122
      16.69150      24.17221
      16.70160      24.17320
      16.71180      24.17422
      16.72200      24.17525
      16.73210      24.17628
      16.74230      24.17733
      16.75250      24.17840
      16.76260      24.17947
      16.77280      24.18057
      16.78300      24.18168
      16.79310      24.18279
      16.80330      24.18393
      16.81340      24.18508
      16.82360      24.18625
      16.83380      24.18744
      16.84390      24.18863
      16.85410      24.18986
      16.86430      24.19110
      16.87440      24.19235
      16.88460      24.19364
      16.89480      24.19494
      16.90490      24.19625
      16.91510      24.19760
      16.92530      24.19897
      16.93540      24.20035
      16.94560      24.20176
      16.95580      24.20321
      16.96590      24.20466
      16.97610      24.20615
      16.98620      24.20766
      16.99640      24.20921
      17.00660      24.21079
      17.01670      24.21239
      17.02690      24.21403
      17.03710      24.21571
      17.04720      24.21740
      17.05740      24.21915
      17.06760      24.22093
      17.07770      24.22273
      17.08790      24.22459
      17.09810      24.22650
      17.10820      24.22842
      17.11840      24.23041
      17.12850      24.23243
      17.13870      24.23451
      17.14890      24.23664
      17.15900      24.23880
      17.16920      24.24104
      17.17940      24.24332
      17.18950      24.24565
      17.19970      24.24806
      17.20990      24.25052
      17.22000      24.25303
      17.23020      24.25563
      17.24040      24.25830
      17.25050      24.26101
      17.26070      24.26382
      17.27090      24.26671
      17.28100      24.26964
      17.29120      24.27269
      17.30130      24.27580
      17.31150      24.27902
      17.32170      24.28234
      17.33180      24.28572
      17.34200      24.28923
      17.35220      24.29284
      17.36230      24.29652
      17.37250      24.30035
      17.38270      24.30430
      17.39280      24.30832
      17.40300      24.31251
      17.41320      24.31682
      17.42330      24.32122
      17.43350      24.32581
      17.44360      24.33048
      17.45380      24.33536
      17.46400      24.34038
      17.47410      24.34551
      17.48430      24.35086
      17.49450      24.35637
      17.50460      24.36201
      17.51480      24.36788
      17.52500      24.37394
      17.53510      24.38014
      17.54530      24.38659
      17.55550      24.39326
      17.56560      24.40008
      17.57580      24.40718
      17.58590      24.41445
      17.59610      24.42202
      17.60630      24.42985
      17.61640      24.43785
      17.62660      24.44619
      17.63680      24.45481
      17.64690      24.46362
      17.65710      24.47281
      17.66730      24.48230
      17.67740      24.49201
      17.68760      24.50214
      17.69780      24.51260
      17.70790      24.52329
      17.71810      24.53445
      17.72830      24.54597
      17.73840      24.55776
      17.74860      24.57005
      17.75870      24.58262
      17.76890      24.59572
      17.77910      24.60926
      17.78920      24.62310
      17.79940      24.63753
      17.80960      24.65243
      17.81970      24.66766
      17.82990      24.68354
      17.84010      24.69993
      17.85020      24.71668
      17.86040      24.73415
      17.87060      24.75217
      17.88070      24.77059
      17.89090      24.78979
      17.90100      24.80939
      17.91120      24.82982
      17.92140      24.85090
      17.93150      24.87243
      17.94170      24.89486
      17.95190      24.91799
      17.96200      24.94160
      17.97220      24.96619
      17.98240      24.99154
      17.99250      25.01742
      18.00270      25.04436
      18.01290      25.07212
      18.02300      25.10046
      18.03320      25.12993
      18.04340      25.16031
      18.05350      25.19129
      18.06370      25.22351
      18.07380      25.25637
      18.08400      25.29054
      18.09420      25.32572
      18.10430      25.36158
      18.11450      25.39886
      18.12470      25.43723
      18.13480      25.47632
      18.14500      25.51694
      18.15520      25.55872
      18.16530      25.60128
      18.17550      25.64548
      18.18570      25.69093
      18.19580      25.73720
      18.20600      25.78522
      18.21610      25.83411
      18.22630      25.88482
      18.23650      25.93695
      18.24660      25.98996
      18.25680      26.04496
      18.26700      26.10145
      18.27710      26.15887
      18.28730      26.21841
      18.29750      26.27953
      18.30760      26.34164
      18.31780      26.40600
      18.32800      26.47203
      18.33810      26.53912
      18.34830      26.60859
      18.35850      26.67983
      18.36860      26.75217
      18.37880      26.82703
      18.38890      26.90303
      18.39910      26.98165
      18.40930      27.06222
      18.41940      27.14394
      18.42960      27.22847
      18.43980      27.31503
      18.44990      27.40278
      18.46010      27.49350
      18.47030      27.58635
      18.48040      27.68042
      18.49060      27.77762
      18.50080      27.87704
      18.51090      27.97774
      18.52110      28.08170
      18.53120      28.18697
      18.54140      28.29561
      18.55160      28.40664
      18.56170      28.51899
      18.57190      28.63486
      18.58210      28.75325
      18.59220      28.87294
      18.60240      28.99636
      18.61260      29.12235
      18.62270      29.24967
      18.63290      29.38087
      18.64310      29.51474
      18.65320      29.64993
      18.66340      29.78917
      18.67360      29.93112
      18.68370      30.07444
      18.69390      30.22191
      18.70400      30.37075
      18.71420      30.52384
      18.72440      30.67982
      18.73450      30.83712
      18.74470      30.99881
      18.75490      31.16345
      18.76500      31.32935
      18.77520      31.49985
      18.78540      31.67332
      18.79550      31.84801
      18.80570      32.02743
      18.81590      32.20986
      18.82600      32.39346
      18.83620      32.58192
      18.84630      32.77150
      18.85650      32.96602
      18.86670      33.16356
      18.87680      33.36222
      18.88700      33.56585
      18.89720      33.77259
      18.90730      33.98034
      18.91750      34.19313
      18.92770      34.40904
      18.93780      34.62582
      18.94800      34.84781
      18.95820      35.07285
      18.96830      35.29865
      18.97850      35.52972
      18.98870      35.76381
      18.99880      35.99854
      19.00900      36.23859
      19.01910      36.47919
      19.02930      36.72513
      19.03950      36.97395
      19.04960      37.22326
      19.05980      37.47784
      19.07000      37.73531
      19.08010      37.99302
      19.09030      38.25608
      19.10050      38.52190
      19.11060      38.78777
      19.12080      39.05898
      19.13100      39.33284
      19.14110      39.60654
      19.15130      39.88554
      19.16140      40.16425
      19.17160      40.44821
      19.18180      40.73459
      19.19190      41.02047
      19.20210      41.31150
      19.21230      41.60475
      19.22240      41.89737
      19.23260      42.19493
      19.24280      42.49463
      19.25290      42.79334
      19.26310      43.09698
      19.27330      43.40250
      19.28340      43.70676
      19.29360      44.01581
      19.30380      44.32651
      19.31390      44.63570
      19.32410      44.94947
      19.33420      45.26154
      19.34440      45.57807
      19.35460      45.89584
      19.36470      46.21163
      19.37490      46.53165
      19.38510      46.85260
      19.39520      47.17136
      19.40540      47.49400
      19.41560      47.81740
      19.42570      48.13819
      19.43590      48.46270
      19.44610      48.78762
      19.45620      49.10961
      19.46640      49.43502
      19.47650      49.75729
      19.48670      50.08278
      19.49690      50.40813
      19.50700      50.73003
      19.51720      51.05480
      19.52740      51.37904
      19.53750      51.69963
      19.54770      52.02266
      19.55790      52.34482
      19.56800      52.66299
      19.57820      52.98318
      19.58840      53.30225
      19.59850      53.61689
      19.60870      53.93326
      19.61880      54.24498
      19.62900      54.55816
      19.63920      54.86955
      19.64930      55.17597
      19.65950      55.48342
      19.66970      55.78870
      19.67980      56.08869
      19.69000      56.38927
      19.70020      56.68724
      19.71030      56.97973
      19.72050      57.27230
      19.73070      57.56187
      19.74080      57.84567
      19.75100      58.12902
      19.76120      58.40910
      19.77130      58.68301
      19.78150      58.95610
      19.79160      59.22284
      19.80180      59.48844
      19.81200      59.75008
      19.82210      60.00512
      19.83230      60.25854
      19.84250      60.50763
      19.85260      60.74986
      19.86280      60.98998
      19.87300      61.22538
      19.88310      61.45379
      19.89330      61.67952
      19.90350      61.90025
      19.91360      62.11376
      19.92380      62.32410
      19.93390      62.52714
      19.94410      62.72669
      19.95430      62.92070
      19.96440      63.10719
      19.97460      63.28979
      19.98480      63.46651
      19.99490      63.63559
      20.00510      63.80033
      20.01530      63.95890
      20.02540      64.10974
      20.03560      64.25580
      20.04580      64.39541
      20.05590      64.52729
      20.06610      64.65391
      20.07630      64.77391
      20.08640      64.88612
      20.09660      64.99270
      20.10670      65.09152
      20.11690      65.18443
      20.12710      65.27042
      20.13720      65.34866
      20.14740      65.42067
      20.15760      65.48560
      20.16770      65.54288
      20.17790      65.59361
      20.18810      65.63715
      20.19820      65.67316
      20.20840      65.70232
      20.21860      65.72424
      20.22870      65.73878
      20.23890      65.74624
      20.24900      65.74644
      20.25920      65.73943
      20.26940      65.72513
      20.27950      65.70381
      20.28970      65.67507
      20.29990      65.63911
      20.31000      65.59637
      20.32020      65.54608
      20.33040      65.48861
      20.34050      65.42471
      20.35070      65.35310
      20.36090      65.27447
      20.37100      65.18970
      20.38120      65.09718
      20.39140      64.99779
      20.40150      64.89260
      20.41170      64.77966
      20.42180      64.66118
      20.43200      64.53496
      20.44220      64.40213
      20.45230      64.26422
      20.46250      64.11855
      20.47270      63.96654
      20.48280      63.80987
      20.49300      63.64550
      20.50320      63.47505
      20.51330      63.30040
      20.52350      63.11814
      20.53370      62.93010
      20.54380      62.73831
      20.55400      62.53905
      20.56410      62.33636
      20.57430      62.12630
      20.58450      61.91101
      20.59460      61.69270
      20.60480      61.46727
      20.61500      61.23688
      20.62510      61.00403
      20.63530      60.76418
      20.64550      60.51976
      20.65560      60.27337
      20.66580      60.02021
      20.67600      59.76285
      20.68610      59.50401
      20.69630      59.23864
      20.70650      58.96949
      20.71660      58.69925
      20.72680      58.42278
      20.73690      58.14566
      20.74710      57.86245
      20.75730      57.57610
      20.76740      57.28944
      20.77760      56.99710
      20.78780      56.70189
      20.79790      56.40696
      20.80810      56.10652
      20.81830      55.80365
      20.82840      55.50152
      20.83860      55.19419
      20.84880      54.88482
      20.85890      54.57661
      20.86910      54.26353
      20.87920      53.95191
      20.88940      53.63562
      20.89960      53.31797
      20.90970      53.00207
      20.91990      52.68189
      20.93010      52.36071
      20.94020      52.04166
      20.95040      51.71873
      20.96060      51.39504
      20.97070      51.07398
      20.98090      50.74923
      20.99110      50.42413
      21.00120      50.10201
      21.01140      49.77652
      21.02160      49.45102
      21.03170      49.12883
      21.04190      48.80360
      21.05200      48.48189
      21.06220      48.15736
      21.07240      47.83338
      21.08250      47.51309
      21.09270      47.19041
      21.10290      46.86847
      21.11300      46.55053
      21.12320      46.23051
      21.13340      45.91151
      21.14350      45.59681
      21.15370      45.28020
      21.16390      44.96494
      21.17400      44.65419
      21.18420      44.34184
      21.19430      44.03412
      21.20450      43.72498
      21.21470      43.41757
      21.22480      43.11498
      21.23500      42.81123
      21.24520      42.50948
      21.25530      42.21258
      21.26550      41.91489
      21.27570      41.61929
      21.28580      41.32872
      21.29600      41.03760
      21.30620      40.74873
      21.31630      40.46507
      21.32650      40.18096
      21.33660      39.90210
      21.34680      39.62296
      21.35700      39.34637
      21.36710      39.07509
      21.37730      38.80373
      21.38750      38.53505
      21.39760      38.27171
      21.40780      38.00849
      21.41800      37.74810
      21.42810      37.49297
      21.43830      37.23823
      21.44850      36.98631
      21.45860      36.73975
      21.46880      36.49364
      21.47900      36.25048
      21.48910      36.01265
      21.49930      35.77540
      21.50940      35.54347
      21.51960      35.31222
      21.52980      35.08399
      21.53990      34.86102
      21.55010      34.63885
      21.56030      34.41973
      21.57040      34.20581
      21.58060      33.99279
      21.59080      33.78287
      21.60090      33.57798
      21.61110      33.37417
      21.62130      33.17339
      21.63140      32.97761
      21.64160      32.78291
      21.65170      32.59315
      21.66190      32.40451
      21.67210      32.21891
      21.68220      32.03812
      21.69240      31.85853
      21.70260      31.68193
      21.71270      31.51002
      21.72290      31.33934
      21.73310      31.17162
      21.74320      31.00846
      21.75340      30.84656
      21.76360      30.68759
      21.77370      30.53298
      21.78390      30.37972
      21.79410      30.22927
      21.80420      30.08307
      21.81440      29.93820
      21.82450      29.79748
      21.83470      29.65808
      21.84490      29.52139
      21.85500      29.38871
      21.86520      29.25735
      21.87540      29.12862
      21.88550      29.00373
      21.89570      28.88016
      21.90590      28.75916
      21.91600      28.64179
      21.92620      28.52575
      21.93640      28.41218
      21.94650      28.30209
      21.95670      28.19332
      21.96680      28.08792
      21.97700      27.98382
      21.98720      27.88201
      21.99730      27.78344
      22.00750      27.68610
      22.01770      27.59097
      22.02780      27.49892
      22.03800      27.40808
      22.04820      27.31934
      22.05830      27.23352
      22.06850      27.14888
      22.07870      27.06625
      22.08880      26.98635
      22.09900      26.90760
      22.10920      26.83078
      22.11930      26.75653
      22.12950      26.68340
      22.13960      26.61274
      22.14980      26.54317
      22.16000      26.47534
      22.17010      26.40986
      22.18030      26.34540
      22.19050      26.28258
      22.20060      26.22198
      22.21080      26.16234
      22.22100      26.10426
      22.23110      26.04826
      22.24130      25.99317
      22.25150      25.93956
      22.26160      25.88787
      22.27180      25.83707
      22.28190      25.78810
      22.29210      25.73999
      22.30230      25.69320
      22.31240      25.64812
      22.32260      25.60386
      22.33280      25.56081
      22.34290      25.51938
      22.35310      25.47869
      22.36330      25.43915
      22.37340      25.40110
      22.38360      25.36376
      22.39380      25.32748
      22.40390      25.29259
      22.41410      25.25836
      22.42430      25.22513
      22.43440      25.19316
      22.44460      25.16183
      22.45470      25.13170
      22.46490      25.10217
      22.47510      25.07352
      22.48520      25.04597
      22.49540      25.01899
      22.50560      24.99281
      22.51570      24.96767
      22.52590      24.94303
      22.53610      24.91914
      22.54620      24.89620
      22.55640      24.87374
      22.56660      24.85196
      22.57670      24.83105
      22.58690      24.81058
      22.59700      24.79094
      22.60720      24.77171
      22.61740      24.75308
      22.62750      24.73520
      22.63770      24.71770
      22.64790      24.70075
      22.65800      24.68449
      22.66820      24.66858
      22.67840      24.65317
      22.68850      24.63839
      22.69870      24.62394
      22.70890      24.60994
      22.71900      24.59651
      22.72920      24.58338
      22.73940      24.57066
      22.74950      24.55847
      22.75970      24.54655
      22.76980      24.53512
      22.78000      24.52394
      22.79020      24.51312
      22.80030      24.50274
      22.81050      24.49260
      22.82070      24.48278
      22.83080      24.47336
      22.84100      24.46415
      22.85120      24.45524
      22.86130      24.44669
      22.87150      24.43833
      22.88170      24.43024
      22.89180      24.42248
      22.90200      24.41489
      22.91210      24.40761
      22.92230      24.40049
      22.93250      24.39360
      22.94260      24.38698
      22.95280      24.38051
      22.96300      24.37425
      22.97310      24.36823
      22.98330      24.36235
      22.99350      24.35665
      23.00360      24.35118
      23.01380      24.34582
      23.02400      24.34063
      23.03410      24.33565
      23.04430      24.33077
      23.05450      24.32604
      23.06460      24.32149
      23.07480      24.31704
      23.08490      24.31276
      23.09510      24.30857
      23.10530      24.30449
      23.11540      24.30058
      23.12560      24.29675
      23.13580      24.29302
      23.14590      24.28944
      23.15610      24.28592
      23.16630      24.28250
      23.17640      24.27921
      23.18660      24.27599
      23.19680      24.27285
      23.20690      24.26982
      23.21710      24.26685
      23.22720      24.26399
      23.23740      24.26117
      23.24760      24.25843
      23.25770      24.25578
      23.26790      24.25318
      23.27810      24.25065
      23.28820      24.24820
      23.29840      24.24579
      23.30860      24.24344
      23.31870      24.24117
      23.32890      24.23893
      23.33910      24.23674
      23.34920      24.23463
      23.35940      24.23255
      23.36950      24.23053
      23.37970      24.22854
      23.38990      24.22659
      23.40000      24.22471
      23.41020      24.22284
      23.42040      24.22102
      23.43050      24.21925
      23.44070      24.21750
      23.45090      24.21579
      23.46100      24.21413
      23.47120      24.21248
      23.48140      24.21087
      23.49150      24.20930
      23.50170      24.20775
      23.51190      24.20623
      23.52200      24.20475
      23.53220      24.20328
      23.54230      24.20185
      23.55250      24.20043
      23.56270      24.19904
      23.57280      24.19768
      23.58300      24.19633
      23.59320      24.19501
      23.60330      24.19371
      23.61350      24.19243
      23.62370      24.19117
      23.63380      24.18993
      23.64400      24.18871
      23.65420      24.18750
      23.66430      24.18632
      23.67450      24.18515
      23.68460      24.18400
      23.69480      24.18286
      23.70500      24.18173
      23.71510      24.18063
      23.72530      24.17954
      23.73550      24.17846
      23.74560      24.17740
      23.75580      24.17634
      23.76600      24.17530
      23.77610      24.17428
      23.78630      24.17327
      23.79650      24.17226
      23.80660      24.17128
      23.81680      24.17030
      23.82700      24.16932
      23.83710      24.16837
      23.84730      24.16742
      23.85740      24.16649
      23.86760      24.16557
      23.87780      24.16465
      23.88790      24.16375
      23.89810      24.16284
      23.90830      24.16195
      23.91840      24.16108
      23.92860      24.16021
      23.93880      24.15934
      23.94890      24.15849
      23.95910      24.15764
      23.96930      24.15680
      23.97940      24.15598
      23.98960      24.15515
      23.99970      24.15434
      24.00990      24.15353
      24.02010      24.15273
      24.03020      24.15195
      24.04040      24.15116
      24.05060      24.15037
      24.06070      24.14961
      24.07090      24.14884
      24.08110      24.14808
      24.09120      24.14733
      24.10140      24.14658
      24.11160      24.14584
      24.12170      24.14511
      24.13190      24.14438
      24.14210      24.14365
      24.15220      24.14294
      24.16240      24.14223
      24.17250      24.14153
      24.18270      24.14082
      24.19290      24.14013
      24.20300      24.13944
      24.21320      24.13876
      24.22340      24.13808
      24.23350      24.13741
      24.24370      24.13674
      24.25390      24.13607
      24.26400      24.13542
      24.27420      24.13477
      24.28440      24.13412
      24.29450      24.13348
      24.30470      24.13284
      24.31480      24.13221
      24.32500      24.13157
      24.33520      24.13095
      24.34530      24.13033
      24.35550      24.12971
      24.36570      24.12910
      24.37580      24.12850
      24.38600      24.12789
      24.39620      24.12729
      24.40630      24.12670
      24.41650      24.12611
      24.42670      24.12552
      24.43680      24.12495
      24.44700      24.12437
      24.45720      24.12379
      24.46730      24.12323
      24.47750      24.12266
      24.48760      24.12210
      24.49780      24.12154
      24.50800      24.12099
      24.51810      24.12044
      24.52830      24.11989
      24.53850      24.11934
      24.54860      24.11881
      24.55880      24.11827
      24.56900      24.11774
      24.57910      24.11721
      24.58930      24.11669
      24.59950      24.11617
      24.60960      24.11565
      24.61980      24.11513
      24.62990      24.11463
      24.64010      24.11412
      24.65030      24.11361
      24.66040      24.11311
      24.67060      24.11261
      24.68080      24.11212
      24.69090      24.11163
      24.70110      24.11114
      24.71130      24.11065
      24.72140      24.11017
      24.73160      24.10970
      24.74180      24.10922
      24.75190      24.10875
      24.76210      24.10828
      24.77230      24.10781
      24.78240      24.10735
      24.79260      24.10689
      24.80270      24.10643
      24.81290      24.10598
      24.82310      24.10552
      24.83320      24.10508
      24.84340      24.10463
      24.85360      24.10418
      24.86370      24.10375
      24.87390      24.10331
      24.88410      24.10287
      24.89420      24.10244
      24.90440      24.10201
      24.91460      24.10158
      24.92470      24.10116
      24.93490      24.10074
      24.94500      24.10032
      24.95520      24.09990
      24.96540      24.09949
      24.97550      24.09908
      24.98570      24.09867
      24.99590      24.09826
      25.00600      24.09786
      25.01620      24.09746
      25.02640      24.09706
      25.03650      24.09666
      25.04670      24.09627
      25.05690      24.09587
      25.06700      24.09549
      25.07720      24.09510
      25.08740      24.09471
      25.09750      24.09433
      25.10770      24.09395
      25.11780      24.09357
      25.12800      24.09320
      25.13820      24.09282
      25.14830      24.09245
      25.15850      24.09208
      25.16870      24.09171
      25.17880      24.09135
      25.18900      24.09099
      25.19920      24.09063
      25.20930      24.09027
      25.21950      24.08991
      25.22970      24.08956
      25.23980      24.08921
      25.25000      24.08886
      25.26010      24.08851
      25.27030      24.08816
      25.28050      24.08782
      25.29060      24.08748
      25.30080      24.08714
      25.31100      24.08680
      25.32110      24.08646
      25.33130      24.08613
      25.34150      24.08579
      25.35160      24.08547
      25.36180      24.08514
      25.37200      24.08481
      25.38210      24.08449
      25.39230      24.08416
      25.40240      24.08384
      25.41260      24.08352
      25.42280      24.08320
      25.43290      24.08289
      25.44310      24.08258
      25.45330      24.08226
      25.46340      24.08195
      25.47360      24.08164
      25.48380      24.08134
      25.49390      24.08103
      25.50410      24.08073
      25.51430      24.08043
      25.52440      24.08013
      25.53460      24.07983
      25.54480      24.07953
      25.55490      24.07924
      25.56510      24.07894
      25.57520      24.07865
      25.58540      24.07836
      25.59560      24.07807
      25.60570      24.07779
      25.61590      24.07750
      25.62610      24.07721
      25.63620      24.07693
      25.64640      24.07665
      25.65660      24.07637
      25.66670      24.07609
      25.67690      24.07582
      25.68710      24.07554
      25.69720      24.07527
      25.70740      24.07500
      25.71750      24.07473
      25.72770      24.07446
      25.73790      24.07419
      25.74800      24.07392
      25.75820      24.07366
      25.76840      24.07339
      25.77850      24.07313
      25.78870      24.07287
      25.79890      24.07261
      25.80900      24.07236
      25.81920      24.07210
      25.82940      24.07184
      25.83950      24.07159
      25.84970      24.07133
      25.85990      24.07108
      25.87000      24.07084
      25.88020      24.07059
      25.89030      24.07034
      25.90050      24.07009
      25.91070      24.06985
      25.92080      24.06960
      25.93100      24.06936
      25.94120      24.06912
      25.95130      24.06888
      25.96150      24.06864
      25.97170      24.06841
      25.98180      24.06817
      25.99200      24.06793
      26.00220      24.06770
      26.01230      24.06747
      26.02250      24.06724
      26.03260      24.06701
      26.04280      24.06678
      26.05300      24.06655
      26.06310      24.06632
      26.07330      24.06610
      26.08350      24.06587
      26.09360      24.06565
      26.10380      24.06543
      26.11400      24.06521
      26.12410      24.06499
      26.13430      24.06477
      26.14450      24.06455
      26.15460      24.06434
      26.16480      24.06412
      26.17500      24.06390
      26.18510      24.06369
      26.19530      24.06348
      26.20540      24.06327
      26.21560      24.06306
      26.22580      24.06285
      26.23590      24.06264
      26.24610      24.06243
      26.25630      24.06223
      26.26640      24.06202
      26.27660      24.06182
      26.28680      24.06161
      26.29690      24.06141
      26.30710      24.06121
      26.31730      24.06101
      26.32740      24.06081
      26.33760      24.06062
      26.34770      24.06042
      26.35790      24.06022
      26.36810      24.06003
      26.37820      24.05983
      26.38840      24.05964
      26.39860      24.05945
      26.40870      24.05926
      26.41890      24.05906
      26.42910      24.05887
      26.43920      24.05869
      26.44940      24.05850
      26.45960      24.05831
      26.46970      24.05812
      26.47990      24.05794
      26.49010      24.05775
      26.50020      24.05757
      26.51040      24.05739
      26.52050      24.05721
      26.53070      24.05703
      26.54090      24.05684
      26.55100      24.05667
      26.56120      24.05649
      26.57140      24.05631
      26.58150      24.05613
      26.59170      24.05596
      26.60190      24.05578
      26.61200      24.05561
      26.62220      24.05544
      26.63240      24.05526
      26.64250      24.05509
      26.65270      24.05492
      26.66280      24.05475
      26.67300      24.05458
      26.68320      24.05441
      26.69330      24.05424
      26.70350      24.05408
      26.71370      24.05391
      26.72380      24.05374
      26.73400      24.05358
      26.74420      24.05341
      26.75430      24.05325
      26.76450      24.05309
      26.77470      24.05293
      26.78480      24.05276
      26.79500      24.05260
      26.80520      24.05244
      26.81530      24.05229
      26.82550      24.05213
      26.83560      24.05197
      26.84580      24.05181
      26.85600      24.05166
      26.86610      24.05150
      26.87630      24.05135
      26.88650      24.05119
      26.89660      24.05104
      26.90680      24.05089
      26.91700      24.05073
      26.92710      24.05058
      26.93730      24.05043
      26.94750      24.05028
      26.95760      24.05013
      26.96780      24.04998
      26.97790      24.04984
      26.98810      24.04969
      26.99830      24.04954
      27.00840      24.04940
      27.01860      24.04925
      27.02880      24.04911
      27.03890      24.04896
      27.04910      24.04882
      27.05930      24.04868
      27.06940      24.04853
      27.07960      24.04839
      27.08980      24.04825
      27.09990      24.04811
      27.11010      24.04797
      27.12020      24.04783
      27.13040      24.04769
      27.14060      24.04755
      27.15070      24.04742
      27.16090      24.04728
      27.17110      24.04714
      27.18120      24.04701
      27.19140      24.04687
      27.20160      24.04674
      27.21170      24.04661
      27.22190      24.04647
      27.23210      24.04634
      27.24220      24.04621
      27.25240      24.04608
      27.26260      24.04594
      27.27270      24.04581
      27.28290      24.04568
      27.29300      24.04556
      27.30320      24.04543
      27.31340      24.04530
      27.32350      24.04517
      27.33370      24.04504
      27.34390      24.04491
      27.35400      24.04479
      27.36420      24.04466
      27.37440      24.04454
      27.38450      24.04441
      27.39470      24.04429
      27.40490      24.04416
      27.41500      24.04404
      27.42520      24.04392
      27.43530      24.04380
      27.44550      24.04368
      27.45570      24.04355
      27.46580      24.04344
      27.47600      24.04331
      27.48620      24.04320
      27.49630      24.04308
      27.50650      24.04296
      27.51670      24.04284
      27.52680      24.04272
      27.53700      24.04260
      27.54720      24.04249
      27.55730      24.04237
      27.56750      24.04226
      27.57770      24.04214
      27.58780      24.04203
      27.59800      24.04191
      27.60810      24.04180
      27.61830      24.04169
      27.62850      24.04157
      27.63860      24.04146
      27.64880      24.04135
      27.65900      24.04123
      27.66910      24.04112
      27.67930      24.04101
      27.68950      24.04090
      27.69960      24.04079
      27.70980      24.04068
      27.72000      24.04058
      27.73010      24.04047
      27.74030      24.04036
      27.75040      24.04025
      27.76060      24.04014
      27.77080      24.04004
      27.78090      24.03993
      27.79110      24.03983
      27.80130      24.03972
      27.81140      24.03962
      27.82160      24.03951
      27.83180      24.03941
      27.84190      24.03930
      27.85210      24.03920
      27.86230      24.03909
      27.87240      24.03899
      27.88260      24.03889
      27.89280      24.03879
      27.90290      24.03869
      27.91310      24.03859
      27.92320      24.03849
      27.93340      24.03839
      27.94360      24.03829
      27.95370      24.03819
      27.96390      24.03809
      27.97410      24.03799
      27.98420      24.03789
      27.99440      24.03779
      28.00460      24.03769
      28.01470      24.03760
      28.02490      24.03750
      28.03510      24.03740
      28.04520      24.03731
      28.05540      24.03721
      28.06550      24.03712
      28.07570      24.03702
      28.08590      24.03693
      28.09600      24.03683
      28.10620      24.03674
      28.11640      24.03665
      28.12650      24.03655
      28.13670      24.03646
      28.14690      24.03637
      28.15700      24.03628
      28.16720      24.03618
      28.17740      24.03609
      28.18750      24.03600
      28.19770      24.03591
      28.20790      24.03582
      28.21800      24.03573
      28.22820      24.03564
      28.23830      24.03555
      28.24850      24.03546
      28.25870      24.03537
      28.26880      24.03529
      28.27900      24.03520
      28.28920      24.03511
      28.29930      24.03502
      28.30950      24.03493
      28.31970      24.03485
      28.32980      24.03476
      28.34000      24.03468
      28.35020      24.03459
      28.36030      24.03450
      28.37050      24.03442
      28.38060      24.03433
      28.39080      24.03425
      28.40100      24.03416
      28.41110      24.03408
      28.42130      24.03400
      28.43150      24.03391
      28.44160      24.03383
      28.45180      24.03375
      28.46200      24.03367
      28.47210      24.03358
      28.48230      24.03350
      28.49250      24.03342
      28.50260      24.03334
      28.51280      24.03326
      28.52300      24.03318
      28.53310      24.03310
      28.54330      24.03302
      28.55340      24.03294
      28.56360      24.03286
      28.57380      24.03278
      28.58390      24.03270
      28.59410      24.03262
      28.60430      24.03254
      28.61440      24.03246
      28.62460      24.03239
      28.63480      24.03231
      28.64490      24.03223
      28.65510      24.03216
      28.66530      24.03208
      28.67540      24.03200
      28.68560      24.03193
      28.69570      24.03185
      28.70590      24.03178
      28.71610      24.03170
      28.72620      24.03163
      28.73640      24.03155
      28.74660      24.03148
      28.75670      24.03140
      28.76690      24.03133
      28.77710      24.03125
      28.78720      24.03118
      28.79740      24.03111
      28.80760      24.03103
      28.81770      24.03096
      28.82790      24.03089
      28.83810      24.03082
      28.84820      24.03074
      28.85840      24.03067
      28.86850      24.03060
      28.87870      24.03053
      28.88890      24.03046
      28.89900      24.03039
      28.90920      24.03032
      28.91940      24.03025
      28.92950      24.03018
      28.93970      24.03011
      28.94990      24.03004
      28.96000      24.02997
      28.97020      24.02990
      28.98040      24.02983
      28.99050      24.02976
      29.00070      24.02970
      29.01080      24.02963
      29.02100      24.02956
      29.03120      24.02949
      29.04130      24.02942
      29.05150      24.02936
      29.06170      24.02929
      29.07180      24.02922
      29.08200      24.02916
      29.09220      24.02909
      29.10230      24.02902
      29.11250      24.02896
      29.12270      24.02889
      29.13280      24.02883
      29.14300      24.02876
      29.15310      24.02870
      29.16330      24.02863
      29.17350      24.02857
      29.18360      24.02851
      29.19380      24.02844
      29.20400      24.02838
      29.21410      24.02831
      29.22430      24.02825
      29.23450      24.02819
      29.24460      24.02812
      29.25480      24.02806
      29.26500      24.02800
      29.27510      24.02794
      29.28530      24.02787
      29.29550      24.02781
      29.30560      24.02775
      29.31580      24.02769
      29.32590      24.02763
      29.33610      24.02757
      29.34630      24.02751
      29.35640      24.02744
      29.36660      24.02738
      29.37680      24.02732
      29.38690      24.02726
      29.39710      24.02720
      29.40730      24.02714
      29.41740      24.02708
      29.42760      24.02703
      29.43780      24.02697
      29.44790      24.02691
      29.45810      24.02685
      29.46820      24.02679
      29.47840      24.02673
      29.48860      24.02667
      29.49870      24.02662
      29.50890      24.02656
      29.51910      24.02650
      29.52920      24.02644
      29.53940      24.02639
      29.54960      24.02633
      29.55970      24.02627
      29.56990      24.02621
      29.58010      24.02616
      29.59020      24.02610
      29.60040      24.02605
      29.61060      24.02599
      29.62070      24.02593
      29.63090      24.02588
      29.64100      24.02582
      29.65120      24.02577
      29.66140      24.02571
      29.67150      24.02566
      29.68170      24.02560
      29.69190      24.02555
      29.70200      24.02549
      29.71220      24.02544
      29.72240      24.02539
      29.73250      24.02533
      29.74270      24.02528
      29.75290      24.02522
      29.76300      24.02517
      29.77320      24.02512
      29.78330      24.02507
      29.79350      24.02501
      29.80370      24.02496
      29.81380      24.02491
      29.82400      24.02485
      29.83420      24.02480
      29.84430      24.02475
      29.85450      24.02470
      29.86470      24.02465
      29.87480      24.02460
      29.88500      24.02454
      29.89520      24.02449
      29.90530      24.02444
      29.91550      24.02439
      29.92570      24.02434
      29.93580      24.02429
      29.94600      24.02424
      29.95610      24.02419
      29.96630      24.02414
      29.97650      24.02409
      29.98660      24.02404
      29.99680      24.02399
      30.00700      24.02394
      30.01710      24.02389
      30.02730      24.02384
      30.03750      24.02379
      30.04760      24.02374
      30.05780      24.02369
      30.06800      24.02365
      30.07810      24.02360
      30.08830      24.02355
      30.09840      24.02350
      30.10860      24.02345
      30.11880      24.02341
      30.12890      24.02336
      30.13910      24.02331
      30.14930      24.02326
      30.15940      24.02322
      30.16960      24.02317
      30.17980      24.02312
      30.18990      24.02308
      30.20010      24.02303
      30.21030      24.02298
      30.22040      24.02294
      30.23060      24.02289
      30.24080      24.02284
      30.25090      24.02280
      30.26110      24.02275
      30.27120      24.02271
      30.28140      24.02266
      30.29160      24.02261
      30.30170      24.02257
      30.31190      24.02252
      30.32210      24.02248
      30.33220      24.02243
      30.34240      24.02239
      30.35260      24.02234
      30.36270      24.02230
      30.37290      24.02225
      30.38310      24.02221
      30.39320      24.02217
      30.40340      24.02212
      30.41350      24.02208
      30.42370      24.02204
      30.43390      24.02199
      30.44400      24.02195
      30.45420      24.02191
      30.46440      24.02186
      30.47450      24.02182
      30.48470      24.02178
      30.49490      24.02173
      30.50500      24.02169
      30.51520      24.02165
      30.52540      24.02161
      30.53550      24.02156
      30.54570      24.02152
      30.55590      24.02148
      30.56600      24.02144
      30.57620      24.02139
      30.58630      24.02135
      30.59650      24.02131
      30.60670      24.02127
      30.61680      24.02123
      30.62700      24.02119
      30.63720      24.02115
      30.64730      24.02111
      30.65750      24.02106
      30.66770      24.02102
      30.67780      24.02098
      30.68800      24.02094
      30.69820      24.02090
      30.70830      24.02086
      30.71850      24.02082
      30.72860      24.02078
      30.73880      24.02074
      30.74900      24.02070
      30.75910      24.02066
      30.76930      24.02062
      30.77950      24.02058
      30.78960      24.02054
      30.79980      24.02051
      30.81000      24.02047
      30.82010      24.02043
      30.83030      24.02039
      30.84050      24.02035
      30.85060      24.02031
      30.86080      24.02027
      30.87100      24.02023
      30.88110      24.02020
      30.89130      24.02016
      30.90140      24.02012
      30.91160      24.02008
      30.92180      24.02004
      30.93190      24.02001
      30.94210      24.01997
      30.95230      24.01993
      30.96240      24.01989
      30.97260      24.01986
      30.98280      24.01982
      30.99290      24.01978
      31.00310      24.01974
      31.01330      24.01971
      31.02340      24.01967
      31.03360      24.01963
      31.04370      24.01960
      31.05390      24.01956
      31.06410      24.01952
      31.07420      24.01949
      31.08440      24.01945
      31.09460      24.01941
      31.10470      24.01938
      31.11490      24.01934
      31.12510      24.01931
      31.13520      24.01927
      31.14540      24.01924
      31.15560      24.01920
      31.16570      24.01916
      31.17590      24.01913
      31.18600      24.01909
      31.19620      24.01906
      31.20640      24.01902
      31.21650      24.01899
      31.22670      24.01895
      31.23690      24.01892
      31.24700      24.01888
      31.25720      24.01885
      31.26740      24.01881
      31.27750      24.01878
      31.28770      24.01875
      31.29790      24.01871
      31.30800      24.01868
      31.31820      24.01864
      31.32840      24.01861
      31.33850      24.01858
      31.34870      24.01854
      31.35880      24.01851
      31.36900      24.01847
      31.37920      24.01844
      31.38930      24.01841
      31.39950      24.01838
      31.40970      24.01834
      31.41980      24.01831
      31.43000      24.01827
      31.44020      24.01824
      31.45030      24.01821
      31.46050      24.01818
      31.47070      24.01814
      31.48080      24.01811
      31.49100      24.01808
      31.50110      24.01805
      31.51130      24.01801
      31.52150      24.01798
      31.53160      24.01795
      31.54180      24.01792
      31.55200      24.01789
      31.56210      24.01785
      31.57230      24.01782
      31.58250      24.01779
      31.59260      24.01776
      31.60280      24.01773
      31.61300      24.01769
      31.62310      24.01766
      31.63330      24.01763
      31.64350      24.01760
      31.65360      24.01757
      31.66380      24.01754
      31.67390      24.01751
      31.68410      24.01748
      31.69430      24.01745
      31.70440      24.01742
      31.71460      24.01739
      31.72480      24.01735
      31.73490      24.01732
      31.74510      24.01729
      31.75530      24.01726
      31.76540      24.01723
      31.77560      24.01720
      31.78580      24.01717
      31.79590      24.01714
      31.80610      24.01711
      31.81620      24.01708
      31.82640      24.01705
      31.83660      24.01702
      31.84670      24.01699
      31.85690      24.01696
      31.86710      24.01694
      31.87720      24.01690
      31.88740      24.01688
      31.89760      24.01685
      31.90770      24.01682
      31.91790      24.01679
      31.92810      24.01676
      31.93820      24.01673
      31.94840      24.01670
      31.95860      24.01667
      31.96870      24.01664
      31.97890      24.01661
      31.98900      24.01659
      31.99920      24.01656
      32.00940      24.01653
      32.01950      24.01650
      32.02970      24.01647
      32.03990      24.01645
      32.05000      24.01642
      32.06020      24.01639
      32.07040      24.01636
      32.08050      24.01633
      32.09070      24.01631
      32.10090      24.01628
      32.11100      24.01625
      32.12120      24.01622
      32.13130      24.01620
      32.14150      24.01617
      32.15170      24.01614
      32.16180      24.01611
      32.17200      24.01608
      32.18220      24.01606
      32.19230      24.01603
      32.20250      24.01600
      32.21270      24.01598
      32.22280      24.01595
      32.23300      24.01592
      32.24320      24.01590
      32.25330      24.01587
      32.26350      24.01584
      32.27370      24.01582
      32.28380      24.01579
      32.29400      24.01576
      32.30410      24.01574
      32.31430      24.01571
      32.32450      24.01568
      32.33460      24.01566
      32.34480      24.01563
      32.35500      24.01561
      32.36510      24.01558
      32.37530      24.01555
      32.38550      24.01553
      32.39560      24.01550
      32.40580      24.01548
      32.41600      24.01545
      32.42610      24.01542
      32.43630      24.01540
      32.44640      24.01537
      32.45660      24.01535
      32.46680      24.01532
      32.47690      24.01530
      32.48710      24.01527
      32.49730      24.01525
      32.50740      24.01522
      32.51760      24.01520
      32.52780      24.01517
      32.53790      24.01515
      32.54810      24.01512
      32.55830      24.01510
      32.56840      24.01507
      32.57860      24.01505
      32.58880      24.01502
      32.59890      24.01500
      32.60910      24.01497
      32.61920      24.01495
      32.62940      24.01493
      32.63960      24.01490
      32.64970      24.01488
      32.65990      24.01485
      32.67010      24.01483
      32.68020      24.01480
      32.69040      24.01478
      32.70060      24.01476
      32.71070      24.01473
      32.72090      24.01471
      32.73110      24.01468
      32.74120      24.01466
      32.75140      24.01464
      32.76150      24.01461
      32.77170      24.01459
      32.78190      24.01457
      32.79200      24.01454
      32.80220      24.01452
      32.81240      24.01450
      32.82250      24.01447
      32.83270      24.01445
      32.84290      24.01443
      32.85300      24.01440
      32.86320      24.01438
      32.87340      24.01436
      32.88350      24.01433
      32.89370      24.01431
      32.90390      24.01429
      32.91400      24.01427
      32.92420      24.01424
      32.93430      24.01422
      32.94450      24.01420
      32.95470      24.01418
      32.96480      24.01415
      32.97500      24.01413
      32.98520      24.01411
      32.99530      24.01409
      33.00550      24.01406
      33.01570      24.01404
      33.02580      24.01402
      33.03600      24.01400
      33.04620      24.01398
      33.05630      24.01395
      33.06650      24.01393
      33.07660      24.01391
      33.08680      24.01389
      33.09700      24.01386
      33.10710      24.01384
      33.11730      24.01382
      33.12750      24.01380
      33.13760      24.01378
      33.14780      24.01376
      33.15800      24.01373
      33.16810      24.01371
      33.17830      24.01369
      33.18850      24.01367
      33.19860      24.01365
      33.20880      24.01363
      33.21890      24.01361
      33.22910      24.01359
      33.23930      24.01357
      33.24940      24.01354
      33.25960      24.01352
      33.26980      24.01350
      33.27990      24.01348
      33.29010      24.01346
      33.30030      24.01344
      33.31040      24.01342
      33.32060      24.01340
      33.33080      24.01338
      33.34090      24.01336
      33.35110      24.01333
      33.36130      24.01332
      33.37140      24.01329
      33.38160      24.01327
      33.39170      24.01325
      33.40190      24.01323
      33.41210      24.01321
      33.42220      24.01319
      33.43240      24.01317
      33.44260      24.01315
      33.45270      24.01313
      33.46290      24.01311
      33.47310      24.01309
      33.48320      24.01307
      33.49340      24.01305
      33.50360      24.01303
      33.51370      24.01301
      33.52390      24.01299
      33.53400      24.01297
      33.54420      24.01295
      33.55440      24.01293
      33.56450      24.01291
      33.57470      24.01289
      33.58490      24.01287
      33.59500      24.01285
      33.60520      24.01283
      33.61540      24.01282
      33.62550      24.01280
      33.63570      24.01278
      33.64590      24.01276
      33.65600      24.01274
      33.66620      24.01272
      33.67640      24.01270
      33.68650      24.01268
      33.69670      24.01266
      33.70680      24.01264
      33.71700      24.01262
      33.72720      24.01261
      33.73730      24.01259
      33.74750      24.01257
      33.75770      24.01255
      33.76780      24.01253
      33.77800      24.01251
      33.78820      24.01249
      33.79830      24.01247
      33.80850      24.01245
      33.81870      24.01244
      33.82880      24.01242
      33.83900      24.01240
      33.84910      24.01238
      33.85930      24.01236
      33.86950      24.01234
      33.87960      24.01233
      33.88980      24.01231
      33.90000      24.01229
      33.91010      24.01227
      33.92030      24.01225
      33.93050      24.01224
      33.94060      24.01222
      33.95080      24.01220
      33.96100      24.01218
      33.97110      24.01216
      33.98130      24.01214
      33.99150      24.01213
      34.00160      24.01211
      34.01180      24.01209
      34.02190      24.01207
      34.03210      24.01206
      34.04230      24.01204
      34.05240      24.01202
      34.06260      24.01200
      34.07280      24.01199
      34.08290      24.01197
      34.09310      24.01195
      34.10330      24.01193
      34.11340      24.01192
      34.12360      24.01190
      34.13380      24.01188
      34.14390      24.01186
      34.15410      24.01185
      34.16420      24.01183
      34.17440      24.01181
      34.18460      24.01180
      34.19470      24.01178
      34.20490      24.01176
      34.21510      24.01174
      34.22520      24.01173
      34.23540      24.01171
      34.24560      24.01169
      34.25570      24.01168
      34.26590      24.01166
      34.27610      24.01164
      34.28620      24.01163
      34.29640      24.01161
      34.30660      24.01159
      34.31670      24.01158
      34.32690      24.01156
      34.33700      24.01154
      34.34720      24.01153
      34.35740      24.01151
      34.36750      24.01149
      34.37770      24.01148
      34.38790      24.01146
      34.39800      24.01144
      34.40820      24.01143
      34.41840      24.01141
      34.42850      24.01139
      34.43870      24.01138
      34.44890      24.01136
      34.45900      24.01134
      34.46920      24.01133
      34.47930      24.01131
      34.48950      24.01130
      34.49970      24.01128
      34.50980      24.01126
      34.52000      24.01125
      34.53020      24.01123
      34.54030      24.01122
      34.55050      24.01120
      34.56070      24.01119
      34.57080      24.01117
      34.58100      24.01115
      34.59120      24.01114
      34.60130      24.01112
      34.61150      24.01111
      34.62170      24.01109
      34.63180      24.01108
      34.64200      24.01106
      34.65210      24.01105
      34.66230      24.01103
      34.67250      24.01101
      34.68260      24.01100
      34.69280      24.01098
      34.70300      24.01097
      34.71310      24.01095
      34.72330      24.01094
      34.73350      24.01092
      34.74360      24.01091
      34.75380      24.01089
      34.76400      24.01088
      34.77410      24.01086
      34.78430      24.01085
      34.79440      24.01083
      34.80460      24.01081
      34.81480      24.01080
      34.82490      24.01079
      34.83510      24.01077
      34.84530      24.01076
      34.85540      24.01074
      34.86560      24.01073
      34.87580      24.01071
      34.88590      24.01070
      34.89610      24.01068
      34.90630      24.01067
      34.91640      24.01065
      34.92660      24.01064
      34.93670      24.01062
      34.94690      24.01061
      34.95710      24.01059
      34.96720      24.01058
      34.97740      24.01056
      34.98760      24.01055
      34.99770      24.01054
      35.00790      24.01052
      35.01810      24.01051
      35.02820      24.01049
      35.03840      24.01048
      35.04860      24.01046
      35.05870      24.01045
      35.06890      24.01044
      35.07910      24.01042
      35.08920      24.01041
      35.09940      24.01039
      35.10950      24.01038
      35.11970      24.01036
      35.12990      24.01035
      35.14000      24.01034
      35.15020      24.01032
      35.16040      24.01031
      35.17050      24.01029
      35.18070      24.01028
      35.19090      24.01027
      35.20100      24.01025
      35.21120      24.01024
      35.22140      24.01022
      35.23150      24.01021
      35.24170      24.01020
      35.25180      24.01018
      35.26200      24.01017
      35.27220      24.01015
      35.28230      24.01014
      35.29250      24.01013
      35.30270      24.01011
      35.31280      24.01010
      35.32300      24.01009
      35.33320      24.01007
      35.34330      24.01006
      35.35350      24.01005
      35.36370      24.01003
      35.37380      24.01002
      35.38400      24.01001
      35.39420      24.00999
      35.40430      24.00998
      35.41450      24.00997
      35.42460      24.00995
      35.43480      24.00994
      35.44500      24.00993
      35.45510      24.00991
      35.46530      24.00990
      35.47550      24.00989
      35.48560      24.00987
      35.49580      24.00986
      35.50600      24.00985
      35.51610      24.00983
      35.52630      24.00982
      35.53650      24.00981
      35.54660      24.00980
      35.55680      24.00978
      35.56690      24.00977
      35.57710      24.00976
      35.58730      24.00974
      35.59740      24.00973
      35.60760      24.00972
      35.61780      24.00971
      35.62790      24.00969
      35.63810      24.00968
      35.64830      24.00967
      35.65840      24.00965
      35.66860      24.00964
      35.67880      24.00963
      35.68890      24.00962
      35.69910      24.00960
      35.70930      24.00959
      35.71940      24.00958
      35.72960      24.00957
      35.73970      24.00955
      35.74990      24.00954
      35.76010      24.00953
      35.77020      24.00952
      35.78040      24.00950
      35.79060      24.00949
      35.80070      24.00948
      35.81090      24.00947
      35.82110      24.00945
      35.83120      24.00944
      35.84140      24.00943
      35.85160      24.00942
      35.86170      24.00941
      35.87190      24.00939
      35.88200      24.00938
      35.89220      24.00937
      35.90240      24.00936
      35.91250      24.00935
      35.92270      24.00933
      35.93290      24.00932
      35.94300      24.00931
      35.95320      24.00930
      35.96340      24.00928
      35.97350      24.00927
      35.98370      24.00926
      35.99390      24.00925
