! TITLE: Yobs                                                                                                                                                                                                                                                            
! Yobs - Ycalc 
       6.00860     -29.42249
       6.01870     -29.64737
       6.02890     -29.96231
       6.03910     -29.48727
       6.04920     -30.12221
       6.05940     -29.60721
       6.06960     -29.40223
       6.07970     -29.55721
       6.08990     -30.02226
       6.10010     -29.63734
       6.11020     -30.02238
       6.12040     -29.11749
       6.13060     -29.84262
       6.14070     -30.34772
       6.15090     -29.68289
       6.16110     -29.85808
       6.17120     -30.20324
       6.18140     -30.66846
       6.19150     -29.96366
       6.20170     -30.59892
       6.21190     -30.41421
       6.22200     -30.18946
       6.23220     -30.06479
       6.24240     -30.67014
       6.25250     -30.23545
       6.26270     -30.60084
       6.27290     -30.39625
       6.28300     -30.50162
       6.29320     -30.75707
       6.30340     -30.03255
       6.31350     -30.45798
       6.32370     -30.55350
       6.33380     -30.26897
       6.34400     -30.19453
       6.35420     -30.26011
       6.36430     -31.03565
       6.37450     -30.80127
       6.38470     -30.89692
       6.39480     -30.96252
       6.40500     -31.28821
       6.41520     -31.24392
       6.42530     -30.71960
       6.43550     -30.91535
       6.44570     -30.45113
       6.45580     -30.23687
       6.46600     -30.93270
       6.47620     -30.64854
       6.48630     -31.45436
       6.49650     -31.41025
       6.50660     -30.63611
       6.51680     -31.42205
       6.52700     -30.66801
       6.53710     -30.51394
       6.54730     -31.28996
       6.55750     -31.03599
       6.56760     -30.97200
       6.57780     -30.36808
       6.58800     -30.58419
       6.59810     -30.67027
       6.60830     -30.45643
       6.61850     -30.49261
       6.62860     -30.86877
       6.63880     -30.49500
       6.64890     -30.94120
       6.65910     -30.52749
       6.66930     -30.94381
       6.67940     -31.02008
       6.68960     -30.44645
       6.69980     -31.71284
       6.70990     -30.37920
       6.72010     -30.98565
       6.73030     -31.41212
       6.74040     -31.19856
       6.75060     -30.71508
       6.76080     -30.66164
       6.77090     -31.26815
       6.78110     -30.35476
       6.79130     -30.89140
       6.80140     -30.92800
       6.81160     -30.83470
       6.82170     -30.27135
       6.83190     -30.33810
       6.84210     -30.87488
       6.85220     -31.01163
       6.86240     -29.81846
       6.87260     -30.83533
       6.88270     -30.69216
       6.89290     -30.95908
       6.90310     -29.92604
       6.91320     -30.54295
       6.92340     -30.13997
       6.93360     -30.51701
       6.94370     -30.70402
       6.95390     -30.86112
       6.96400     -30.86819
       6.97420     -30.79536
       6.98440     -31.37256
       6.99450     -30.25972
       7.00470     -29.97698
       7.01490     -29.87427
       7.02500     -31.41153
       7.03520     -30.34888
       7.04540     -30.97627
       7.05550     -31.20362
       7.06570     -30.30108
       7.07590     -29.99857
       7.08600     -30.49601
       7.09620     -30.90357
       7.10640     -30.39115
       7.11650     -30.10870
       7.12670     -30.37636
       7.13680     -30.32397
       7.14700     -31.30169
       7.15720     -30.64945
       7.16730     -30.51716
       7.17750     -31.01499
       7.18770     -30.69285
       7.19780     -30.44067
       7.20800     -31.49861
       7.21820     -30.40657
       7.22830     -29.29450
       7.23850     -31.41254
       7.24870     -30.50062
       7.25880     -30.55865
       7.26900     -30.43680
       7.27910     -30.48491
       7.28930     -29.77313
       7.29950     -30.98139
       7.30960     -30.90961
       7.31980     -30.36794
       7.33000     -29.89632
       7.34010     -30.66465
       7.35030     -30.29310
       7.36050     -30.41159
       7.37060     -29.92003
       7.38080     -29.65860
       7.39100     -30.27721
       7.40110     -30.25577
       7.41130     -30.05446
       7.42150     -30.48318
       7.43160     -30.39187
       7.44180     -30.15067
       7.45190     -30.01943
       7.46210     -30.16832
       7.47230     -30.50725
       7.48240     -29.71614
       7.49260     -29.97515
       7.50280     -30.28421
       7.51290     -30.03321
       7.52310     -30.45235
       7.53330     -30.74154
       7.54340     -29.67067
       7.55360     -30.24994
       7.56380     -29.52925
       7.57390     -29.52852
       7.58410     -30.42792
       7.59420     -29.91727
       7.60440     -29.52676
       7.61460     -29.76629
       7.62470     -29.85577
       7.63490     -29.96540
       7.64510     -29.38507
       7.65520     -29.39468
       7.66540     -30.36444
       7.67560     -29.92425
       7.68570     -29.83401
       7.69590     -30.12391
       7.70610     -29.56386
       7.71620     -29.04375
       7.72640     -30.18379
       7.73650     -29.83378
       7.74670     -29.60392
       7.75690     -31.09411
       7.76700     -29.46424
       7.77720     -29.13453
       7.78740     -30.55486
       7.79750     -28.57514
       7.80770     -29.19557
       7.81790     -30.33606
       7.82800     -30.04648
       7.83820     -29.72707
       7.84840     -30.20770
       7.85850     -29.95828
       7.86870     -29.94902
       7.87890     -29.42981
       7.88900     -29.75055
       7.89920     -29.52144
       7.90930     -29.26228
       7.91950     -29.69328
       7.92970     -29.45433
       7.93980     -30.11533
       7.95000     -29.23648
       7.96020     -29.19770
       7.97030     -28.83886
       7.98050     -29.68018
       7.99070     -29.41156
       8.00080     -29.47288
       8.01100     -29.36437
       8.02120     -29.33591
       8.03130     -30.01740
       8.04150     -29.68906
       8.05160     -29.32066
       8.06180     -29.10244
       8.07200     -29.98426
       8.08210     -29.08604
       8.09230     -29.41798
       8.10250     -29.78999
       8.11260     -29.31194
       8.12280     -28.55406
       8.13300     -29.61624
       8.14310     -29.28836
       8.15330     -29.66067
       8.16350     -29.02303
       8.17360     -29.08533
       8.18380     -28.72782
       8.19400     -29.90036
       8.20410     -28.33285
       8.21430     -28.57552
       8.22440     -29.39813
       8.23460     -29.20093
       8.24480     -28.95378
       8.25490     -28.92658
       8.26510     -29.41957
       8.27530     -29.09262
       8.28540     -28.34561
       8.29560     -28.66879
       8.30580     -29.41203
       8.31590     -28.58522
       8.32610     -28.75860
       8.33630     -30.01204
       8.34640     -28.57542
       8.35660     -28.91900
       8.36670     -29.29251
       8.37690     -28.95622
       8.38710     -28.63000
       8.39720     -29.55372
       8.40740     -28.63764
       8.41760     -29.05163
       8.42770     -28.84555
       8.43790     -28.58968
       8.44810     -28.90388
       8.45820     -28.45801
       8.46840     -27.62235
       8.47860     -28.84676
       8.48870     -29.46111
       8.49890     -28.50566
       8.50910     -29.18029
       8.51920     -28.32485
       8.52940     -28.15963
       8.53950     -28.90433
       8.54970     -28.10925
       8.55990     -28.11426
       8.57000     -27.77918
       8.58020     -28.55433
       8.59040     -29.04956
       8.60050     -28.45471
       8.61070     -28.18009
       8.62090     -28.76555
       8.63100     -27.98092
       8.64120     -28.74654
       8.65140     -28.82223
       8.66150     -28.60784
       8.67170     -28.77369
       8.68180     -27.95946
       8.69200     -28.27547
       8.70220     -28.43155
       8.71230     -27.89756
       8.72250     -28.38381
       8.73270     -28.75014
       8.74280     -27.64639
       8.75300     -28.21289
       8.76320     -28.31947
       8.77330     -28.36596
       8.78350     -27.68271
       8.79370     -28.30954
       8.80380     -27.70629
       8.81400     -28.22329
       8.82420     -28.44037
       8.83430     -27.53737
       8.84450     -27.17463
       8.85460     -28.01180
       8.86480     -27.81923
       8.87500     -27.59675
       8.88510     -27.89418
       8.89530     -27.64188
       8.90550     -28.47966
       8.91560     -28.21736
       8.92580     -28.10532
       8.93600     -28.34338
       8.94610     -27.94134
       8.95630     -27.23958
       8.96650     -28.14791
       8.97660     -27.63614
       8.98680     -27.78466
       8.99690     -27.54308
       9.00710     -28.22178
       9.01730     -27.66057
       9.02740     -27.68928
       9.03760     -27.92826
       9.04780     -27.15734
       9.05790     -26.72632
       9.06810     -27.49559
       9.07830     -27.18496
       9.08840     -27.21423
       9.09860     -27.83380
       9.10880     -27.92346
       9.11890     -27.29302
       9.12910     -27.71288
       9.13930     -27.37284
       9.14940     -27.29270
       9.15960     -28.31286
       9.16970     -27.48292
       9.17990     -27.08328
       9.19010     -27.37375
       9.20020     -28.33412
       9.21040     -27.20479
       9.22060     -27.75556
       9.23070     -27.55623
       9.24090     -28.20722
       9.25110     -28.11831
       9.26120     -26.54929
       9.27140     -26.53059
       9.28160     -27.57200
       9.29170     -27.10331
       9.30190     -27.27493
       9.31200     -27.16645
       9.32220     -26.09829
       9.33240     -27.68023
       9.34250     -27.05208
       9.35270     -27.33425
       9.36290     -27.88652
       9.37300     -27.71870
       9.38320     -27.38120
       9.39340     -27.35382
       9.40350     -27.33632
       9.41370     -27.58916
       9.42390     -27.34212
       9.43400     -27.42496
       9.44420     -27.63815
       9.45440     -27.73145
       9.46450     -27.69464
       9.47470     -26.56818
       9.48480     -26.93160
       9.49500     -27.02536
       9.50520     -26.91925
       9.51530     -27.64303
       9.52550     -26.82715
       9.53570     -26.73140
       9.54580     -26.38552
       9.55600     -28.41001
       9.56620     -27.73462
       9.57630     -27.00911
       9.58650     -26.45397
       9.59670     -27.66895
       9.60680     -27.11380
       9.61700     -26.91903
       9.62710     -26.21413
       9.63730     -26.66961
       9.64750     -28.03521
       9.65760     -26.02069
       9.66780     -26.42654
       9.67800     -27.67253
       9.68810     -26.37839
       9.69830     -26.02463
       9.70850     -26.73100
       9.71860     -27.14724
       9.72880     -27.40388
       9.73900     -27.53064
       9.74910     -26.28727
       9.75930     -27.33430
       9.76940     -26.58119
       9.77960     -27.51849
       9.78980     -26.31592
       9.79990     -26.98321
       9.81010     -26.69091
       9.82030     -26.07875
       9.83040     -27.31644
       9.84060     -26.61455
       9.85080     -27.16280
       9.86090     -26.87090
       9.87110     -26.83943
       9.88130     -27.08809
       9.89140     -27.08662
       9.90160     -27.13556
       9.91180     -26.41465
       9.92190     -26.51359
       9.93210     -26.30296
       9.94220     -26.07218
       9.95240     -27.09184
       9.96260     -27.02164
       9.97270     -26.50129
       9.98290     -26.80138
       9.99310     -26.49162
      10.00320     -26.39171
      10.01340     -26.22224
      10.02360     -25.92292
      10.03370     -26.70345
      10.04390     -27.48443
      10.05410     -27.35556
      10.06420     -26.56653
      10.07440     -26.88796
      10.08450     -26.95923
      10.09470     -26.95097
      10.10490     -26.39286
      10.11500     -25.94458
      10.12520     -26.40678
      10.13540     -27.56913
      10.14550     -26.97131
      10.15570     -27.07398
      10.16590     -26.84680
      10.17600     -26.12945
      10.18620     -25.63258
      10.19640     -26.82587
      10.20650     -26.51900
      10.21670     -26.58261
      10.22690     -26.76639
      10.23700     -26.48999
      10.24720     -25.88408
      10.25730     -26.02801
      10.26750     -27.28243
      10.27770     -26.27702
      10.28780     -26.35143
      10.29800     -26.25634
      10.30820     -26.15142
      10.31830     -26.81633
      10.32850     -25.71174
      10.33870     -26.97732
      10.34880     -26.54272
      10.35900     -26.01864
      10.36920     -26.92473
      10.37930     -27.45064
      10.38950     -26.55707
      10.39960     -26.83331
      10.40980     -26.51009
      10.42000     -26.87704
      10.43010     -26.37380
      10.44030     -25.83109
      10.45050     -26.53856
      10.46060     -26.43584
      10.47080     -26.39366
      10.48100     -26.12166
      10.49110     -26.80947
      10.50130     -26.93782
      10.51150     -25.56636
      10.52160     -26.58469
      10.53180     -26.26359
      10.54200     -26.66266
      10.55210     -27.07154
      10.56230     -26.73098
      10.57240     -26.31021
      10.58260     -26.31001
      10.59280     -26.14001
      10.60290     -25.83978
      10.61310     -26.88015
      10.62330     -25.92069
      10.63340     -26.89103
      10.64360     -26.24196
      10.65380     -26.47306
      10.66390     -26.99396
      10.67410     -27.05545
      10.68430     -26.57713
      10.69440     -26.29859
      10.70460     -25.86065
      10.71470     -26.35249
      10.72490     -26.80494
      10.73510     -26.93758
      10.74520     -26.58000
      10.75540     -26.34303
      10.76560     -26.90625
      10.77570     -25.95925
      10.78590     -26.42287
      10.79610     -26.34669
      10.80620     -26.72027
      10.81640     -26.39449
      10.82660     -27.31891
      10.83670     -26.77309
      10.84690     -26.49790
      10.85710     -26.98292
      10.86720     -25.82770
      10.87740     -26.81313
      10.88750     -26.39831
      10.89770     -26.49414
      10.90790     -26.69018
      10.91800     -25.84598
      10.92820     -27.01243
      10.93840     -26.76909
      10.94850     -26.27550
      10.95870     -26.00257
      10.96890     -25.80986
      10.97900     -26.85689
      10.98920     -26.57459
      10.99940     -26.50251
      11.00950     -26.66017
      11.01970     -25.95852
      11.02980     -27.25660
      11.04000     -26.72536
      11.05020     -26.21436
      11.06030     -27.46307
      11.07050     -26.32249
      11.08070     -26.02213
      11.09080     -27.46149
      11.10100     -25.84156
      11.11120     -26.66185
      11.12130     -26.42186
      11.13150     -26.14259
      11.14170     -26.82354
      11.15180     -26.71421
      11.16200     -25.65561
      11.17220     -26.40723
      11.18230     -26.64856
      11.19250     -25.97063
      11.20260     -26.78240
      11.21280     -26.29493
      11.22300     -26.93767
      11.23310     -27.17012
      11.24330     -26.94332
      11.25350     -26.16674
      11.26360     -27.12988
      11.27380     -26.84376
      11.28400     -26.90788
      11.29410     -26.16169
      11.30430     -25.98627
      11.31450     -26.66109
      11.32460     -26.69559
      11.33480     -27.15088
      11.34490     -27.62584
      11.35510     -25.97159
      11.36530     -25.88758
      11.37540     -26.67325
      11.38560     -25.89971
      11.39580     -26.38640
      11.40590     -26.12278
      11.41610     -26.78996
      11.42630     -27.20737
      11.43640     -26.09447
      11.44660     -26.75236
      11.45680     -27.32050
      11.46690     -27.23831
      11.47710     -27.04694
      11.48730     -26.75581
      11.49740     -26.22434
      11.50760     -26.72370
      11.51770     -27.42272
      11.52790     -26.96257
      11.53810     -25.69267
      11.54820     -27.11242
      11.55840     -27.69302
      11.56860     -27.16386
      11.57870     -26.00436
      11.58890     -26.67570
      11.59910     -26.82730
      11.60920     -26.83854
      11.61940     -27.43064
      11.62960     -27.32299
      11.63970     -26.98498
      11.64990     -27.05785
      11.66000     -26.31034
      11.67020     -26.67371
      11.68040     -26.27734
      11.69050     -27.64060
      11.70070     -27.31474
      11.71090     -27.01914
      11.72100     -25.87316
      11.73120     -26.23808
      11.74140     -26.74326
      11.75150     -27.05806
      11.76170     -25.95375
      11.77190     -26.04972
      11.78200     -27.24529
      11.79220     -25.31178
      11.80230     -26.99788
      11.81250     -26.15489
      11.82270     -26.56217
      11.83280     -27.64906
      11.84300     -27.09687
      11.85320     -27.41495
      11.86330     -26.66263
      11.87350     -27.66124
      11.88370     -26.31013
      11.89380     -27.29860
      11.90400     -27.09802
      11.91420     -27.03771
      11.92430     -27.20699
      11.93450     -27.92723
      11.94470     -27.78774
      11.95480     -26.94782
      11.96500     -26.71888
      11.97510     -28.19950
      11.98530     -27.52111
      11.99550     -26.87298
      12.00560     -27.78443
      12.01580     -27.31686
      12.02600     -27.59956
      12.03610     -27.65184
      12.04630     -27.11509
      12.05650     -26.38864
      12.06660     -27.52173
      12.07680     -27.19583
      12.08700     -27.10021
      12.09710     -27.34414
      12.10730     -27.22908
      12.11740     -27.75357
      12.12760     -27.21907
      12.13780     -28.53486
      12.14790     -27.51018
      12.15810     -26.95654
      12.16830     -27.05318
      12.17840     -26.77935
      12.18860     -27.27656
      12.19880     -26.75406
      12.20890     -27.57109
      12.21910     -27.04915
      12.22930     -26.79751
      12.23940     -26.88539
      12.24960     -26.86433
      12.25980     -27.36355
      12.26990     -26.60229
      12.28010     -26.53209
      12.29020     -27.71141
      12.30040     -28.25179
      12.31060     -27.20247
      12.32070     -27.19265
      12.33090     -27.35392
      12.34110     -26.68547
      12.35120     -28.30652
      12.36140     -26.42867
      12.37160     -27.16111
      12.38170     -28.37303
      12.39190     -26.80606
      12.40210     -27.65939
      12.41220     -27.51220
      12.42240     -27.04612
      12.43250     -28.27951
      12.44270     -27.70403
      12.45290     -26.98884
      12.46300     -27.38313
      12.47320     -28.04853
      12.48340     -27.75425
      12.49350     -27.65942
      12.50370     -27.80573
      12.51390     -27.45234
      12.52400     -28.62841
      12.53420     -28.52563
      12.54440     -27.44315
      12.55450     -27.82011
      12.56470     -26.78824
      12.57490     -27.44667
      12.58500     -27.49453
      12.59520     -28.03357
      12.60530     -27.95203
      12.61550     -28.16169
      12.62570     -28.90163
      12.63580     -28.36101
      12.64600     -27.07157
      12.65620     -28.63245
      12.66630     -27.75273
      12.67650     -28.44422
      12.68670     -28.13601
      12.69680     -27.08721
      12.70700     -28.29961
      12.71720     -28.55234
      12.72730     -28.94445
      12.73750     -28.36779
      12.74760     -27.94051
      12.75780     -29.16447
      12.76800     -27.90874
      12.77810     -28.66239
      12.78830     -28.18727
      12.79850     -28.27248
      12.80860     -28.33706
      12.81880     -29.20288
      12.82900     -27.15902
      12.83910     -27.53452
      12.84930     -27.70129
      12.85950     -28.20836
      12.86960     -28.82479
      12.87980     -27.96249
      12.89000     -28.66051
      12.90010     -28.61788
      12.91030     -28.25653
      12.92040     -28.33451
      12.93060     -28.70379
      12.94080     -28.02338
      12.95090     -28.28230
      12.96110     -27.72252
      12.97130     -28.09306
      12.98140     -28.43293
      12.99160     -28.54410
      13.00180     -28.64558
      13.01190     -27.49639
      13.02210     -28.35852
      13.03230     -28.48095
      13.04240     -28.14270
      13.05260     -28.52578
      13.06270     -28.41816
      13.07290     -27.95185
      13.08310     -28.43589
      13.09320     -30.07921
      13.10340     -28.19387
      13.11360     -28.27885
      13.12370     -28.22313
      13.13390     -28.20874
      13.14410     -28.53469
      13.15420     -30.36991
      13.16440     -29.00649
      13.17460     -28.29338
      13.18470     -29.14956
      13.19490     -28.38709
      13.20510     -27.96495
      13.21520     -28.71208
      13.22540     -28.43057
      13.23550     -29.41833
      13.24570     -27.71746
      13.25590     -29.53693
      13.26600     -28.47562
      13.27620     -27.89573
      13.28640     -29.46615
      13.29650     -28.96581
      13.30670     -29.90687
      13.31690     -28.96826
      13.32700     -27.99886
      13.33720     -30.13089
      13.34740     -28.70323
      13.35750     -28.02480
      13.36770     -29.94778
      13.37780     -28.16999
      13.38800     -28.59362
      13.39820     -28.62757
      13.40830     -28.98073
      13.41850     -29.20531
      13.42870     -28.45024
      13.43880     -28.54433
      13.44900     -29.77990
      13.45920     -28.83578
      13.46930     -28.70084
      13.47950     -28.67736
      13.48970     -28.65420
      13.49980     -28.21021
      13.51000     -29.25770
      13.52010     -29.05434
      13.53030     -28.91246
      13.54050     -29.17091
      13.55060     -29.10851
      13.56080     -29.73759
      13.57100     -28.14700
      13.58110     -29.15556
      13.59130     -29.77560
      13.60150     -28.91595
      13.61160     -29.47546
      13.62180     -29.04647
      13.63200     -29.85779
      13.64210     -28.65825
      13.65230     -29.21021
      13.66250     -29.01249
      13.67260     -29.31388
      13.68280     -28.57681
      13.69290     -29.77883
      13.70310     -29.53239
      13.71330     -29.00626
      13.72340     -30.35925
      13.73360     -29.35374
      13.74380     -29.36858
      13.75390     -29.48249
      13.76410     -29.56796
      13.77430     -28.70374
      13.78440     -29.56860
      13.79460     -29.07501
      13.80480     -28.84174
      13.81490     -30.43755
      13.82510     -29.02490
      13.83520     -28.98133
      13.84540     -29.86931
      13.85560     -28.50762
      13.86570     -29.31498
      13.87590     -29.10392
      13.88610     -29.46316
      13.89620     -29.32146
      13.90640     -29.46132
      13.91660     -30.69152
      13.92670     -28.47074
      13.93690     -30.21156
      13.94710     -29.12268
      13.95720     -29.49283
      13.96740     -29.74457
      13.97760     -29.98664
      13.98770     -29.33772
      13.99790     -31.03039
      14.00800     -29.57208
      14.01820     -29.94537
      14.02840     -29.73899
      14.03850     -30.74158
      14.04870     -28.90582
      14.05890     -29.41035
      14.06900     -29.95387
      14.07920     -30.68901
      14.08940     -29.91447
      14.09950     -30.71889
      14.10970     -30.10497
      14.11990     -30.00134
      14.13000     -29.51667
      14.14020     -28.81365
      14.15030     -30.33959
      14.16050     -29.42717
      14.17070     -29.95507
      14.18080     -29.75191
      14.19100     -30.46040
      14.20120     -28.93919
      14.21130     -30.17693
      14.22150     -28.61633
      14.23170     -30.00602
      14.24180     -29.95464
      14.25200     -29.15493
      14.26220     -30.44553
      14.27230     -29.77503
      14.28250     -30.12622
      14.29270     -30.40770
      14.30280     -29.72809
      14.31300     -29.60016
      14.32310     -29.62114
      14.33330     -30.46379
      14.34350     -29.16676
      14.35360     -29.59859
      14.36380     -30.21214
      14.37400     -29.85597
      14.38410     -30.79868
      14.39430     -30.14310
      14.40450     -30.33780
      14.41460     -30.09137
      14.42480     -29.64664
      14.43500     -28.92221
      14.44510     -30.75663
      14.45530     -30.76278
      14.46540     -30.75776
      14.47560     -30.52448
      14.48580     -30.56147
      14.49590     -29.73730
      14.50610     -29.56486
      14.51630     -28.91271
      14.52640     -30.60937
      14.53660     -31.51778
      14.54680     -30.25646
      14.55690     -30.70397
      14.56710     -30.98320
      14.57730     -29.56274
      14.58740     -29.88107
      14.59760     -29.61113
      14.60780     -30.48146
      14.61790     -29.10062
      14.62810     -30.44152
      14.63820     -29.11120
      14.64840     -30.72265
      14.65860     -31.12435
      14.66870     -30.15485
      14.67890     -29.99709
      14.68910     -29.87962
      14.69920     -31.00089
      14.70940     -29.66396
      14.71960     -30.55727
      14.72970     -30.15936
      14.73990     -30.54320
      14.75010     -30.84732
      14.76020     -30.20017
      14.77040     -30.66481
      14.78050     -30.86820
      14.79070     -30.47335
      14.80090     -30.53877
      14.81100     -29.56292
      14.82120     -29.45886
      14.83140     -30.45504
      14.84150     -29.31995
      14.85170     -30.98665
      14.86190     -28.56361
      14.87200     -32.07927
      14.88220     -30.19673
      14.89240     -29.92444
      14.90250     -29.85085
      14.91270     -28.57906
      14.92290     -28.85752
      14.93300     -30.07465
      14.94320     -29.70361
      14.95330     -29.81124
      14.96350     -30.30067
      14.97370     -29.35035
      14.98380     -30.80871
      14.99400     -30.60888
      15.00420     -30.37928
      15.01430     -30.51835
      15.02450     -29.13922
      15.03470     -30.99035
      15.04480     -29.87011
      15.05500     -30.24171
      15.06520     -30.43352
      15.07530     -31.18400
      15.08550     -29.59628
      15.09560     -29.91721
      15.10580     -29.63994
      15.11600     -29.51293
      15.12610     -29.12452
      15.13630     -29.46796
      15.14650     -29.64162
      15.15660     -30.34389
      15.16680     -30.64799
      15.17700     -29.57232
      15.18710     -29.57526
      15.19730     -30.04002
      15.20750     -30.32501
      15.21760     -30.59860
      15.22780     -30.41403
      15.23800     -30.52966
      15.24810     -29.85389
      15.25830     -28.70995
      15.26840     -29.76460
      15.27860     -30.76109
      15.28880     -30.22781
      15.29890     -29.30306
      15.30910     -29.98020
      15.31930     -31.87752
      15.32940     -28.89341
      15.33960     -29.53115
      15.34980     -28.89909
      15.35990     -29.39560
      15.37010     -29.36393
      15.38030     -29.82247
      15.39040     -30.58957
      15.40060     -30.47852
      15.41070     -29.12601
      15.42090     -30.12536
      15.43110     -29.70487
      15.44120     -29.92295
      15.45140     -29.26286
      15.46160     -30.47298
      15.47170     -29.40161
      15.48190     -28.78211
      15.49210     -30.68279
      15.50220     -30.52200
      15.51240     -29.15304
      15.52260     -31.23428
      15.53270     -29.34402
      15.54290     -30.82564
      15.55300     -28.47575
      15.56320     -29.76772
      15.57340     -30.44986
      15.58350     -30.10051
      15.59370     -29.72303
      15.60390     -30.02570
      15.61400     -29.98688
      15.62420     -28.84991
      15.63440     -29.52313
      15.64450     -28.75480
      15.65470     -29.88836
      15.66490     -29.33208
      15.67500     -29.69429
      15.68520     -30.33833
      15.69540     -30.84258
      15.70550     -29.57525
      15.71570     -30.48983
      15.72580     -30.95284
      15.73600     -28.31773
      15.74620     -29.54279
      15.75630     -28.54630
      15.76650     -27.29168
      15.77670     -29.42721
      15.78680     -28.19119
      15.79700     -29.13704
      15.80720     -28.60307
      15.81730     -29.98750
      15.82750     -29.11383
      15.83770     -28.23030
      15.84780     -26.95521
      15.85800     -28.92198
      15.86810     -28.70719
      15.87830     -30.45428
      15.88850     -28.72154
      15.89860     -28.43718
      15.90880     -28.29473
      15.91900     -28.39241
      15.92910     -28.29852
      15.93930     -28.69648
      15.94950     -28.93463
      15.95960     -28.55116
      15.96980     -30.03959
      15.98000     -30.10815
      15.99010     -28.58511
      16.00030     -28.79395
      16.01050     -28.24297
      16.02060     -28.51034
      16.03080     -28.26963
      16.04090     -28.78730
      16.05110     -28.50687
      16.06130     -28.07658
      16.07140     -28.82466
      16.08160     -29.41466
      16.09180     -27.39480
      16.10190     -28.60329
      16.11210     -28.19370
      16.12230     -28.88422
      16.13240     -26.56317
      16.14260     -27.74397
      16.15280     -28.17494
      16.16290     -27.85430
      16.17310     -27.72552
      16.18320     -29.61514
      16.19340     -28.73664
      16.20360     -26.88830
      16.21370     -27.45831
      16.22390     -27.16026
      16.23410     -29.13235
      16.24420     -28.17278
      16.25440     -27.26514
      16.26460     -27.54765
      16.27470     -28.88850
      16.28490     -26.75129
      16.29510     -26.81419
      16.30520     -27.31548
      16.31540     -26.68867
      16.32560     -26.45205
      16.33570     -28.78374
      16.34590     -25.85741
      16.35600     -24.63942
      16.36620     -26.24334
      16.37640     -27.48744
      16.38650     -26.53988
      16.39670     -27.74429
      16.40690     -27.16885
      16.41700     -24.98174
      16.42720     -25.90660
      16.43740     -26.02164
      16.44750     -26.15501
      16.45770     -26.31035
      16.46790     -27.03583
      16.47800     -24.09970
      16.48820     -25.85552
      16.49830     -25.71973
      16.50850     -25.00589
      16.51870     -26.64226
      16.52880     -24.00695
      16.53900     -27.21368
      16.54920     -26.12059
      16.55930     -24.75582
      16.56950     -26.14309
      16.57970     -25.79057
      16.58980     -26.97638
      16.60000     -25.09425
      16.61020     -24.08232
      16.62030     -25.67874
      16.63050     -25.14722
      16.64070     -24.81589
      16.65080     -25.18298
      16.66100     -25.10210
      16.67110     -25.87963
      16.68130     -26.03919
      16.69150     -25.93906
      16.70160     -23.69727
      16.71180     -24.89762
      16.72200     -24.55822
      16.73210     -25.92720
      16.74230     -24.60835
      16.75250     -25.21977
      16.76260     -24.79957
      16.77280     -24.60157
      16.78300     -23.06388
      16.79310     -24.30459
      16.80330     -24.98753
      16.81340     -24.75887
      16.82360     -25.59249
      16.83380     -26.31642
      16.84390     -24.15886
      16.85410     -23.62352
      16.86430     -24.29861
      16.87440     -24.43217
      16.88460     -23.26808
      16.89480     -23.74442
      16.90490     -24.48928
      16.91510     -23.67654
      16.92530     -23.45430
      16.93540     -24.05061
      16.94560     -24.33939
      16.95580     -24.44871
      16.96590     -23.97668
      16.97610     -24.89719
      16.98620     -24.65636
      16.99640     -22.88817
      17.00660     -25.32066
      17.01670     -22.90190
      17.02690     -23.43586
      17.03710     -24.65066
      17.04720     -22.46427
      17.05740     -23.19082
      17.06760     -24.84829
      17.07770     -24.71470
      17.08790     -22.59422
      17.09810     -24.81485
      17.10820     -23.43455
      17.11840     -23.88758
      17.12850     -23.99982
      17.13870     -24.27556
      17.14890     -22.76275
      17.15900     -24.39941
      17.16920     -24.75987
      17.17940     -22.44208
      17.18950     -23.66401
      17.19970     -24.70010
      17.20990     -23.44836
      17.22000     -24.20658
      17.23020     -23.90952
      17.24040     -22.24502
      17.25050     -23.18090
      17.26070     -24.91204
      17.27090     -22.70628
      17.28100     -22.48138
      17.29120     -23.43241
      17.30130     -21.82466
      17.31150     -24.22340
      17.32170     -23.47633
      17.33180     -22.72119
      17.34200     -23.54339
      17.35220     -22.05073
      17.36230     -22.85072
      17.37250     -23.64912
      17.38270     -22.93368
      17.39280     -23.28170
      17.40300     -22.89955
      17.41320     -21.91469
      17.42330     -22.84430
      17.43350     -23.15524
      17.44360     -23.74142
      17.45380     -21.30006
      17.46400     -22.69835
      17.47410     -22.77312
      17.48430     -20.65227
      17.49450     -21.62265
      17.50460     -22.87111
      17.51480     -21.60590
      17.52500     -22.07401
      17.53510     -21.83163
      17.54530     -20.28798
      17.55550     -23.56973
      17.56560     -23.74260
      17.57580     -23.24700
      17.58590     -24.51373
      17.59610     -22.31389
      17.60630     -22.24319
      17.61640     -22.36665
      17.62660     -23.40658
      17.63680     -22.61816
      17.64690     -23.61580
      17.65710     -25.36309
      17.66730     -21.76453
      17.67740     -22.49415
      17.68760     -21.11652
      17.69780     -23.71595
      17.70790     -23.42512
      17.71810     -23.87072
      17.72830     -22.07583
      17.73840     -21.93240
      17.74860     -24.71879
      17.75870     -23.61765
      17.76890     -26.20856
      17.77910     -26.44305
      17.78920     -25.58126
      17.79940     -25.57471
      17.80960     -24.38383
      17.81970     -25.67760
      17.82990     -26.76952
      17.84010     -24.65856
      17.85020     -25.02317
      17.86040     -27.41793
      17.87060     -27.24152
      17.88070     -27.22005
      17.89090     -28.70119
      17.90100     -29.51684
      17.91120     -25.36597
      17.92140     -28.87432
      17.93150     -28.76588
      17.94170     -25.88169
      17.95190     -28.29601
      17.96200     -30.49143
      17.97220     -27.71099
      17.98240     -30.00745
      17.99250     -28.10201
      18.00270     -29.01952
      18.01290     -31.47097
      18.02300     -31.86726
      18.03320     -29.58346
      18.04340     -32.32058
      18.05350     -31.67681
      18.06370     -30.76012
      18.07380     -32.15864
      18.08400     -32.83105
      18.09420     -28.54514
      18.10430     -33.35761
      18.11450     -33.67802
      18.12470     -31.21302
      18.13480     -31.53846
      18.14500     -32.09432
      18.15520     -30.21586
      18.16530     -32.02956
      18.17550     -32.18407
      18.18570     -29.68430
      18.19580     -30.84647
      18.20600     -31.44805
      18.21610     -30.11410
      18.22630     -30.06129
      18.23650     -31.35525
      18.24660     -27.93082
      18.25680     -30.15444
      18.26700     -30.04073
      18.27710     -27.60577
      18.28730     -28.49332
      18.29750     -31.96885
      18.30760     -26.13966
      18.31780     -27.67635
      18.32800     -25.76536
      18.33810     -26.22697
      18.34830     -24.50690
      18.35850     -25.84397
      18.36860     -22.34119
      18.37880     -23.69958
      18.38890     -24.85079
      18.39910     -22.11274
      18.40930     -24.40011
      18.41940     -23.49122
      18.42960     -20.59974
      18.43980     -21.33384
      18.44990     -22.29679
      18.46010     -19.28678
      18.47030     -19.54694
      18.48040     -21.35548
      18.49060     -19.50515
      18.50080     -20.09418
      18.51090     -22.88593
      18.52110     -20.64780
      18.53120     -21.54781
      18.54140     -23.50974
      18.55160     -19.80025
      18.56170     -20.94041
      18.57190     -23.43893
      18.58210     -21.07655
      18.59220     -22.48875
      18.60240     -23.13865
      18.61260     -23.14121
      18.62270     -24.23493
      18.63290     -24.35824
      18.64310     -24.02911
      18.65320     -24.87840
      18.66340     -25.87040
      18.67360     -24.46564
      18.68370     -24.74560
      18.69390     -27.38236
      18.70400     -26.67454
      18.71420     -26.21232
      18.72440     -25.75718
      18.73450     -28.99273
      18.74470     -28.23652
      18.75490     -29.65061
      18.76500     -31.50909
      18.77520     -29.61678
      18.78540     -29.81698
      18.79550     -29.08308
      18.80570     -28.55903
      18.81590     -30.54787
      18.82600     -29.76241
      18.83620     -31.28625
      18.84630     -33.25129
      18.85650     -32.37128
      18.86670     -31.63865
      18.87680     -31.26351
      18.88700     -29.10157
      18.89720     -30.84289
      18.90730     -32.34751
      18.91750     -29.34173
      18.92770     -29.06454
      18.93780     -30.15504
      18.94800     -30.39974
      18.95820     -30.69747
      18.96830     -30.70564
      18.97850     -27.82227
      18.98870     -28.84490
      18.99880     -29.80947
      19.00900     -29.67585
      19.01910     -27.09457
      19.02930     -29.58677
      19.03950     -27.10789
      19.04960     -28.27064
      19.05980     -27.08921
      19.07000     -28.58656
      19.08010     -29.28503
      19.09030     -29.75985
      19.10050     -25.44331
      19.11060     -25.06617
      19.12080     -26.79568
      19.13100     -27.06284
      19.14110     -25.37704
      19.15130     -28.89764
      19.16140     -26.99348
      19.17160     -23.11527
      19.18180     -26.54183
      19.19190     -25.95068
      19.20210     -25.52439
      19.21230     -26.56084
      19.22240     -26.30604
      19.23260     -25.43499
      19.24280     -28.64400
      19.25290     -25.65867
      19.26310     -25.29522
      19.27330     -26.58938
      19.28340     -24.95580
      19.29360     -26.35235
      19.30380     -26.52389
      19.31390     -22.94436
      19.32410     -26.00312
      19.33420     -27.24862
      19.34440     -24.90119
      19.35460     -25.50452
      19.36470     -25.93153
      19.37490     -27.00378
      19.38510     -26.58445
      19.39520     -26.38583
      19.40540     -26.34083
      19.41560     -26.39191
      19.42570     -25.37121
      19.43590     -26.88242
      19.44610     -24.04778
      19.45620     -25.63900
      19.46640     -25.05070
      19.47650     -25.34684
      19.48670     -26.57264
      19.49690     -23.73974
      19.50700     -26.17948
      19.51720     -27.02772
      19.52740     -27.23595
      19.53750     -28.01516
      19.54770     -28.68204
      19.55790     -26.99783
      19.56800     -26.45327
      19.57820     -27.64577
      19.58840     -26.39623
      19.59850     -26.76545
      19.60870     -27.51118
      19.61880     -27.36514
      19.62900     -27.39542
      19.63920     -28.64281
      19.64930     -26.73786
      19.65950     -25.78915
      19.66970     -26.78733
      19.67980     -26.32273
      19.69000     -27.16451
      19.70020     -26.60314
      19.71030     -27.97881
      19.72050     -26.24114
      19.73070     -27.20040
      19.74080     -28.50672
      19.75100     -26.37009
      19.76120     -27.10067
      19.77130     -28.49834
      19.78150     -28.42362
      19.79160     -28.17609
      19.80180     -27.75652
      19.81200     -26.98476
      19.82210     -28.91035
      19.83230     -26.01452
      19.84250     -25.88685
      19.85260     -28.22665
      19.86280     -27.54560
      19.87300     -27.64303
      19.88310     -28.32798
      19.89330     -27.39251
      19.90350     -28.65575
      19.91360     -27.15638
      19.92380     -28.89693
      19.93390     -26.04470
      19.94410     -27.70246
      19.95430     -26.18884
      19.96440     -28.64185
      19.97460     -26.96488
      19.98480     -27.02601
      19.99490     -27.61301
      20.00510     -27.92960
      20.01530     -27.66351
      20.02540     -26.80218
      20.03560     -27.80962
      20.04580     -27.34316
      20.05590     -28.39008
      20.06610     -27.85439
      20.07630     -26.13331
      20.08640     -30.70362
      20.09660     -29.69964
      20.10670     -26.49563
      20.11690     -28.66575
      20.12710     -29.27673
      20.13720     -30.06506
      20.14740     -27.73487
      20.15760     -27.74259
      20.16770     -28.83460
      20.17790     -27.67480
      20.18810     -30.57943
      20.19820     -30.10491
      20.20840     -29.63470
      20.21860     -31.46494
      20.22870     -27.48238
      20.23890     -28.83964
      20.24900     -30.19152
      20.25920     -29.65011
      20.26940     -28.54223
      20.27950     -29.89523
      20.28970     -28.78042
      20.29990     -29.43514
      20.31000     -30.53762
      20.32020     -27.81826
      20.33040     -28.55532
      20.34050     -29.53812
      20.35070     -28.25616
      20.36090     -28.80883
      20.37100     -28.80680
      20.38120     -26.34858
      20.39140     -28.00501
      20.40150     -29.90795
      20.41170     -28.36512
      20.42180     -26.96053
      20.43200     -29.27132
      20.44220     -30.11025
      20.45230     -28.38114
      20.46250     -27.84007
      20.47270     -27.43082
      20.48280     -26.73803
      20.49300     -29.78678
      20.50320     -26.67158
      20.51330     -26.36741
      20.52350     -29.27865
      20.53370     -26.31014
      20.54380     -28.06712
      20.55400     -29.12324
      20.56410     -24.97753
      20.57430     -26.25329
      20.58450     -26.72572
      20.59460     -23.92974
      20.60480     -25.70858
      20.61500     -28.22707
      20.62510     -25.14028
      20.63530     -26.42091
      20.64550     -27.59388
      20.65560     -25.98394
      20.66580     -26.21377
      20.67600     -26.08805
      20.68610     -26.68119
      20.69630     -25.15603
      20.70650     -27.08703
      20.71660     -25.83808
      20.72680     -28.17237
      20.73690     -27.62746
      20.74710     -27.75655
      20.75730     -27.99354
      20.76740     -28.77178
      20.77760     -27.65504
      20.78780     -28.25665
      20.79790     -28.30981
      20.80810     -27.90847
      20.81830     -28.81580
      20.82840     -27.59458
      20.83860     -29.12920
      20.84880     -28.81245
      20.85890     -30.20683
      20.86910     -28.69713
      20.87920     -28.62822
      20.88940     -28.72521
      20.89960     -27.39045
      20.90970     -29.45580
      20.91990     -29.97694
      20.93010     -29.14590
      20.94020     -29.13429
      20.95040     -30.06828
      20.96060     -29.59953
      20.97070     -30.68961
      20.98090     -31.91492
      20.99110     -29.27708
      21.00120     -31.38735
      21.01140     -31.26264
      21.02160     -30.77430
      21.03170     -31.73347
      21.04190     -31.74742
      21.05200     -31.80852
      21.06220     -31.67431
      21.07240     -31.72588
      21.08250     -30.36412
      21.09270     -30.44697
      21.10290     -33.70539
      21.11300     -31.16011
      21.12320     -32.19947
      21.13340     -33.20427
      21.14350     -34.79517
      21.15370     -30.68079
      21.16390     -33.35185
      21.17400     -32.30891
      21.18420     -31.03091
      21.19430     -33.41890
      21.20450     -31.45205
      21.21470     -31.54091
      21.22480     -33.79578
      21.23500     -32.64626
      21.24520     -32.19273
      21.25530     -32.61534
      21.26550     -32.84409
      21.27570     -33.35920
      21.28580     -34.82069
      21.29600     -31.35892
      21.30620     -30.77397
      21.31630     -33.67567
      21.32650     -31.63483
      21.33660     -33.53082
      21.34680     -31.79476
      21.35700     -33.06644
      21.36710     -31.29527
      21.37730     -33.00288
      21.38750     -30.84879
      21.39760     -32.45224
      21.40780     -31.75528
      21.41800     -31.80722
      21.42810     -33.63707
      21.43830     -32.93736
      21.44850     -31.44718
      21.45860     -31.87521
      21.46880     -33.51458
      21.47900     -32.80405
      21.48910     -32.78202
      21.49930     -31.62218
      21.50940     -30.85098
      21.51960     -30.60253
      21.52980     -31.62509
      21.53990     -30.10643
      21.55010     -31.44132
      21.56030     -30.29768
      21.57040     -30.19288
      21.58060     -30.19235
      21.59080     -31.46356
      21.60090     -29.37370
      21.61110     -28.41862
      21.62130     -31.23563
      21.63140     -28.80128
      21.64160     -28.26234
      21.65170     -28.62185
      21.66190     -26.91702
      21.67210     -26.36427
      21.68220     -28.31957
      21.69240     -27.07076
      21.70260     -25.48389
      21.71270     -28.31445
      21.72290     -25.63100
      21.73310     -26.51908
      21.74320     -26.25385
      21.75340     -25.60442
      21.76360     -26.62589
      21.77370     -26.53326
      21.78390     -26.20586
      21.79410     -26.11875
      21.80420     -25.46619
      21.81440     -24.20843
      21.82450     -23.91428
      21.83470     -26.82436
      21.84490     -25.47277
      21.85500     -24.72330
      21.86520     -26.06695
      21.87540     -23.28744
      21.88550     -24.58834
      21.89570     -26.39088
      21.90590     -23.80846
      21.91600     -23.48470
      21.92620     -25.04070
      21.93640     -23.17970
      21.94650     -23.71516
      21.95670     -26.32816
      21.96680     -24.79603
      21.97700     -23.83981
      21.98720     -24.24281
      21.99730     -23.68784
      22.00750     -24.04629
      22.01770     -26.42103
      22.02780     -24.86498
      22.03800     -23.65923
      22.04820     -24.17661
      22.05830     -23.70025
      22.06850     -23.91062
      22.07870     -25.29066
      22.08880     -22.83392
      22.09900     -25.61001
      22.10920     -24.78207
      22.11930     -21.93406
      22.12950     -23.45457
      22.13960     -27.21282
      22.14980     -24.09670
      22.16000     -24.79031
      22.17010     -24.87814
      22.18030     -25.79726
      22.19050     -24.05213
      22.20060     -29.09812
      22.21080     -27.21091
      22.22100     -24.75571
      22.23110     -28.11886
      22.24130     -25.80448
      22.25150     -24.73873
      22.26160     -26.80912
      22.27180     -28.03800
      22.28190     -24.79194
      22.29210     -27.27210
      22.30230     -28.11666
      22.31240     -25.41520
      22.32260     -28.17721
      22.33280     -28.14217
      22.34290     -26.28107
      22.35310     -29.45153
      22.36330     -29.71444
      22.37340     -28.16230
      22.38360     -30.01081
      22.39380     -26.25228
      22.40390     -29.02065
      22.41410     -31.48978
      22.42430     -28.16348
      22.43440     -30.11677
      22.44460     -31.19201
      22.45470     -28.20913
      22.46490     -31.00939
      22.47510     -30.03838
      22.48520     -30.28327
      22.49540     -29.30364
      22.50560     -30.46612
      22.51570     -28.03895
      22.52590     -29.23985
      22.53610     -30.39674
      22.54620     -30.28849
      22.55640     -28.78144
      22.56660     -30.92429
      22.57670     -31.51652
      22.58690     -29.48327
      22.59700     -30.41233
      22.60720     -28.92812
      22.61740     -28.82044
      22.62750     -30.31892
      22.63770     -28.74778
      22.64790     -28.57648
      22.65800     -29.65537
      22.66820     -29.09785
      22.67840     -27.69360
      22.68850     -29.02319
      22.69870     -28.85903
      22.70890     -26.07143
      22.71900     -29.60082
      22.72920     -28.57929
      22.73940     -26.99715
      22.74950     -28.50469
      22.75970     -27.79392
      22.76980     -28.06446
      22.78000     -29.55824
      22.79020     -27.39562
      22.80030     -26.08608
      22.81050     -28.40235
      22.82070     -26.38390
      22.83080     -25.11059
      22.84100     -27.52475
      22.85120     -26.79610
      22.86130     -25.71400
      22.87150     -27.73113
      22.88170     -25.61688
      22.89180     -26.03032
      22.90200     -25.90452
      22.91210     -25.61695
      22.92230     -24.35104
      22.93250     -25.36561
      22.94260     -25.00906
      22.95280     -23.71535
      22.96300     -24.82305
      22.97310     -24.19974
      22.98330     -24.67049
      22.99350     -25.19293
      23.00360     -25.74480
      23.01380     -22.70123
      23.02400     -26.49988
      23.03410     -23.03786
      23.04430     -25.20100
      23.05450     -26.16652
      23.06460     -25.39114
      23.07480     -25.05132
      23.08490     -24.67036
      23.09510     -25.94516
      23.10530     -24.50227
      23.11540     -25.93768
      23.12560     -25.24905
      23.13580     -23.33260
      23.14590     -25.88361
      23.15610     -24.60081
      23.16630     -24.65961
      23.17640     -24.41537
      23.18660     -26.50703
      23.19680     -25.42996
      23.20690     -25.68903
      23.21710     -23.99382
      23.22720     -26.05420
      23.23740     -24.33015
      23.24760     -25.15643
      23.25770     -25.49738
      23.26790     -27.04363
      23.27810     -24.67966
      23.28820     -27.31930
      23.29840     -26.05394
      23.30860     -26.90772
      23.31870     -24.68419
      23.32890     -26.58534
      23.33910     -26.07482
      23.34920     -26.23621
      23.35940     -26.54173
      23.36950     -25.35857
      23.37970     -26.21925
      23.38990     -25.41720
      23.40000     -27.96561
      23.41020     -27.28741
      23.42040     -26.87587
      23.43050     -27.59393
      23.44070     -27.54494
      23.45090     -27.49203
      23.46100     -26.76784
      23.47120     -27.12623
      23.48140     -26.55009
      23.49150     -27.35193
      23.50170     -28.53601
      23.51190     -28.50489
      23.52200     -27.39117
      23.53220     -27.68919
      23.54230     -28.33418
      23.55250     -27.40068
      23.56270     -28.98119
      23.57280     -29.77805
      23.58300     -28.77609
      23.59320     -28.93769
      23.60330     -29.40512
      23.61350     -29.06339
      23.62370     -29.44485
      23.63380     -29.76158
      23.64400     -28.05894
      23.65420     -29.85905
      23.66430     -28.96403
      23.67450     -30.15938
      23.68460     -30.01929
      23.69480     -29.93943
      23.70500     -30.30179
      23.71510     -31.83843
      23.72530     -31.32501
      23.73550     -29.79356
      23.74560     -30.26611
      23.75580     -30.55839
      23.76600     -32.07243
      23.77610     -31.73016
      23.78630     -30.98747
      23.79650     -29.97639
      23.80660     -31.88867
      23.81680     -30.54047
      23.82700     -31.06362
      23.83710     -30.88001
      23.84730     -30.81573
      23.85740     -30.90454
      23.86760     -30.94268
      23.87780     -32.44192
      23.88790     -32.21412
      23.89810     -31.65549
      23.90830     -31.84787
      23.91840     -32.86308
      23.92860     -31.79738
      23.93880     -32.86259
      23.94890     -30.85052
      23.95910     -31.19747
      23.96930     -30.51528
      23.97940     -31.74564
      23.98960     -31.33503
      23.99970     -30.93690
      24.00990     -32.08779
      24.02010     -33.15937
      24.03020     -32.18341
      24.04040     -32.86637
      24.05060     -31.44999
      24.06070     -31.72601
      24.07090     -32.63091
      24.08110     -32.58644
      24.09120     -32.47430
      24.10140     -31.87103
      24.11160     -32.47834
      24.12170     -32.33794
      24.13190     -31.47639
      24.14210     -31.63543
      24.15220     -31.81664
      24.16240     -32.04676
      24.17250     -31.70901
      24.18270     -33.09018
      24.19290     -32.60183
      24.20300     -31.33564
      24.21320     -32.60829
      24.22340     -31.85144
      24.23350     -32.81673
      24.24370     -31.54085
      24.25390     -31.41545
      24.26400     -32.31216
      24.27420     -31.65770
      24.28440     -31.63371
      24.29450     -31.74180
      24.30470     -33.59873
      24.31480     -31.32772
      24.32500     -31.22556
      24.33520     -32.28387
      24.34530     -31.87415
      24.35550     -30.98336
      24.36570     -32.24297
      24.37580     -32.31461
      24.38600     -32.21509
      24.39620     -31.41600
      24.40630     -30.96891
      24.41650     -30.83069
      24.42670     -31.69289
      24.43680     -31.37708
      24.44700     -29.74014
      24.45720     -31.38364
      24.46730     -30.64906
      24.47750     -31.63337
      24.48760     -31.36964
      24.49780     -31.69478
      24.50800     -30.12038
      24.51810     -31.80787
      24.52830     -31.90428
      24.53850     -31.08109
      24.54860     -30.74982
      24.55880     -32.23745
      24.56900     -31.81550
      24.57910     -30.72545
      24.58930     -30.49432
      24.59950     -30.66359
      24.60960     -31.49476
      24.61980     -30.08484
      24.62990     -31.03682
      24.64010     -31.18772
      24.65030     -30.97905
      24.66040     -31.49221
      24.67060     -30.97433
      24.68080     -30.32688
      24.69090     -31.29124
      24.70110     -29.71460
      24.71130     -30.84834
      24.72140     -29.14394
      24.73160     -30.24849
      24.74180     -31.03345
      24.75190     -30.85025
      24.76210     -30.46601
      24.77230     -30.85219
      24.78240     -29.68020
      24.79260     -29.04718
      24.80270     -29.61599
      24.81290     -30.05378
      24.82310     -29.49202
      24.83320     -29.35201
      24.84340     -29.92105
      24.85360     -29.57048
      24.86370     -29.49168
      24.87390     -29.40195
      24.88410     -29.46261
      24.89420     -28.77505
      24.90440     -29.23653
      24.91460     -29.42842
      24.92470     -30.43208
      24.93490     -29.50480
      24.94500     -28.77928
      24.95520     -28.63282
      24.96540     -29.35678
      24.97550     -28.67249
      24.98570     -28.30728
      24.99590     -28.16251
      25.00600     -29.90944
      25.01620     -28.43551
      25.02640     -28.15198
      25.03650     -28.90016
      25.04670     -28.15750
      25.05690     -27.74524
      25.06700     -28.20471
      25.07720     -28.30330
      25.08740     -27.91232
      25.09750     -28.84306
      25.10770     -28.39295
      25.11780     -28.10454
      25.12800     -27.80529
      25.13820     -27.12648
      25.14830     -28.58938
      25.15850     -27.87144
      25.16870     -28.26397
      25.17880     -27.05816
      25.18900     -27.60157
      25.19920     -28.83541
      25.20930     -28.52095
      25.21950     -27.56570
      25.22970     -28.81089
      25.23980     -26.96778
      25.25000     -26.29389
      25.26010     -27.12169
      25.27030     -26.61873
      25.28050     -27.00623
      25.29060     -26.70541
      25.30080     -25.91385
      25.31100     -27.00277
      25.32110     -27.23336
      25.33130     -27.50323
      25.34150     -27.45361
      25.35160     -26.95561
      25.36180     -27.12696
      25.37200     -28.28878
      25.38210     -26.77227
      25.39230     -25.45509
      25.40240     -27.38956
      25.41260     -26.08338
      25.42280     -26.01772
      25.43290     -25.21371
      25.44310     -26.51908
      25.45330     -27.30496
      25.46340     -26.04250
      25.47360     -25.72944
      25.48380     -24.97692
      25.49390     -25.26604
      25.50410     -26.30461
      25.51430     -26.45373
      25.52440     -26.36446
      25.53460     -24.81470
      25.54480     -26.90549
      25.55490     -26.56790
      25.56510     -27.24982
      25.57520     -25.33339
      25.58540     -25.51646
      25.59560     -26.72013
      25.60570     -26.11544
      25.61590     -26.72030
      25.62610     -24.90577
      25.63620     -25.65288
      25.64640     -25.20958
      25.65660     -25.15691
      25.66670     -26.13588
      25.67690     -25.87447
      25.68710     -26.11373
      25.69720     -26.82460
      25.70740     -24.27516
      25.71750     -24.92733
      25.72770     -25.50924
      25.73790     -25.47181
      25.74800     -25.82602
      25.75820     -24.91998
      25.76840     -24.99463
      25.77850     -25.15094
      25.78870     -24.81702
      25.79890     -25.51384
      25.80900     -24.41231
      25.81920     -25.21061
      25.82940     -25.76968
      25.83950     -23.93037
      25.84970     -24.80096
      25.85990     -24.36235
      25.87000     -26.03537
      25.88020     -24.83834
      25.89030     -25.37295
      25.90050     -24.17756
      25.91070     -24.65298
      25.92080     -25.70007
      25.93100     -23.47718
      25.94120     -24.24516
      25.95130     -23.80481
      25.96150     -24.81453
      25.97170     -24.27515
      25.98180     -24.60746
      25.99200     -23.57990
      26.00220     -24.52328
      26.01230     -24.11833
      26.02250     -23.04360
      26.03260     -23.43053
      26.04280     -24.25772
      26.05300     -23.90591
      26.06310     -23.67578
      26.07330     -25.06598
      26.08350     -23.25719
      26.09360     -24.46011
      26.10380     -24.59340
      26.11400     -24.10776
      26.12410     -24.73383
      26.13430     -24.57035
      26.14450     -24.10797
      26.15460     -24.41731
      26.16480     -24.18717
      26.17500     -23.59819
      26.18510     -24.17090
      26.19530     -24.07424
      26.20540     -24.87928
      26.21560     -24.63499
      26.22580     -24.32190
      26.23590     -23.71054
      26.24610     -24.01992
      26.25630     -23.37055
      26.26640     -24.11292
      26.27660     -24.04609
      26.28680     -22.89056
      26.29690     -23.56677
      26.30710     -23.69387
      26.31730     -23.96231
      26.32740     -23.68250
      26.33760     -23.85366
      26.34770     -23.72657
      26.35790     -23.95050
      26.36810     -22.94585
      26.37820     -23.93295
      26.38840     -25.15116
      26.39860     -24.02082
      26.40870     -24.78223
      26.41890     -24.85485
      26.42910     -24.12896
      26.43920     -24.34482
      26.44940     -24.57197
      26.45960     -24.43066
      26.46970     -23.67109
      26.47990     -24.27289
      26.49010     -23.63627
      26.50020     -23.88140
      26.51040     -24.29798
      26.52050     -24.37630
      26.53070     -23.92612
      26.54090     -25.10761
      26.55100     -24.80082
      26.56120     -26.46562
      26.57140     -24.65211
      26.58150     -24.35032
      26.59170     -24.23021
      26.60190     -23.10183
      26.61200     -24.40514
      26.62220     -23.86023
      26.63240     -24.27707
      26.64250     -25.45559
      26.65270     -24.38597
      26.66280     -25.16801
      26.67300     -24.26196
      26.68320     -25.51771
      26.69330     -24.80510
      26.70350     -24.56449
      26.71370     -25.00570
      26.72380     -25.10853
      26.73400     -25.46342
      26.74420     -25.40017
      26.75430     -24.88848
      26.76450     -25.10896
      26.77470     -24.66130
      26.78480     -26.06518
      26.79500     -25.16128
      26.80520     -25.66926
      26.81530     -25.14874
      26.82550     -25.76050
      26.83560     -25.71373
      26.84580     -26.17928
      26.85600     -25.46674
      26.86610     -25.09560
      26.87630     -26.15686
      26.88650     -26.27002
      26.89660     -27.08455
      26.90680     -26.71150
      26.91700     -25.52037
      26.92710     -26.29053
      26.93730     -26.59319
      26.94750     -27.17775
      26.95760     -26.37353
      26.96780     -26.30185
      26.97790     -27.20135
      26.98810     -26.51342
      26.99830     -26.91735
      27.00840     -26.63240
      27.01860     -27.93003
      27.02880     -26.89951
      27.03890     -27.37003
      27.04910     -28.17316
      27.05930     -27.76809
      27.06940     -26.95399
      27.07960     -27.60250
      27.08980     -27.52281
      27.09990     -27.52396
      27.11010     -28.01775
      27.12020     -27.43233
      27.13040     -29.06956
      27.14060     -28.22849
      27.15070     -28.26810
      27.16090     -28.86035
      27.17110     -28.90425
      27.18120     -28.57871
      27.19140     -28.01581
      27.20160     -28.68446
      27.21170     -28.25361
      27.22190     -29.03535
      27.23210     -29.36857
      27.24220     -28.37217
      27.25240     -29.57830
      27.26260     -28.56587
      27.27270     -29.94365
      27.28290     -29.40395
      27.29300     -29.16439
      27.30320     -30.34731
      27.31340     -29.77150
      27.32350     -29.57568
      27.33370     -30.34229
      27.34390     -30.17006
      27.35400     -29.99767
      27.36420     -30.90763
      27.37440     -30.00863
      27.38450     -30.21936
      27.39470     -29.81231
      27.40490     -30.45621
      27.41500     -30.89968
      27.42520     -30.87526
      27.43530     -29.65033
      27.44550     -31.81744
      27.45570     -31.25527
      27.46580     -30.90237
      27.47600     -31.03144
      27.48620     -30.97107
      27.49630     -31.08979
      27.50650     -31.19034
      27.51670     -30.85129
      27.52680     -31.32117
      27.53700     -32.29272
      27.54720     -31.11447
      27.55730     -30.68503
      27.56750     -31.69704
      27.57770     -30.95912
      27.58780     -31.09977
      27.59800     -32.06176
      27.60810     -30.88222
      27.61830     -31.13382
      27.62850     -31.05517
      27.63860     -31.70478
      27.64880     -31.20539
      27.65900     -30.48551
      27.66910     -31.36370
      27.67930     -31.14266
      27.68950     -30.80093
      27.69960     -31.67707
      27.70980     -31.63374
      27.72000     -31.33947
      27.73010     -31.27294
      27.74030     -31.67663
      27.75040     -30.74793
      27.76060     -31.28928
      27.77080     -32.09936
      27.78090     -30.93680
      27.79110     -31.32407
      27.80130     -31.53980
      27.81140     -29.99271
      27.82160     -30.58517
      27.83180     -29.89585
      27.84190     -30.69352
      27.85210     -29.80044
      27.86230     -29.44535
      27.87240     -30.60707
      27.88260     -29.77774
      27.89280     -28.33615
      27.90290     -30.11123
      27.91310     -30.29492
      27.92320     -27.67518
      27.93340     -28.94385
      27.94360     -29.89991
      27.95370     -27.83234
      27.96390     -28.63293
      27.97410     -27.65066
      27.98420     -28.14463
      27.99440     -28.37646
      28.00460     -28.35523
      28.01470     -29.07013
      28.02490     -28.02259
      28.03510     -27.84179
      28.04520     -26.93705
      28.05540     -27.25959
      28.06550     -27.42812
      28.07570     -25.26378
      28.08590     -27.22589
      28.09600     -25.71397
      28.10620     -27.06890
      28.11640     -27.33017
      28.12650     -26.76738
      28.13670     -25.98122
      28.14690     -24.80130
      28.15700     -25.50732
      28.16720     -24.67978
      28.17740     -24.71840
      28.18750     -25.48301
      28.19770     -25.16389
      28.20790     -24.56087
      28.21800     -23.38393
      28.22820     -24.23312
      28.23830     -24.40846
      28.24850     -24.15986
      28.25870     -23.47735
      28.26880     -24.32112
      28.27900     -23.32086
      28.28920     -22.89674
      28.29930     -23.52906
      28.30950     -24.65730
      28.31970     -23.54174
      28.32980     -24.90282
      28.34000     -23.67979
      28.35020     -23.56307
      28.36030     -22.46321
      28.37050     -22.98925
      28.38060     -23.47231
      28.39080     -23.56130
      28.40100     -23.47683
      28.41110     -23.05962
      28.42130     -21.37840
      28.43150     -23.38388
      28.44160     -22.64690
      28.45180     -23.56601
      28.46200     -23.08199
      28.47210     -24.23580
      28.48230     -23.51579
      28.49250     -23.23287
      28.50260     -24.46808
      28.51280     -22.95959
      28.52300     -24.96841
      28.53310     -24.45565
      28.54330     -23.56934
      28.55340     -25.31166
      28.56360     -22.61052
      28.57380     -24.39709
      28.58390     -24.63255
      28.59410     -25.96474
      28.60430     -24.64487
      28.61440     -25.18418
      28.62460     -24.86042
      28.63480     -25.87481
      28.64490     -24.11869
      28.65510     -24.83964
      28.66530     -26.12899
      28.67540     -25.48812
      28.68560     -25.66450
      28.69570     -24.05085
      28.70590     -25.39456
      28.71610     -24.80704
      28.72620     -25.43975
      28.73640     -25.93002
      28.74660     -26.54930
      28.75670     -26.25900
      28.76690     -27.01649
      28.77710     -27.52315
      28.78720     -25.92048
      28.79740     -26.55578
      28.80760     -27.96046
      28.81770     -27.83604
      28.82790     -26.70972
      28.83810     -27.91298
      28.84820     -26.98736
      28.85840     -27.33999
      28.86850     -27.90385
      28.87870     -26.93608
      28.88890     -27.66819
      28.89900     -27.54170
      28.90920     -27.08373
      28.91940     -28.29583
      28.92950     -28.74943
      28.93970     -28.07175
      28.94990     -28.73424
      28.96000     -28.72841
      28.97020     -27.99139
      28.98040     -27.58470
      28.99050     -28.30981
      29.00070     -27.90388
      29.01080     -29.51982
      29.02100     -29.31479
      29.03120     -29.04028
      29.04130     -28.97774
      29.05150     -27.80435
      29.06170     -28.70158
      29.07180     -29.19085
      29.08200     -28.22939
      29.09220     -27.83865
      29.10230     -28.48998
      29.11250     -29.28072
      29.12270     -28.36221
      29.13280     -28.74586
      29.14300     -28.31897
      29.15310     -28.43426
      29.16330     -29.62906
      29.17350     -28.91473
      29.18360     -29.11263
      29.19380     -29.91009
      29.20400     -29.20848
      29.21410     -29.48910
      29.22430     -29.35937
      29.23450     -28.87059
      29.24460     -28.44403
      29.25480     -28.86718
      29.26500     -28.64133
      29.27510     -29.27765
      29.28530     -30.39375
      29.29550     -29.39083
      29.30560     -29.09009
      29.31580     -29.67914
      29.32590     -29.26036
      29.33610     -29.24138
      29.34630     -29.15338
      29.35640     -29.35752
      29.36660     -29.43147
      29.37680     -28.50639
      29.38690     -30.13341
      29.39710     -29.45024
      29.40730     -29.88802
      29.41740     -30.20784
      29.42760     -29.47747
      29.43780     -30.66804
      29.44790     -28.82054
      29.45810     -30.27288
      29.46820     -29.81712
      29.47840     -29.28119
      29.48860     -30.16608
      29.49870     -29.55283
      29.50890     -29.18934
      29.51910     -29.04665
      29.52920     -29.64573
      29.53940     -29.68456
      29.54960     -29.55410
      29.55970     -29.51535
      29.56990     -29.28629
      29.58010     -29.42793
      29.59020     -29.12113
      29.60040     -29.51400
      29.61060     -28.56749
      29.62070     -29.19247
      29.63090     -29.14709
      29.64100     -28.97313
      29.65120     -29.05878
      29.66140     -29.02489
      29.67150     -28.20237
      29.68170     -29.25936
      29.69190     -29.23676
      29.70200     -27.96545
      29.71220     -28.82359
      29.72240     -28.97206
      29.73250     -28.58173
      29.74270     -29.04079
      29.75290     -28.96012
      29.76300     -28.86056
      29.77320     -29.14034
      29.78330     -28.37116
      29.79350     -28.60127
      29.80370     -29.09155
      29.81380     -29.11280
      29.82400     -28.49329
      29.83420     -29.48384
      29.84430     -29.00533
      29.85450     -28.46597
      29.86470     -29.02662
      29.87480     -28.43816
      29.88500     -28.86879
      29.89520     -28.74937
      29.90530     -28.25079
      29.91550     -28.62124
      29.92570     -28.92161
      29.93580     -27.99274
      29.94600     -29.40289
      29.95610     -28.44376
      29.96630     -28.47362
      29.97650     -28.42331
      29.98660     -28.48370
      29.99680     -27.96305
      30.00700     -29.04218
      30.01710     -29.17202
      30.02730     -28.02075
      30.03750     -27.20926
      30.04760     -28.30845
      30.05780     -27.55650
      30.06800     -28.00432
      30.07810     -29.14282
      30.08830     -28.37016
      30.09840     -27.71817
      30.10860     -28.70502
      30.11880     -28.95163
      30.12890     -28.02889
      30.13910     -28.87502
      30.14930     -28.65088
      30.15940     -28.73740
      30.16960     -28.84279
      30.17980     -28.19793
      30.18990     -27.91377
      30.20010     -28.24844
      30.21030     -28.64289
      30.22040     -28.40807
      30.23060     -29.15209
      30.24080     -28.34591
      30.25090     -28.87048
      30.26110     -29.29391
      30.27120     -29.03812
      30.28140     -28.61121
      30.29160     -28.73415
      30.30170     -28.57787
      30.31190     -29.47051
      30.32210     -29.13302
      30.33220     -28.36637
      30.34240     -27.80865
      30.35260     -29.47084
      30.36270     -28.46392
      30.37290     -28.70596
      30.38310     -29.23794
      30.39320     -29.19085
      30.40340     -27.98276
      30.41350     -28.48563
      30.42370     -28.46752
      30.43390     -28.69943
      30.44400     -28.79233
      30.45420     -28.86431
      30.46440     -28.73635
      30.47450     -28.60940
      30.48470     -27.78160
      30.49490     -27.08389
      30.50500     -27.83725
      30.51520     -27.94978
      30.52540     -28.23244
      30.53550     -28.44624
      30.54570     -28.04924
      30.55590     -28.16243
      30.56600     -28.29679
      30.57620     -28.51040
      30.58630     -28.00520
      30.59650     -28.27929
      30.60670     -27.76366
      30.61680     -28.66924
      30.62700     -28.33417
      30.63720     -28.23943
      30.64730     -28.22591
      30.65750     -27.23183
      30.66770     -27.50809
      30.67780     -28.47564
      30.68800     -27.87264
      30.69820     -28.04004
      30.70830     -28.02876
      30.71850     -27.77699
      30.72860     -26.83657
      30.73880     -27.75569
      30.74900     -27.41528
      30.75910     -27.25624
      30.76930     -26.84680
      30.77950     -27.67789
      30.78960     -27.14034
      30.79980     -27.01246
      30.81000     -27.49515
      30.82010     -27.10922
      30.83030     -26.86304
      30.84050     -27.51743
      30.85060     -26.54326
      30.86080     -27.50885
      30.87100     -27.52507
      30.88110     -27.19275
      30.89130     -26.81025
      30.90140     -26.70922
      30.91160     -26.70805
      30.92180     -26.60757
      30.93190     -26.39856
      30.94210     -26.81947
      30.95230     -27.63111
      30.96240     -26.93422
      30.97260     -26.79731
      30.98280     -26.34117
      30.99290     -26.85650
      31.00310     -27.41188
      31.01330     -25.17803
      31.02340     -25.93569
      31.03360     -26.59343
      31.04370     -26.01268
      31.05390     -26.68204
      31.06410     -25.80223
      31.07420     -26.45393
      31.08440     -27.94580
      31.09460     -26.01853
      31.10470     -26.07277
      31.11490     -26.75723
      31.12510     -25.65258
      31.13520     -25.84943
      31.14540     -26.44656
      31.15560     -27.05458
      31.16570     -26.15410
      31.17590     -25.35396
      31.18600     -26.48531
      31.19620     -25.07702
      31.20640     -26.12966
      31.21650     -25.42380
      31.22670     -25.58833
      31.23690     -25.28382
      31.24700     -26.41080
      31.25720     -25.96821
      31.26740     -26.55660
      31.27750     -26.02647
      31.28770     -25.48682
      31.29790     -26.93816
      31.30800     -26.13095
      31.31820     -26.29428
      31.32840     -26.41861
      31.33850     -25.82438
      31.34870     -26.29071
      31.35880     -26.58847
      31.36900     -25.62683
      31.37920     -24.54620
      31.38930     -26.00698
      31.39950     -26.35839
      31.40970     -25.05083
      31.41980     -25.82466
      31.43000     -25.44914
      31.44020     -24.83467
      31.45030     -26.12155
      31.46050     -25.38912
      31.47070     -26.07774
      31.48080     -25.62768
      31.49100     -25.49836
      31.50110     -25.71034
      31.51130     -25.56308
      31.52150     -26.11686
      31.53160     -24.42190
      31.54180     -25.60774
      31.55200     -26.06460
      31.56210     -24.97271
      31.57230     -26.16163
      31.58250     -25.66158
      31.59260     -25.35273
      31.60280     -26.02471
      31.61300     -25.70772
      31.62310     -26.11189
      31.63330     -25.80692
      31.64350     -26.00296
      31.65360     -25.60012
      31.66380     -26.89816
      31.67390     -25.78731
      31.68410     -25.28733
      31.69430     -25.82835
      31.70440     -25.71043
      31.71460     -25.41340
      31.72480     -26.08735
      31.73490     -25.87232
      31.74510     -26.07820
      31.75530     -25.81503
      31.76540     -26.59283
      31.77560     -25.82156
      31.78580     -26.55122
      31.79590     -25.76180
      31.80610     -26.24331
      31.81620     -25.36571
      31.82640     -25.28903
      31.83660     -25.66326
      31.84670     -25.89833
      31.85690     -25.67432
      31.86710     -25.95120
      31.87720     -26.33886
      31.88740     -26.36745
      31.89760     -25.88689
      31.90770     -26.35706
      31.91790     -26.20816
      31.92810     -26.03008
      31.93820     -26.01268
      31.94840     -25.48620
      31.95860     -25.96050
      31.96870     -26.44543
      31.97890     -26.61127
      31.98900     -26.21770
      31.99920     -25.97503
      32.00940     -26.49308
      32.01950     -25.41167
      32.02970     -26.64115
      32.03990     -26.21132
      32.05000     -26.24196
      32.06020     -25.77347
      32.07040     -26.60563
      32.08050     -26.22821
      32.09070     -26.59163
      32.10090     -26.25567
      32.11100     -26.27006
      32.12120     -27.10528
      32.13130     -26.88081
      32.14150     -26.44714
      32.15170     -26.95401
      32.16180     -26.51114
      32.17200     -26.90905
      32.18220     -27.33745
      32.19230     -26.90602
      32.20250     -26.88536
      32.21270     -27.12513
      32.22280     -27.04504
      32.23300     -26.51566
      32.24320     -27.12665
      32.25330     -26.89773
      32.26350     -26.89948
      32.27370     -26.94156
      32.28380     -26.91364
      32.29400     -28.18635
      32.30410     -27.56903
      32.31430     -27.76230
      32.32450     -27.12582
      32.33460     -27.89923
      32.34480     -26.94319
      32.35500     -27.83735
      32.36510     -28.15135
      32.37530     -27.27583
      32.38550     -27.74046
      32.39560     -27.22484
      32.40580     -27.53967
      32.41600     -27.45457
      32.42610     -27.48919
      32.43630     -27.17417
      32.44640     -28.27883
      32.45660     -28.75383
      32.46680     -28.33879
      32.47690     -27.85335
      32.48710     -28.09819
      32.49730     -28.07293
      32.50740     -27.54723
      32.51760     -27.67171
      32.52780     -27.51605
      32.53790     -28.36985
      32.54810     -28.56379
      32.55830     -27.90751
      32.56840     -28.13065
      32.57860     -28.73384
      32.58880     -28.15673
      32.59890     -28.61900
      32.60910     -29.14124
      32.61920     -27.95280
      32.62940     -26.87429
      32.63960     -28.65537
      32.64970     -28.55573
      32.65990     -29.36593
      32.67010     -29.00565
      32.68020     -28.27458
      32.69040     -28.88328
      32.70060     -28.79143
      32.71070     -28.98875
      32.72090     -28.78576
      32.73110     -29.04213
      32.74120     -27.98763
      32.75140     -29.04273
      32.76150     -28.61691
      32.77170     -28.92063
      32.78190     -29.63362
      32.79200     -28.51566
      32.80220     -28.95715
      32.81240     -28.83786
      32.82250     -28.92757
      32.83270     -28.39665
      32.84290     -29.23489
      32.85300     -28.65210
      32.86320     -29.28860
      32.87340     -29.00420
      32.88350     -30.17873
      32.89370     -29.03248
      32.90390     -28.15527
      32.91400     -29.12698
      32.92420     -28.76782
      32.93430     -27.81758
      32.94450     -28.85641
      32.95470     -29.17421
      32.96480     -28.68090
      32.97500     -29.32661
      32.98520     -28.98125
      32.99530     -29.49477
      33.00550     -29.59724
      33.01570     -28.89861
      33.02580     -28.62887
      33.03600     -28.80801
      33.04620     -29.03602
      33.05630     -28.70292
      33.06650     -28.30866
      33.07660     -28.60330
      33.08680     -29.09674
      33.09700     -27.97902
      33.10710     -29.30023
      33.11730     -28.41019
      33.12750     -28.26897
      33.13760     -28.70671
      33.14780     -29.19317
      33.15800     -28.85845
      33.16810     -27.95273
      33.17830     -28.93568
      33.18850     -28.74747
      33.19860     -28.22829
      33.20880     -27.73777
      33.21890     -27.59631
      33.22910     -28.27349
      33.23930     -27.54954
      33.24940     -28.32469
      33.25960     -28.15847
      33.26980     -28.02115
      33.27990     -28.58298
      33.29010     -27.95344
      33.30030     -28.33281
      33.31040     -28.52143
      33.32060     -28.37865
      33.33080     -28.56482
      33.34090     -28.20029
      33.35110     -27.98439
      33.36130     -28.73747
      33.37140     -28.18993
      33.38160     -27.83103
      33.39170     -28.25154
      33.40190     -28.35070
      33.41210     -27.82892
      33.42220     -28.15664
      33.43240     -28.36303
      33.44260     -28.65851
      33.45270     -28.35357
      33.46290     -28.34734
      33.47310     -27.97024
      33.48320     -28.39279
      33.49340     -28.58406
      33.50360     -27.75455
      33.51370     -28.52477
      33.52390     -28.58373
      33.53400     -27.79246
      33.54420     -28.01998
      33.55440     -29.02679
      33.56450     -28.67347
      33.57470     -28.59894
      33.58490     -28.94378
      33.59500     -28.39853
      33.60520     -29.04214
      33.61540     -29.78518
      33.62550     -29.08820
      33.63570     -28.97012
      33.64590     -29.23150
      33.65600     -28.87297
      33.66620     -29.57335
      33.67640     -28.95326
      33.68650     -29.40331
      33.69670     -29.54233
      33.70680     -28.92155
      33.71700     -29.65976
      33.72720     -29.17758
      33.73730     -29.52565
      33.74750     -29.06276
      33.75770     -29.30954
      33.76780     -29.90666
      33.77800     -28.78284
      33.78820     -28.83874
      33.79830     -29.98501
      33.80850     -29.34043
      33.81870     -29.39560
      33.82880     -29.51119
      33.83900     -30.11596
      33.84910     -28.77120
      33.85930     -29.73563
      33.86950     -29.27990
      33.87960     -29.07468
      33.88980     -30.06871
      33.90000     -29.28263
      33.91010     -29.34713
      33.92030     -29.95089
      33.93050     -29.07459
      33.94060     -29.11889
      33.95080     -29.05251
      33.96100     -29.68614
      33.97110     -30.07038
      33.98130     -28.86399
      33.99150     -29.32761
      34.00160     -29.04194
      34.01180     -28.84565
      34.02190     -29.29005
      34.03210     -29.91389
      34.04230     -29.29780
      34.05240     -29.53248
      34.06260     -28.82659
      34.07280     -28.76081
      34.08290     -28.71581
      34.09310     -28.66030
      34.10330     -28.60497
      34.11340     -28.40039
      34.12360     -28.80536
      34.13380     -28.87051
      34.14390     -28.62646
      34.15410     -29.97202
      34.16420     -28.87838
      34.17440     -29.07433
      34.18460     -28.70050
      34.19470     -28.19755
      34.20490     -28.62420
      34.21510     -28.56109
      34.22520     -28.07886
      34.23540     -28.22627
      34.24560     -28.32397
      34.25570     -28.44256
      34.26590     -28.47082
      34.27610     -29.06937
      34.28620     -28.04882
      34.29640     -28.28801
      34.30660     -28.59748
      34.31670     -28.13787
      34.32690     -28.25798
      34.33700     -28.71902
      34.34720     -28.29983
      34.35740     -28.50097
      34.36750     -27.78302
      34.37770     -27.88486
      34.38790     -27.55706
      34.39800     -27.97020
      34.40820     -28.70313
      34.41840     -27.80643
      34.42850     -28.97066
      34.43870     -28.08472
      34.44890     -29.13919
      34.45900     -27.61456
      34.46920     -28.15979
      34.47930     -28.25594
      34.48950     -27.87198
      34.49970     -27.25841
      34.50980     -27.12576
      34.52000     -26.86299
      34.53020     -28.00064
      34.54030     -27.77923
      34.55050     -27.52771
      34.56070     -27.80661
      34.57080     -27.59641
      34.58100     -26.96615
      34.59120     -27.61631
      34.60130     -26.86740
      34.61150     -27.23841
      34.62170     -26.88985
      34.63180     -27.41219
      34.64200     -27.55451
      34.65210     -27.27770
      34.66230     -27.96086
      34.67250     -27.17446
      34.68260     -27.28895
      34.69280     -26.67341
      34.70300     -27.03831
      34.71310     -26.88407
      34.72330     -26.94983
      34.73350     -27.21603
      34.74360     -27.24309
      34.75380     -26.96016
      34.76400     -27.05765
      34.77410     -26.45599
      34.78430     -26.22435
      34.79440     -26.90356
      34.80460     -26.92278
      34.81480     -26.63243
      34.82490     -26.48289
      34.83510     -27.01341
      34.84530     -27.37434
      34.85540     -27.05607
      34.86560     -26.93785
      34.87580     -27.22004
      34.88590     -26.45304
      34.89610     -26.67608
      34.90630     -25.82953
      34.91640     -27.14375
      34.92660     -26.14803
      34.93670     -26.57307
      34.94690     -27.32817
      34.95710     -26.63367
      34.96720     -27.66991
      34.97740     -26.93622
      34.98760     -26.23295
      34.99770     -26.61037
      35.00790     -26.38787
      35.01810     -26.78577
      35.02820     -26.75437
      35.03840     -26.23304
      35.04860     -26.52210
      35.05870     -26.40183
      35.06890     -26.19164
      35.07910     -26.34184
      35.08920     -26.33270
      35.09940     -26.36363
      35.10950     -25.61521
      35.11970     -25.77687
      35.12990     -25.99889
      35.14000     -26.34155
      35.15020     -26.17429
      35.16040     -26.19738
      35.17050     -26.73108
      35.18070     -26.44487
      35.19090     -26.44900
      35.20100     -25.77371
      35.21120     -26.51851
      35.22140     -25.74364
      35.23150     -26.09935
      35.24170     -26.60513
      35.25180     -26.58147
      35.26200     -26.10790
      35.27220     -25.68464
      35.28230     -25.67193
      35.29250     -26.54929
      35.30270     -25.96696
      35.31280     -26.35515
      35.32300     -26.28341
      35.33320     -25.12199
      35.34330     -26.27105
      35.35350     -26.05019
      35.36370     -25.53963
      35.37380     -26.30954
      35.38400     -26.10953
      35.39420     -25.92979
      35.40430     -26.60052
      35.41450     -26.55132
      35.42460     -26.11258
      35.43480     -25.87391
      35.44500     -25.21549
      35.45510     -25.50751
      35.46530     -26.19960
      35.47550     -25.82195
      35.48560     -24.94470
      35.49580     -25.60752
      35.50600     -26.19059
      35.51610     -25.30405
      35.52630     -26.28758
      35.53650     -25.79134
      35.54660     -26.44547
      35.55680     -25.94968
      35.56690     -26.23425
      35.57710     -25.60889
      35.58730     -26.58374
      35.59740     -25.35894
      35.60760     -25.76420
      35.61780     -26.16966
      35.62790     -25.86547
      35.63810     -25.72133
      35.64830     -25.62739
      35.65840     -25.58377
      35.66860     -25.81021
      35.67880     -26.20683
      35.68890     -25.58375
      35.69910     -25.85073
      35.70930     -26.05789
      35.71940     -25.83535
      35.72960     -25.56285
      35.73970     -25.58063
      35.74990     -26.13846
      35.76010     -25.85646
      35.77020     -25.46473
      35.78040     -25.75304
      35.79060     -26.68151
      35.80070     -25.96024
      35.81090     -24.94901
      35.82110     -26.07792
      35.83120     -26.39709
      35.84140     -25.72629
      35.85160     -25.56563
      35.86170     -24.89521
      35.87190     -26.57483
      35.88200     -25.58467
      35.89220     -25.45455
      35.90240     -25.20455
      35.91250     -26.21478
      35.92270     -25.32503
      35.93290     -24.89540
      35.94300     -25.09599
      35.95320     -25.72659
      35.96340     -25.58732
      35.97350     -25.41825
      35.98370     -25.19919
      35.99390     -25.63025
