! TITLE: Yobs                                                                                                                                                                                                                                                            
! Peak:  1
       6.07970      20.00000
       6.08990      19.99980
       6.10010      19.99959
       6.11020      19.99939
       6.12040      19.99919
       6.13060      19.99899
       6.14070      19.99879
       6.15090      19.99858
       6.16110      19.99838
       6.17120      19.99818
       6.18140      19.99798
       6.19150      19.99778
       6.20170      19.99757
       6.21190      19.99737
       6.22200      19.99717
       6.23220      19.99697
       6.24240      19.99677
       6.25250      19.99656
       6.26270      19.99636
       6.27290      19.99616
       6.28300      19.99596
       6.29320      19.99575
       6.30340      19.99555
       6.31350      19.99535
       6.32370      19.99515
       6.33380      19.99495
       6.34400      19.99474
       6.35420      19.99454
       6.36430      19.99434
       6.37450      19.99414
       6.38470      19.99393
       6.39480      19.99373
       6.40500      19.99353
       6.41520      19.99333
       6.42530      19.99313
       6.43550      19.99292
       6.44570      19.99272
       6.45580      19.99252
       6.46600      19.99232
       6.47620      19.99212
       6.48630      19.99191
       6.49650      19.99171
       6.50660      19.99151
       6.51680      19.99131
       6.52700      19.99110
       6.53710      19.99090
       6.54730      19.99070
       6.55750      19.99050
       6.56760      19.99030
       6.57780      19.99009
       6.58800      19.98989
       6.59810      19.98969
       6.60830      19.98949
       6.61850      19.98928
       6.62860      19.98908
       6.63880      19.98888
       6.64890      19.98868
       6.65910      19.98848
       6.66930      19.98827
       6.67940      19.98807
       6.68960      19.98787
       6.69980      19.98767
       6.70990      19.98747
       6.72010      19.98726
       6.73030      19.98706
       6.74040      19.98686
       6.75060      19.98666
       6.76080      19.98645
       6.77090      19.98625
       6.78110      19.98605
       6.79130      19.98585
       6.80140      19.98565
       6.81160      19.98545
       6.82170      19.98524
       6.83190      19.98504
       6.84210      19.98484
       6.85220      19.98464
       6.86240      19.98443
       6.87260      19.98423
       6.88270      19.98403
       6.89290      19.98383
       6.90310      19.98362
       6.91320      19.98342
       6.92340      19.98322
       6.93360      19.98302
       6.94370      19.98282
       6.95390      19.98261
       6.96400      19.98241
       6.97420      19.98221
       6.98440      19.98201
       6.99450      19.98181
       7.00470      19.98160
       7.01490      19.98140
       7.02500      19.98120
       7.03520      19.98100
       7.04540      19.98079
       7.05550      19.98059
       7.06570      19.98039
       7.07590      19.98019
       7.08600      19.97999
       7.09620      19.97978
       7.10640      19.97958
       7.11650      19.97938
       7.12670      19.97918
       7.13680      19.97898
       7.14700      19.97877
       7.15720      19.97857
       7.16730      19.97837
       7.17750      19.97817
       7.18770      19.97796
       7.19780      19.97776
       7.20800      19.97756
       7.21820      19.97736
       7.22830      19.97716
       7.23850      19.97695
       7.24870      19.97675
       7.25880      19.97655
       7.26900      19.97635
       7.27910      19.97615
       7.28930      19.97594
       7.29950      19.97574
       7.30960      19.97554
       7.31980      19.97534
       7.33000      19.97513
       7.34010      19.97493
       7.35030      19.97473
       7.36050      19.97453
       7.37060      19.97433
       7.38080      19.97412
       7.39100      19.97392
       7.40110      19.97372
       7.41130      19.97352
       7.42150      19.97331
       7.43160      19.97311
       7.44180      19.97291
       7.45190      19.97271
       7.46210      19.97251
       7.47230      19.97230
       7.48240      19.97210
       7.49260      20.00414
       7.50280      20.00400
       7.51290      20.00386
       7.52310      20.00372
       7.53330      20.00357
       7.54340      20.00344
       7.55360      20.00329
       7.56380      20.00315
       7.57390      20.00301
       7.58410      20.00287
       7.59420      20.00273
       7.60440      20.00259
       7.61460      20.00245
       7.62470      20.00230
       7.63490      20.00216
       7.64510      20.00202
       7.65520      20.00188
       7.66540      20.00174
       7.67560      20.00160
       7.68570      20.00146
       7.69590      20.00133
       7.70610      20.00119
       7.71620      20.00105
       7.72640      20.00091
       7.73650      20.00077
       7.74670      20.00063
       7.75690      20.00049
       7.76700      20.00035
       7.77720      20.00022
       7.78740      20.00008
       7.79750      19.99994
       7.80770      19.99980
       7.81790      19.99967
       7.82800      19.99953
       7.83820      19.99939
       7.84840      19.99926
       7.85850      19.99912
       7.86870      19.99898
       7.87890      19.99885
       7.88900      19.99871
       7.89920      19.99858
       7.90930      19.99844
       7.91950      19.99831
       7.92970      19.99817
       7.93980      19.99804
       7.95000      19.99790
       7.96020      19.99777
       7.97030      19.99763
       7.98050      19.99750
       7.99070      19.99736
       8.00080      19.99723
       8.01100      19.99710
       8.02120      19.99696
       8.03130      19.99683
       8.04150      19.99670
       8.05160      19.99656
       8.06180      19.99643
       8.07200      19.99630
       8.08210      19.99617
       8.09230      19.99603
       8.10250      19.99590
       8.11260      19.99577
       8.12280      19.99564
       8.13300      19.99551
       8.14310      19.99538
       8.15330      19.99525
       8.16350      19.99512
       8.17360      19.99499
       8.18380      19.99486
       8.19400      19.99473
       8.20410      19.99460
       8.21430      19.99447
       8.22440      19.99434
       8.23460      19.99421
       8.24480      19.99408
       8.25490      19.99395
       8.26510      19.99382
       8.27530      19.99370
       8.28540      19.99357
       8.29560      19.99344
       8.30580      19.99331
       8.31590      19.99319
       8.32610      19.99306
       8.33630      19.99293
       8.34640      19.99281
       8.35660      19.99268
       8.36670      19.99255
       8.37690      19.99243
       8.38710      19.99230
       8.39720      19.99218
       8.40740      19.99205
       8.41760      19.99193
       8.42770      19.99180
       8.43790      19.99168
       8.44810      19.99155
       8.45820      19.99143
       8.46840      19.99131
       8.47860      19.99118
       8.48870      19.99106
       8.49890      19.99094
       8.50910      19.99081
       8.51920      19.99069
       8.52940      19.99057
       8.53950      19.99045
       8.54970      19.99032
       8.55990      19.99020
       8.57000      19.99008
       8.58020      19.98996
       8.59040      19.98984
       8.60050      19.98972
       8.61070      19.98960
       8.62090      19.98948
       8.63100      19.98936
       8.64120      19.98924
       8.65140      19.98912
       8.66150      19.98900
       8.67170      19.98888
       8.68180      19.98876
       8.69200      19.98865
       8.70220      19.98853
       8.71230      19.98841
       8.72250      19.98829
       8.73270      19.98817
       8.74280      19.98806
       8.75300      19.98794
       8.76320      19.98782
       8.77330      19.98771
       8.78350      19.98759
       8.79370      19.98748
       8.80380      19.98736
       8.81400      19.98725
       8.82420      19.98713
       8.83430      19.98702
       8.84450      19.98690
       8.85460      19.98679
       8.86480      19.98668
       8.87500      19.98656
       8.88510      19.98645
       8.89530      19.98634
       8.90550      19.98622
       8.91560      19.98611
       8.92580      19.98600
       8.93600      19.98589
       8.94610      19.98577
       8.95630      19.98566
       8.96650      19.98555
       8.97660      19.98544
       8.98680      19.98533
       8.99690      19.98522
       9.00710      19.98511
       9.01730      19.98500
       9.02740      19.98490
       9.03760      19.98479
       9.04780      19.98468
       9.05790      19.98457
       9.06810      19.98446
       9.07830      19.98435
       9.08840      19.98425
       9.09860      19.98414
       9.10880      19.98403
       9.11890      19.98393
       9.12910      19.98382
       9.13930      19.98371
       9.14940      19.98361
       9.15960      19.98350
       9.16970      19.98340
       9.17990      19.98330
       9.19010      19.98319
       9.20020      19.98309
       9.21040      19.98298
       9.22060      19.98288
       9.23070      19.98278
       9.24090      19.98268
       9.25110      19.98257
       9.26120      19.98247
       9.27140      19.98237
       9.28160      19.98227
       9.29170      19.98217
       9.30190      19.98207
       9.31200      19.98197
       9.32220      19.98187
       9.33240      19.98177
       9.34250      19.98167
       9.35270      19.98157
       9.36290      19.98147
       9.37300      19.98137
       9.38320      19.98127
       9.39340      19.98118
       9.40350      19.98108
       9.41370      19.98098
       9.42390      19.98089
       9.43400      19.98079
       9.44420      19.98070
       9.45440      19.98060
       9.46450      19.98050
       9.47470      19.98041
       9.48480      19.98032
       9.49500      19.98022
       9.50520      19.98013
       9.51530      19.98004
       9.52550      19.97994
       9.53570      19.97985
       9.54580      19.97976
       9.55600      19.97967
       9.56620      19.97957
       9.57630      19.97948
       9.58650      19.97939
       9.59670      19.97930
       9.60680      19.97921
       9.61700      19.97912
       9.62710      19.97904
       9.63730      19.97895
       9.64750      19.97886
       9.65760      19.97877
       9.66780      19.97868
       9.67800      19.97860
       9.68810      19.97851
       9.69830      19.97842
       9.70850      19.97834
       9.71860      19.97825
       9.72880      19.97817
       9.73900      19.97808
       9.74910      19.97800
       9.75930      19.97791
       9.76940      19.97783
       9.77960      19.97775
       9.78980      19.97766
       9.79990      19.97758
       9.81010      19.97750
       9.82030      19.97742
       9.83040      19.97734
       9.84060      19.97726
       9.85080      19.97718
       9.86090      19.97710
       9.87110      19.97702
       9.88130      19.97694
       9.89140      19.97686
       9.90160      19.97679
       9.91180      19.97671
       9.92190      19.97663
       9.93210      19.97655
       9.94220      19.97648
       9.95240      19.97640
       9.96260      19.97633
       9.97270      19.97625
       9.98290      19.97618
       9.99310      19.97610
      10.00320      19.97603
      10.01340      19.97596
      10.02360      19.97589
      10.03370      19.97581
      10.04390      19.97574
      10.05410      19.97567
      10.06420      19.97560
      10.07440      19.97553
      10.08450      19.97546
      10.09470      19.97539
      10.10490      19.97532
      10.11500      19.97526
      10.12520      19.97519
      10.13540      19.97512
      10.14550      19.97505
      10.15570      19.97499
      10.16590      19.97492
      10.17600      19.97486
      10.18620      19.97479
      10.19640      19.97473
      10.20650      19.97466
      10.21670      19.97460
      10.22690      19.97454
      10.23700      19.97448
      10.24720      19.97441
      10.25730      19.97435
      10.26750      19.97429
      10.27770      19.97423
      10.28780      19.97417
      10.29800      19.97412
      10.30820      19.97406
      10.31830      19.97400
      10.32850      19.97394
      10.33870      19.97388
      10.34880      19.97383
      10.35900      19.97377
      10.36920      19.97372
      10.37930      19.97366
      10.38950      19.97361
      10.39960      19.97355
      10.40980      19.97350
      10.42000      19.97345
      10.43010      19.97340
      10.44030      19.97334
      10.45050      19.97329
      10.46060      19.97324
      10.47080      19.97319
      10.48100      19.97314
      10.49110      19.97310
      10.50130      19.97305
      10.51150      19.97300
      10.52160      19.97296
      10.53180      19.97291
      10.54200      19.97286
      10.55210      19.97282
      10.56230      19.97277
      10.57240      19.97273
      10.58260      19.97269
      10.59280      19.97264
      10.60290      19.97260
      10.61310      19.97256
      10.62330      19.97252
      10.63340      19.97248
      10.64360      19.97244
      10.65380      19.97240
      10.66390      19.97236
      10.67410      19.97233
      10.68430      19.97229
      10.69440      19.97225
      10.70460      19.97222
      10.71470      19.97218
      10.72490      19.97215
      10.73510      19.97212
      10.74520      19.97208
      10.75540      19.97205
      10.76560      19.97202
      10.77570      19.97199
      10.78590      19.97196
      10.79610      19.97193
      10.80620      19.97190
      10.81640      19.97187
      10.82660      19.97184
      10.83670      19.97182
      10.84690      19.97179
      10.85710      19.97177
      10.86720      19.97174
      10.87740      19.97172
      10.88750      19.97169
      10.89770      19.97167
      10.90790      19.97165
      10.91800      19.97163
      10.92820      19.97161
      10.93840      19.97159
      10.94850      19.97157
      10.95870      19.97155
      10.96890      19.97153
      10.97900      19.97152
      10.98920      19.97150
      10.99940      19.97149
      11.00950      19.97147
      11.01970      19.97146
      11.02980      19.97144
      11.04000      19.97143
      11.05020      19.97142
      11.06030      19.97141
      11.07050      19.97140
      11.08070      19.97139
      11.09080      19.97138
      11.10100      19.97137
      11.11120      19.97137
      11.12130      19.97136
      11.13150      19.97136
      11.14170      19.97135
      11.15180      19.97135
      11.16200      19.97135
      11.17220      19.97135
      11.18230      19.97134
      11.19250      19.97134
      11.20260      19.97135
      11.21280      19.97135
      11.22300      19.97135
      11.23310      19.97135
      11.24330      19.97136
      11.25350      19.97136
      11.26360      19.97137
      11.27380      19.97137
      11.28400      19.97138
      11.29410      19.97139
      11.30430      19.97140
      11.31450      19.97141
      11.32460      19.97142
      11.33480      19.97143
      11.34490      19.97145
      11.35510      19.97146
      11.36530      19.97148
      11.37540      19.97149
      11.38560      19.97151
      11.39580      19.97153
      11.40590      19.97154
      11.41610      19.97156
      11.42630      19.97158
      11.43640      19.97161
      11.44660      19.97163
      11.45680      19.97165
      11.46690      19.97168
      11.47710      19.97170
      11.48730      19.97173
      11.49740      19.97175
      11.50760      19.97178
      11.51770      19.97181
      11.52790      19.97184
      11.53810      19.97187
      11.54820      19.97191
      11.55840      19.97194
      11.56860      19.97197
      11.57870      19.97201
      11.58890      19.97205
      11.59910      19.97208
      11.60920      19.97212
      11.61940      19.97216
      11.62960      19.97220
      11.63970      19.97224
      11.64990      19.97229
      11.66000      19.97233
      11.67020      19.97238
      11.68040      19.97242
      11.69050      19.97247
      11.70070      19.97252
      11.71090      19.97257
      11.72100      19.97262
      11.73120      19.97267
      11.74140      19.97272
      11.75150      19.97278
      11.76170      19.97283
      11.77190      19.97289
      11.78200      19.97295
      11.79220      19.97301
      11.80230      19.97306
      11.81250      19.97313
      11.82270      19.97319
      11.83280      19.97325
      11.84300      19.97332
      11.85320      19.97338
      11.86330      19.97345
      11.87350      19.97352
      11.88370      19.97359
      11.89380      19.97366
      11.90400      19.97373
      11.91420      19.97380
      11.92430      19.97388
      11.93450      19.97395
      11.94470      19.97403
      11.95480      19.97411
      11.96500      19.97419
      11.97510      19.97427
      11.98530      19.97435
      11.99550      19.97444
      12.00560      19.97452
      12.01580      19.97461
      12.02600      19.97470
      12.03610      19.97478
      12.04630      19.97488
      12.05650      19.97497
      12.06660      19.97506
      12.07680      19.97515
      12.08700      19.97525
      12.09710      19.97535
      12.10730      19.97545
      12.11740      19.97555
      12.12760      19.97565
      12.13780      19.97575
      12.14790      19.97586
      12.15810      19.97596
      12.16830      19.97607
      12.17840      19.97618
      12.18860      19.97629
      12.19880      19.97640
      12.20890      19.97652
      12.21910      19.97663
      12.22930      19.97675
      12.23940      19.97687
      12.24960      19.97699
      12.25980      19.97711
      12.26990      19.97723
      12.28010      19.97736
      12.29020      19.97748
      12.30040      19.97761
      12.31060      19.97774
      12.32070      19.97787
      12.33090      19.97800
      12.34110      19.97814
      12.35120      19.97827
      12.36140      19.97841
      12.37160      19.97855
      12.38170      19.97869
      12.39190      19.97883
      12.40210      19.97898
      12.41220      19.97912
      12.42240      19.97927
      12.43250      19.97942
      12.44270      19.97957
      12.45290      19.97973
      12.46300      19.97988
      12.47320      19.98004
      12.48340      19.98020
      12.49350      19.98036
      12.50370      19.98052
      12.51390      19.98068
      12.52400      19.98085
      12.53420      19.98102
      12.54440      19.98119
      12.55450      19.98136
      12.56470      19.98153
      12.57490      19.98171
      12.58500      19.98188
      12.59520      19.98206
      12.60530      19.98224
      12.61550      19.98243
      12.62570      19.98261
      12.63580      19.98280
      12.64600      19.98299
      12.65620      19.98318
      12.66630      19.98337
      12.67650      19.98357
      12.68670      19.98377
      12.69680      19.98396
      12.70700      19.98417
      12.71720      19.98437
      12.72730      19.98458
      12.73750      19.98479
      12.74760      19.98499
      12.75780      19.98521
      12.76800      19.98542
      12.77810      19.98564
      12.78830      19.98586
      12.79850      19.98608
      12.80860      19.98630
      12.81880      19.98653
      12.82900      19.98676
      12.83910      19.98698
      12.84930      19.98722
      12.85950      19.98745
      12.86960      19.98769
      12.87980      19.98793
      12.89000      19.98817
      12.90010      19.98841
      12.91030      19.98866
      12.92040      19.98891
      12.93060      19.98916
      12.94080      19.98942
      12.95090      19.98967
      12.96110      19.98993
      12.97130      19.99020
      12.98140      19.99046
      12.99160      19.99073
      13.00180      19.99100
      13.01190      19.99127
      13.02210      19.99154
      13.03230      19.99182
      13.04240      19.99210
      13.05260      19.99238
      13.06270      19.99266
      13.07290      19.99295
      13.08310      19.99325
      13.09320      19.99354
      13.10340      19.99384
      13.11360      19.99413
      13.12370      19.99443
      13.13390      19.99474
      13.14410      19.99505
      13.15420      19.99536
      13.16440      19.99567
      13.17460      19.99599
      13.18470      19.99631
      13.19490      19.99663
      13.20510      19.99696
      13.21520      19.99728
      13.22540      19.99762
      13.23550      19.99795
      13.24570      19.99829
      13.25590      19.99863
      13.26600      19.99897
      13.27620      19.99932
      13.28640      19.99967
      13.29650      20.00002
      13.30670      20.00038
      13.31690      20.00074
      13.32700      20.00110
      13.33720      20.00147
      13.34740      20.00184
      13.35750      20.00221
      13.36770      20.00259
      13.37780      20.00296
      13.38800      20.00335
      13.39820      20.00374
      13.40830      20.00412
      13.41850      20.00452
      13.42870      20.00492
      13.43880      20.00532
      13.44900      20.00572
      13.45920      20.00613
      13.46930      20.00654
      13.47950      20.00696
      13.48970      20.00738
      13.49980      20.00780
      13.51000      20.00823
      13.52010      20.00866
      13.53030      20.00909
      13.54050      20.00953
      13.55060      20.00997
      13.56080      20.01042
      13.57100      20.01087
      13.58110      20.01132
      13.59130      20.01178
      13.60150      20.01225
      13.61160      20.01271
      13.62180      20.01318
      13.63200      20.01366
      13.64210      20.01413
      13.65230      20.01462
      13.66250      20.01511
      13.67260      20.01560
      13.68280      20.01609
      13.69290      20.01659
      13.70310      20.01710
      13.71330      20.01761
      13.72340      20.01812
      13.73360      20.01864
      13.74380      20.01917
      13.75390      20.01969
      13.76410      20.02022
      13.77430      20.02076
      13.78440      20.02130
      13.79460      20.02185
      13.80480      20.02240
      13.81490      20.02295
      13.82510      20.02352
      13.83520      20.02408
      13.84540      20.02465
      13.85560      20.02523
      13.86570      20.02581
      13.87590      20.02640
      13.88610      20.02699
      13.89620      20.02758
      13.90640      20.02818
      13.91660      20.02880
      13.92670      20.02940
      13.93690      20.03002
      13.94710      20.03065
      13.95720      20.03127
      13.96740      20.03191
      13.97760      20.03255
      13.98770      20.03319
      13.99790      20.03385
      14.00800      20.03450
      14.01820      20.03516
      14.02840      20.03583
      14.03850      20.03650
      14.04870      20.03719
      14.05890      20.03787
      14.06900      20.03856
      14.07920      20.03926
      14.08940      20.03997
      14.09950      20.04068
      14.10970      20.04140
      14.11990      20.04212
      14.13000      20.04285
      14.14020      20.04358
      14.15030      20.04432
      14.16050      20.04507
      14.17070      20.04583
      14.18080      20.04659
      14.19100      20.04736
      14.20120      20.04814
      14.21130      20.04892
      14.22150      20.04971
      14.23170      20.05051
      14.24180      20.05131
      14.25200      20.05212
      14.26220      20.05295
      14.27230      20.05377
      14.28250      20.05460
      14.29270      20.05544
      14.30280      20.05629
      14.31300      20.05715
      14.32310      20.05800
      14.33330      20.05888
      14.34350      20.05976
      14.35360      20.06064
      14.36380      20.06153
      14.37400      20.06244
      14.38410      20.06334
      14.39430      20.06427
      14.40450      20.06520
      14.41460      20.06612
      14.42480      20.06707
      14.43500      20.06803
      14.44510      20.06898
      14.45530      20.06995
      14.46540      20.07092
      14.47560      20.07191
      14.48580      20.07291
      14.49590      20.07391
      14.50610      20.07493
      14.51630      20.07595
      14.52640      20.07698
      14.53660      20.07802
      14.54680      20.07908
      14.55690      20.08013
      14.56710      20.08121
      14.57730      20.08229
      14.58740      20.08337
      14.59760      20.08447
      14.60780      20.08559
      14.61790      20.08670
      14.62810      20.08783
      14.63820      20.08897
      14.64840      20.09012
      14.65860      20.09129
      14.66870      20.09245
      14.67890      20.09364
      14.68910      20.09484
      14.69920      20.09603
      14.70940      20.09725
      14.71960      20.09848
      14.72970      20.09971
      14.73990      20.10097
      14.75010      20.10223
      14.76020      20.10350
      14.77040      20.10479
      14.78050      20.10608
      14.79070      20.10739
      14.80090      20.10872
      14.81100      20.11004
      14.82120      20.11139
      14.83140      20.11276
      14.84150      20.11412
      14.85170      20.11551
      14.86190      20.11691
      14.87200      20.11831
      14.88220      20.11974
      14.89240      20.12119
      14.90250      20.12263
      14.91270      20.12410
      14.92290      20.12558
      14.93300      20.12707
      14.94320      20.12858
      14.95330      20.13009
      14.96350      20.13163
      14.97370      20.13319
      14.98380      20.13475
      14.99400      20.13633
      15.00420      20.13794
      15.01430      20.13954
      15.02450      20.14117
      15.03470      20.14282
      15.04480      20.14447
      15.05500      20.14615
      15.06520      20.14785
      15.07530      20.14955
      15.08550      20.15128
      15.09560      20.15301
      15.10580      20.15477
      15.11600      20.15656
      15.12610      20.15834
      15.13630      20.16016
      15.14650      20.16199
      15.15660      20.16383
      15.16680      20.16570
      15.17700      20.16759
      15.18710      20.16949
      15.19730      20.17142
      15.20750      20.17336
      15.21760      20.17531
      15.22780      20.17730
      15.23800      20.17931
      15.24810      20.18132
      15.25830      20.18337
      15.26840      20.18542
      15.27860      20.18751
      15.28880      20.18962
      15.29890      20.19173
      15.30910      20.19389
      15.31930      20.19606
      15.32940      20.19824
      15.33960      20.20046
      15.34980      20.20271
      15.35990      20.20496
      15.37010      20.20725
      15.38030      20.20956
      15.39040      20.21188
      15.40060      20.21425
      15.41070      20.21661
      15.42090      20.21903
      15.43110      20.22147
      15.44120      20.22391
      15.45140      20.22640
      15.46160      20.22892
      15.47170      20.23144
      15.48190      20.23401
      15.49210      20.23661
      15.50220      20.23921
      15.51240      20.24186
      15.52260      20.24454
      15.53270      20.24723
      15.54290      20.24997
      15.55300      20.25272
      15.56320      20.25552
      15.57340      20.25835
      15.58350      20.26118
      15.59370      20.26407
      15.60390      20.26700
      15.61400      20.26993
      15.62420      20.27292
      15.63440      20.27594
      15.64450      20.27897
      15.65470      20.28206
      15.66490      20.28518
      15.67500      20.28831
      15.68520      20.29151
      15.69540      20.29474
      15.70550      20.29797
      15.71570      20.30128
      15.72580      20.30458
      15.73600      20.30796
      15.74620      20.31138
      15.75630      20.31481
      15.76650      20.31830
      15.77670      20.32184
      15.78680      20.32538
      15.79700      20.32900
      15.80720      20.33266
      15.81730      20.33632
      15.82750      20.34007
      15.83770      20.34386
      15.84780      20.34766
      15.85800      20.35154
      15.86810      20.35542
      15.87830      20.35939
      15.88850      20.36341
      15.89860      20.36744
      15.90880      20.37155
      15.91900      20.37572
      15.92910      20.37989
      15.93930      20.38415
      15.94950      20.38847
      15.95960      20.39279
      15.96980      20.39721
      15.98000      20.40169
      15.99010      20.40617
      16.00030      20.41076
      16.01050      20.41540
      16.02060      20.42005
      16.03080      20.42481
      16.04090      20.42958
      16.05110      20.43446
      16.06130      20.43939
      16.07140      20.44434
      16.08160      20.44941
      16.09180      20.45453
      16.10190      20.45967
      16.11210      20.46493
      16.12230      20.47025
      16.13240      20.47559
      16.14260      20.48106
      16.15280      20.48659
      16.16290      20.49214
      16.17310      20.49781
      16.18320      20.50351
      16.19340      20.50933
      16.20360      20.51524
      16.21370      20.52116
      16.22390      20.52722
      16.23410      20.53336
      16.24420      20.53952
      16.25440      20.54583
      16.26460      20.55222
      16.27470      20.55863
      16.28490      20.56519
      16.29510      20.57184
      16.30520      20.57852
      16.31540      20.58536
      16.32560      20.59229
      16.33570      20.59925
      16.34590      20.60637
      16.35600      20.61352
      16.36620      20.62084
      16.37640      20.62827
      16.38650      20.63572
      16.39670      20.64336
      16.40690      20.65110
      16.41700      20.65888
      16.42720      20.66685
      16.43740      20.67493
      16.44750      20.68305
      16.45770      20.69137
      16.46790      20.69980
      16.47800      20.70829
      16.48820      20.71697
      16.49830      20.72571
      16.50850      20.73465
      16.51870      20.74374
      16.52880      20.75287
      16.53900      20.76223
      16.54920      20.77173
      16.55930      20.78128
      16.56950      20.79108
      16.57970      20.80103
      16.58980      20.81103
      16.60000      20.82129
      16.61020      20.83172
      16.62030      20.84221
      16.63050      20.85297
      16.64070      20.86390
      16.65080      20.87491
      16.66100      20.88621
      16.67110      20.89758
      16.68130      20.90926
      16.69150      20.92114
      16.70160      20.93311
      16.71180      20.94540
      16.72200      20.95791
      16.73210      20.97052
      16.74230      20.98348
      16.75250      20.99668
      16.76260      21.00999
      16.77280      21.02369
      16.78300      21.03765
      16.79310      21.05175
      16.80330      21.06626
      16.81340      21.08092
      16.82360      21.09604
      16.83380      21.11147
      16.84390      21.12708
      16.85410      21.14318
      16.86430      21.15965
      16.87440      21.17633
      16.88460      21.19358
      16.89480      21.21124
      16.90490      21.22915
      16.91510      21.24770
      16.92530      21.26674
      16.93540      21.28609
      16.94560      21.30617
      16.95580      21.32682
      16.96590      21.34786
      16.97610      21.36974
      16.98620      21.39207
      16.99640      21.41534
      17.00660      21.43937
      17.01670      21.46396
      17.02690      21.48964
      17.03710      21.51625
      17.04720      21.54355
      17.05740      21.57217
      17.06760      21.60189
      17.07770      21.63248
      17.08790      21.66464
      17.09810      21.69815
      17.10820      21.73275
      17.11840      21.76923
      17.12850      21.80697
      17.13870      21.84684
      17.14890      21.88859
      17.15900      21.93192
      17.16920      21.97783
      17.17940      22.02602
      17.18950      22.07618
      17.19970      22.12944
      17.20990      22.18552
      17.22000      22.24401
      17.23020      22.30627
      17.24040      22.37196
      17.25050      22.44060
      17.26070      22.51381
      17.27090      22.59118
      17.28100      22.67215
      17.29120      22.75864
      17.30130      22.84923
      17.31150      22.94606
      17.32170      23.04857
      17.33180      23.15606
      17.34200      23.27100
      17.35220      23.39280
      17.36230      23.52055
      17.37250      23.65719
      17.38270      23.80201
      17.39280      23.95388
      17.40300      24.11637
      17.41320      24.28850
      17.42330      24.46898
      17.43350      24.66198
      17.44360      24.86424
      17.45380      25.08043
      17.46400      25.30922
      17.47410      25.54880
      17.48430      25.80463
      17.49450      26.07505
      17.50460      26.35801
      17.51480      26.65969
      17.52500      26.97829
      17.53510      27.31116
      17.54530      27.66558
      17.55550      28.03930
      17.56560      28.42910
      17.57580      28.84362
      17.58590      29.27549
      17.59610      29.73423
      17.60630      30.21650
      17.61640      30.71805
      17.62660      31.24981
      17.63680      31.80780
      17.64690      32.38697
      17.65710      32.99982
      17.66730      33.64147
      17.67740      34.30636
      17.68760      35.00818
      17.69780      35.74167
      17.70790      36.49982
      17.71810      37.29862
      17.72830      38.13145
      17.73840      38.99033
      17.74860      39.89320
      17.75870      40.82286
      17.76890      41.79860
      17.77910      42.81191
      17.78920      43.85280
      17.79940      44.94262
      17.80960      46.07162
      17.81970      47.22847
      17.82990      48.43665
      17.84010      49.68486
      17.85020      50.96104
      17.86040      52.28990
      17.87060      53.65968
      17.88070      55.05593
      17.89090      56.50649
      17.90100      57.98240
      17.91120      59.51291
      17.92140      61.08304
      17.93150      62.67616
      17.94170      64.32354
      17.95190      66.00872
      17.96200      67.71362
      17.97220      69.47143
      17.98240      71.26421
      17.99250      73.07251
      18.00270      74.93125
      18.01290      76.82072
      18.02300      78.72130
      18.03320      80.66791
      18.04340      82.64101
      18.05350      84.61839
      18.06370      86.63766
      18.07380      88.65666
      18.08400      90.71357
      18.09420      92.78588
      18.10430      94.85037
      18.11450      96.94575
      18.12470      99.04870
      18.13480     101.13544
      18.14500     103.24485
      18.15520     105.35260
      18.16530     107.43589
      18.17550     109.53201
      18.18570     111.61675
      18.19580     113.66740
      18.20600     115.71999
      18.21610     117.73186
      18.22630     119.73812
      18.23650     121.71596
      18.24660     123.64212
      18.25680     125.55140
      18.26700     127.42052
      18.27710     129.22774
      18.28730     131.00540
      18.29750     132.73131
      18.30760     134.38531
      18.31780     135.99677
      18.32800     137.54471
      18.33810     139.01190
      18.34830     140.42325
      18.35850     141.76016
      18.36860     143.00783
      18.37880     144.18697
      18.38890     145.27196
      18.39910     146.28070
      18.40930     147.19965
      18.41940     148.01826
      18.42960     148.75053
      18.43980     149.38568
      18.44990     149.91695
      18.46010     150.35339
      18.47030     150.68784
      18.48040     150.91751
      18.49060     151.04628
      18.50080     151.07095
      18.51090     150.99272
      18.52110     150.81032
      18.53120     150.52779
      18.54140     150.14047
      18.55160     149.65193
      18.56170     149.06966
      18.57190     148.38416
      18.58210     147.60248
      18.59220     146.73616
      18.60240     145.77031
      18.61260     144.71594
      18.62270     143.58766
      18.63290     142.36597
      18.64310     141.06502
      18.65320     139.70224
      18.66340     138.25383
      18.67360     136.73698
      18.68370     135.17053
      18.69390     133.52805
      18.70400     131.84459
      18.71420     130.09158
      18.72440     128.28848
      18.73450     126.45770
      18.74470     124.56745
      18.75490     122.63866
      18.76500     120.69511
      18.77520     118.70163
      18.78540     116.68127
      18.79550     114.65804
      18.80570     112.59504
      18.81590     110.51595
      18.82600     108.44502
      18.83620     106.34417
      18.84630     104.25822
      18.85650     102.14864
      18.86670     100.03978
      18.87680      97.95425
      18.88700      95.85484
      18.89720      93.76398
      18.90730      91.70495
      18.91750      89.64021
      18.92770      87.59172
      18.93780      85.58223
      18.94800      83.57368
      18.95820      81.58838
      18.96830      79.64759
      18.97850      77.71429
      18.98870      75.80976
      18.99880      73.95401
      19.00900      72.11137
      19.01910      70.31966
      19.02930      68.54427
      19.03950      66.80473
      19.04960      65.11777
      19.05980      63.45179
      19.07000      61.82367
      19.08010      60.24994
      19.09030      58.69966
      19.10050      57.18923
      19.11060      55.73335
      19.12080      54.30316
      19.13100      52.91356
      19.14110      51.57779
      19.15130      50.26911
      19.16140      49.01334
      19.17160      47.78517
      19.18180      46.59711
      19.19190      45.46004
      19.20210      44.35078
      19.21230      43.28067
      19.22240      42.25864
      19.23260      41.26445
      19.24280      40.30733
      19.25290      39.39577
      19.26310      38.51083
      19.27330      37.66106
      19.28340      36.85363
      19.29360      36.07156
      19.30380      35.32230
      19.31390      34.61195
      19.32410      33.92543
      19.33420      33.27551
      19.34440      32.64828
      19.35460      32.04950
      19.36470      31.48381
      19.37490      30.93898
      19.38510      30.42000
      19.39520      29.93046
      19.40540      29.46006
      19.41560      29.01264
      19.42570      28.59153
      19.43590      28.18744
      19.44610      27.80383
      19.45620      27.44337
      19.46640      27.09804
      19.47650      26.77387
      19.48670      26.46361
      19.49690      26.16980
      19.50700      25.89438
      19.51720      25.63110
      19.52740      25.38213
      19.53750      25.14892
      19.54770      24.92627
      19.55790      24.71592
      19.56800      24.51905
      19.57820      24.33128
      19.58840      24.15394
      19.59850      23.98812
      19.60870      23.82998
      19.61880      23.68213
      19.62900      23.54115
      19.63920      23.40808
      19.64930      23.28368
      19.65950      23.16504
      19.66970      23.05302
      19.67980      22.94827
      19.69000      22.84830
      19.70020      22.75387
      19.71030      22.66546
      19.72050      22.58103
      19.73070      22.50118
      19.74080      22.42633
      19.75100      22.35476
      19.76120      22.28695
      19.77130      22.22329
      19.78150      22.16229
      19.79160      22.10496
      19.80180      22.04993
      19.81200      21.99763
      19.82210      21.94835
      19.83230      21.90094
      19.84250      21.85575
      19.85260      21.81306
      19.86280      21.77188
      19.87300      21.73253
      19.88310      21.69523
      19.89330      21.65916
      19.90350      21.62457
      19.91360      21.59168
      19.92380      21.55978
      19.93390      21.52939
      19.94410      21.49985
      19.95430      21.47137
      19.96440      21.44417
      19.97460      21.41763
      19.98480      21.39198
      19.99490      21.36741
      20.00510      21.34337
      20.01530      21.32007
      20.02540      21.29769
      20.03560      21.27573
      20.04580      21.25440
      20.05590      21.23384
      20.06610      21.21364
      20.07630      21.19396
      20.08640      21.17496
      20.09660      21.15624
      20.10670      21.13814
      20.11690      21.12030
      20.12710      21.10286
      20.13720      21.08597
      20.14740      21.06928
      20.15760      21.05295
      20.16770      21.03711
      20.17790      21.02143
      20.18810      21.00607
      20.19820      20.99116
      20.20840      20.97639
      20.21860      20.96189
      20.22870      20.94780
      20.23890      20.93383
      20.24900      20.92024
      20.25920      20.90676
      20.26940      20.89351
      20.27950      20.88061
      20.28970      20.86781
      20.29990      20.85522
      20.31000      20.84296
      20.32020      20.83077
      20.33040      20.81879
      20.34050      20.80711
      20.35070      20.79550
      20.36090      20.78407
      20.37100      20.77293
      20.38120      20.76185
      20.39140      20.75094
      20.40150      20.74030
      20.41170      20.72972
      20.42180      20.71939
      20.43200      20.70912
      20.44220      20.69899
      20.45230      20.68911
      20.46250      20.67928
      20.47270      20.66958
      20.48280      20.66012
      20.49300      20.65070
      20.50320      20.64141
      20.51330      20.63235
      20.52350      20.62332
      20.53370      20.61441
      20.54380      20.60572
      20.55400      20.59706
      20.56410      20.58859
      20.57430      20.58017
      20.58450      20.57185
      20.59460      20.56373
      20.60480      20.55563
      20.61500      20.54765
      20.62510      20.53984
      20.63530      20.53207
      20.64550      20.52439
      20.65560      20.51689
      20.66580      20.50941
      20.67600      20.50203
      20.68610      20.49481
      20.69630      20.48762
      20.70650      20.48052
      20.71660      20.47357
      20.72680      20.46665
      20.73690      20.45988
      20.74710      20.45313
      20.75730      20.44646
      20.76740      20.43994
      20.77760      20.43344
      20.78780      20.42701
      20.79790      20.42073
      20.80810      20.41446
      20.81830      20.40826
      20.82840      20.40221
      20.83860      20.39616
      20.84880      20.39019
      20.85890      20.38435
      20.86910      20.37851
      20.87920      20.37281
      20.88940      20.36711
      20.89960      20.36148
      20.90970      20.35597
      20.91990      20.35047
      20.93010      20.34504
      20.94020      20.33972
      20.95040      20.33441
      20.96060      20.32916
      20.97070      20.32402
      20.98090      20.31888
      20.99110      20.31381
      21.00120      20.30884
      21.01140      20.30388
      21.02160      20.29897
      21.03170      20.29416
      21.04190      20.28937
      21.05200      20.28466
      21.06220      20.27997
      21.07240      20.27533
      21.08250      20.27078
      21.09270      20.26624
      21.10290      20.26174
      21.11300      20.25734
      21.12320      20.25294
      21.13340      20.24858
      21.14350      20.24432
      21.15370      20.24006
      21.16390      20.23584
      21.17400      20.23171
      21.18420      20.22758
      21.19430      20.22353
      21.20450      20.21949
      21.21470      20.21549
      21.22480      20.21157
      21.23500      20.20764
      21.24520      20.20376
      21.25530      20.19996
      21.26550      20.19615
      21.27570      20.19239
      21.28580      20.18870
      21.29600      20.18501
      21.30620      20.18135
      21.31630      20.17777
      21.32650      20.17419
      21.33660      20.17068
      21.34680      20.16716
      21.35700      20.16368
      21.36710      20.16027
      21.37730      20.15686
      21.38750      20.15348
      21.39760      20.15017
      21.40780      20.14685
      21.41800      20.14357
      21.42810      20.14035
      21.43830      20.13713
      21.44850      20.13394
      21.45860      20.13081
      21.46880      20.12768
      21.47900      20.12457
      21.48910      20.12153
      21.49930      20.11848
      21.50940      20.11549
      21.51960      20.11250
      21.52980      20.10954
      21.53990      20.10663
      21.55010      20.10372
      21.56030      20.10084
      21.57040      20.09801
      21.58060      20.09518
      21.59080      20.09237
      21.60090      20.08962
      21.61110      20.08686
      21.62130      20.08413
      21.63140      20.08144
      21.64160      20.07876
      21.65170      20.07612
      21.66190      20.07348
      21.67210      20.07087
      21.68220      20.06830
      21.69240      20.06573
      21.70260      20.06318
      21.71270      20.06067
      21.72290      20.05816
      21.73310      20.05568
      21.74320      20.05324
      21.75340      20.05079
      21.76360      20.04837
      21.77370      20.04599
      21.78390      20.04361
      21.79410      20.04124
      21.80420      20.03892
      21.81440      20.03660
      21.82450      20.03431
      21.83470      20.03203
      21.84490      20.02976
      21.85500      20.02753
      21.86520      20.02530
      21.87540      20.02308
      21.88550      20.02091
      21.89570      20.01873
      21.90590      20.01657
      21.91600      20.01444
      21.92620      20.01231
      21.93640      20.01020
      21.94650      20.00813
      21.95670      20.00605
      21.96680      20.00400
      21.97700      20.00196
      21.98720      19.99993
      21.99730      19.99793
      22.00750      19.99593
      22.01770      19.99395
      22.02780      19.99199
      22.03800      19.99004
      22.04820      19.98810
      22.05830      19.98619
      22.06850      19.98428
      22.07870      19.98239
      22.08880      19.98052
      22.09900      19.97865
      22.10920      19.97680
      22.11930      19.97497
      22.12950      19.97315
      22.13960      19.97135
      22.14980      19.96955
      22.16000      19.96776
      22.17010      19.96600
      22.18030      19.96424
      22.19050      19.96249
      22.20060      19.96077
      22.21080      19.95904
      22.22100      19.95733
      22.23110      19.95564
      22.24130      19.95395
      22.25150      19.95228
      22.26160      19.95063
      22.27180      19.94897
      22.28190      19.94735
      22.29210      19.94572
      22.30230      19.94410
      22.31240      19.94250
      22.32260      19.94091
      22.33280      19.93932
      22.34290      19.93776
      22.35310      19.93619
      22.36330      19.93464
      22.37340      19.93311
      22.38360      19.93158
      22.39380      19.93005
      22.40390      19.92855
      22.41410      19.92705
      22.42430      19.92556
      22.43440      19.92409
      22.44460      19.92261
      22.45470      19.92116
      22.46490      19.91971
      22.47510      19.91826
      22.48520      19.91684
      22.49540      19.91541
      22.50560      19.91399
      22.51570      19.91260
      22.52590      19.91120
      22.53610      19.90981
      22.54620      19.90844
      22.55640      19.90706
      22.56660      19.90570
      22.57670      19.90436
      22.58690      19.90301
      22.59700      19.90168
      22.60720      19.90035
      22.61740      19.89903
      22.62750      19.89773
      22.63770      19.89642
      22.64790      19.89512
      22.65800      19.89384
      22.66820      19.89256
      22.67840      19.89128
      22.68850      19.89003
      22.69870      19.88877
      22.70890      19.88752
      22.71900      19.88628
      22.72920      19.88505
      22.73940      19.88382
      22.74950      19.88260
      22.75970      19.88139
      22.76980      19.88019
      22.78000      19.87899
      22.79020      19.87780
      22.80030      19.87662
      22.81050      19.87544
      22.82070      19.87427
      22.83080      19.87311
      22.84100      19.87195
      22.85120      19.87079
      22.86130      19.86966
      22.87150      19.86852
      22.88170      19.86738
      22.89180      19.86627
      22.90200      19.86514
      22.91210      19.86404
      22.92230      19.86293
      22.93250      19.86183
      22.94260      19.86074
      22.95280      19.85965
      22.96300      19.85856
      22.97310      19.85749
      22.98330      19.85642
      22.99350      19.85535
      23.00360      19.85430
      23.01380      19.85325
      23.02400      19.85220
      23.03410      19.85116
      23.04430      19.85012
      23.05450      19.84909
      23.06460      19.84807
      23.07480      19.84705
      23.08490      19.84604
      23.09510      19.84503
      23.10530      19.84402
      23.11540      19.84303
      23.12560      19.84203
      23.13580      19.84104
      23.14590      19.84007
      23.15610      19.83908
      23.16630      19.83811
      23.17640      19.83715
      23.18660      19.83618
      23.19680      19.83522
      23.20690      19.83427
      23.21710      19.83332
      23.22720      19.83238
      23.23740      19.83144
      23.24760      19.83050
      23.25770      19.82958
      23.26790      19.82865
      23.27810      19.82773
      23.28820      19.82682
      23.29840      19.82590
      23.30860      19.82499
      23.31870      19.82410
      23.32890      19.82319
      23.33910      19.82230
      23.34920      19.82141
      23.35940      19.82053
      23.36950      19.81965
      23.37970      19.81877
      23.38990      19.81790
      23.40000      19.81703
      23.41020      19.81616
      23.42040      19.81530
      23.43050      19.81445
      23.44070      19.81359
      23.45090      19.81274
      23.46100      19.81190
      23.47120      19.81106
      23.48140      19.81022
      23.49150      19.80939
      23.50170      19.80856
      23.51190      19.80773
      23.52200      19.80692
      23.53220      19.80610
      23.54230      19.80529
      23.55250      19.80447
      23.56270      19.80366
      23.57280      19.80287
      23.58300      19.80206
      23.59320      19.80126
      23.60330      19.80048
      23.61350      19.79968
      23.62370      19.79889
      23.63380      19.79812
      23.64400      19.79734
      23.65420      19.79656
      23.66430      19.79579
      23.67450      19.79502
      23.68460      19.79426
      23.69480      19.79349
      23.70500      19.79273
      23.71510      19.79198
      23.72530      19.79123
      23.73550      19.79047
      23.74560      19.78973
      23.75580      19.78898
      23.76600      19.78824
      23.77610      19.78751
      23.78630      19.78677
      23.79650      19.78604
      23.80660      19.78532
      23.81680      19.78459
      23.82700      19.78386
      23.83710      19.78315
      23.84730      19.78243
      23.85740      19.78172
      23.86760      19.78101
      23.87780      19.78030
      23.88790      19.77960
      23.89810      19.77889
      23.90830      19.77819
      23.91840      19.77750
      23.92860      19.77681
      23.93880      19.77611
      23.94890      19.77543
      23.95910      19.77474
      23.96930      19.77406
      23.97940      19.77338
      23.98960      19.77270
      23.99970      19.77203
      24.00990      19.77135
      24.02010      19.77068
      24.03020      19.77002
      24.04040      19.76935
      24.05060      19.76869
      24.06070      19.76803
      24.07090      19.76737
      24.08110      19.76672
      24.09120      19.76607
      24.10140      19.76542
      24.11160      19.76476
      24.12170      19.76412
      24.13190      19.76348
      24.14210      19.76284
      24.15220      19.76220
      24.16240      19.76157
      24.17250      19.76094
      24.18270      19.76030
      24.19290      19.75967
      24.20300      19.75905
      24.21320      19.75842
      24.22340      19.75780
      24.23350      19.75718
      24.24370      19.75656
      24.25390      19.75595
      24.26400      19.75533
      24.27420      19.75472
      24.28440      19.75411
      24.29450      19.75351
      24.30470      19.75290
      24.31480      19.75230
      24.32500      19.75170
      24.33520      19.75110
      24.34530      19.75051
      24.35550      19.74991
      24.36570      19.74932
      24.37580      19.74873
      24.38600      19.74814
      24.39620      19.74755
      24.40630      19.74697
      24.41650      19.74639
      24.42670      19.74580
      24.43680      19.74523
      24.44700      19.74465
      24.45720      19.74407
      24.46730      19.74350
      24.47750      19.74293
      24.48760      19.74236
      24.49780      19.74179
      24.50800      19.74123
      24.51810      19.74067
      24.52830      19.74010
      24.53850      19.73954
      24.54860      19.73899
      24.55880      19.73843
      24.56900      19.73787
      24.57910      19.73732
      24.58930      19.73677
      24.59950      19.73622
      24.60960      19.73567
      24.61980      19.73512
      24.62990      19.73458
      24.64010      19.73404
      24.65030      19.73350
      24.66040      19.73296
      24.67060      19.73242
      24.68080      19.73188
      24.69090      19.73135
      24.70110      19.73082
      24.71130      19.73028
      24.72140      19.72976
      24.73160      19.72923
      24.74180      19.72870
      24.75190      19.72818
      24.76210      19.72765
      24.77230      19.72713
      24.78240      19.72661
      24.79260      19.72609
      24.80270      19.72558
      24.81290      19.72506
      24.82310      19.72454
      24.83320      19.72404
      24.84340      19.72352
      24.85360      19.72301
      24.86370      19.72251
      24.87390      19.72200
      24.88410      19.72149
      24.89420      19.72099
      24.90440      19.72049
      24.91460      19.71998
      24.92470      19.71949
      24.93490      19.71899
      24.94500      19.71849
      24.95520      19.71799
      24.96540      19.71750
      24.97550      19.71701
      24.98570      19.71652
      24.99590      19.71602
      25.00600      19.71554
      25.01620      19.71505
      25.02640      19.71456
      25.03650      19.71408
      25.04670      19.71359
      25.05690      19.71311
      25.06700      19.71263
      25.07720      19.71215
      25.08740      19.71167
      25.09750      19.71120
      25.10770      19.71072
      25.11780      19.71025
      25.12800      19.70977
      25.13820      19.70930
      25.14830      19.70883
      25.15850      19.70836
      25.16870      19.70789
      25.17880      19.70743
      25.18900      19.70696
      25.19920      19.70649
      25.20930      19.70603
      25.21950      19.70557
      25.22970      19.70511
      25.23980      19.70465
      25.25000      19.70419
      25.26010      19.70373
      25.27030      19.70328
      25.28050      19.70282
      25.29060      19.70237
      25.30080      19.70191
      25.31100      19.70146
      25.32110      19.70101
      25.33130      19.70056
      25.34150      19.70011
      25.35160      19.69966
      25.36180      19.69921
      25.37200      19.69877
      25.38210      19.69833
      25.39230      19.69788
      25.40240      19.69744
      25.41260      19.69700
      25.42280      19.69656
      25.43290      19.69612
      25.44310      19.69568
      25.45330      19.69524
      25.46340      19.69481
      25.47360      19.69437
      25.48380      19.69394
      25.49390      19.69351
      25.50410      19.69307
      25.51430      19.69264
      25.52440      19.69221
      25.53460      19.69178
      25.54480      19.69135
      25.55490      19.69093
      25.56510      19.69050
      25.57520      19.69008
      25.58540      19.68965
      25.59560      19.68923
      25.60570      19.68881
      25.61590      19.68839
      25.62610      19.68796
      25.63620      19.68755
      25.64640      19.68713
      25.65660      19.68671
      25.66670      19.68629
      25.67690      19.68587
      25.68710      19.68546
      25.69720      19.68505
      25.70740      19.68463
      25.71750      19.68422
      25.72770      19.68381
      25.73790      19.68340
      25.74800      19.68299
      25.75820      19.68258
      25.76840      19.68217
      25.77850      19.68177
      25.78870      19.68136
      25.79890      19.68095
      25.80900      19.68055
      25.81920      19.68015
      25.82940      19.67974
      25.83950      19.67934
      25.84970      19.67894
      25.85990      19.67854
      25.87000      19.67814
      25.88020      19.67774
      25.89030      19.67734
      25.90050      19.67694
      25.91070      19.67655
      25.92080      19.67615
      25.93100      19.67576
      25.94120      19.67536
      25.95130      19.67497
      25.96150      19.67458
      25.97170      19.67418
      25.98180      19.67380
      25.99200      19.67340
      26.00220      19.67301
      26.01230      19.67263
      26.02250      19.67224
      26.03260      19.67185
      26.04280      19.67146
      26.05300      19.67108
      26.06310      19.67070
      26.07330      19.67031
      26.08350      19.66993
      26.09360      19.66955
      26.10380      19.66916
      26.11400      19.66878
      26.12410      19.66840
      26.13430      19.66802
      26.14450      19.66764
      26.15460      19.66726
      26.16480      19.66688
      26.17500      19.66651
      26.18510      19.66613
      26.19530      19.66575
      26.20540      19.66538
      26.21560      19.66501
      26.22580      19.66463
      26.23590      19.66426
      26.24610      19.66389
      26.25630      19.66351
      26.26640      19.66315
      26.27660      19.66277
      26.28680      19.66240
      26.29690      19.66204
      26.30710      19.66167
      26.31730      19.66130
      26.32740      19.66093
      26.33760      19.66056
      26.34770      19.66020
      26.35790      19.65983
      26.36810      19.65947
      26.37820      19.65911
      26.38840      19.65874
      26.39860      19.65838
      26.40870      19.65802
      26.41890      19.65766
      26.42910      19.65729
      26.43920      19.65694
      26.44940      19.65657
      26.45960      19.65621
      26.46970      19.65586
      26.47990      19.65550
      26.49010      19.65514
      26.50020      19.65479
      26.51040      19.65443
      26.52050      19.65408
      26.53070      19.65372
      26.54090      19.65336
      26.55100      19.65301
      26.56120      19.65266
      26.57140      19.65230
      26.58150      19.65195
      26.59170      19.65160
      26.60190      19.65125
      26.61200      19.65090
      26.62220      19.65055
      26.63240      19.65020
      26.64250      19.64985
      26.65270      19.64950
      26.66280      19.64916
      26.67300      19.64881
      26.68320      19.64846
      26.69330      19.64812
      26.70350      19.64777
      26.71370      19.64742
      26.72380      19.64708
      26.73400      19.64674
      26.74420      19.64639
      26.75430      19.64605
      26.76450      19.64571
      26.77470      19.64536
      26.78480      19.64503
      26.79500      19.64468
      26.80520      19.64434
      26.81530      19.64400
      26.82550      19.64366
      26.83560      19.64333
      26.84580      19.64299
      26.85600      19.64265
      26.86610      19.64231
      26.87630      19.64198
      26.88650      19.64164
      26.89660      19.64130
      26.90680      19.64097
      26.91700      19.64063
      26.92710      19.64030
      26.93730      19.63997
      26.94750      19.63963
      26.95760      19.63930
      26.96780      19.63897
      26.97790      19.63864
      26.98810      19.63830
      26.99830      19.63797
      27.00840      19.63764
      27.01860      19.63731
      27.02880      19.63698
      27.03890      19.63665
      27.04910      19.63632
      27.05930      19.63599
      27.06940      19.63567
      27.07960      19.63534
      27.08980      19.63501
      27.09990      19.63468
      27.11010      19.63436
      27.12020      19.63403
      27.13040      19.63371
      27.14060      19.63338
      27.15070      19.63306
      27.16090      19.63273
      27.17110      19.63241
      27.18120      19.63209
      27.19140      19.63176
      27.20160      19.63144
      27.21170      19.63112
      27.22190      19.63080
      27.23210      19.63048
      27.24220      19.63016
      27.25240      19.62984
      27.26260      19.62951
      27.27270      19.62920
      27.28290      19.62888
      27.29300      19.62856
      27.30320      19.62824
      27.31340      19.62792
      27.32350      19.62761
      27.33370      19.62729
      27.34390      19.62697
      27.35400      19.62666
      27.36420      19.62634
      27.37440      19.62602
      27.38450      19.62571
      27.39470      19.62539
      27.40490      19.62508
      27.41500      19.62477
      27.42520      19.62445
      27.43530      19.62414
      27.44550      19.62383
      27.45570      19.62351
      27.46580      19.62320
      27.47600      19.62289
      27.48620      19.62258
      27.49630      19.62227
      27.50650      19.62196
      27.51670      19.62164
      27.52680      19.62134
      27.53700      19.62103
      27.54720      19.62072
      27.55730      19.62041
      27.56750      19.62010
      27.57770      19.61979
      27.58780      19.61949
      27.59800      19.61918
      27.60810      19.61887
      27.61830      19.61856
      27.62850      19.61826
      27.63860      19.61795
      27.64880      19.61765
      27.65900      19.61734
      27.66910      19.61704
      27.67930      19.61673
      27.68950      19.61643
      27.69960      19.61612
      27.70980      19.61582
      27.72000      19.61551
      27.73010      19.61521
      27.74030      19.61491
      27.75040      19.61461
      27.76060      19.61431
      27.77080      19.61400
      27.78090      19.61370
      27.79110      19.61340
      27.80130      19.61310
      27.81140      19.61280
      27.82160      19.61250
      27.83180      19.61220
      27.84190      19.61190
      27.85210      19.61160
      27.86230      19.61130
      27.87240      19.61101
      27.88260      19.61071
      27.89280      19.61041
      27.90290      19.61011
      27.91310      19.60982
      27.92320      19.60952
      27.93340      19.60922
      27.94360      19.60892
      27.95370      19.60863
      27.96390      19.60833
      27.97410      19.60804
      27.98420      19.60774
      27.99440      19.60745
      28.00460      19.60715
      28.01470      19.60686
      28.02490      19.60657
      28.03510      19.60627
      28.04520      19.60598
      28.05540      19.60569
      28.06550      19.60540
      28.07570      19.60510
      28.08590      19.60481
      28.09600      19.60452
      28.10620      19.60423
      28.11640      19.60393
      28.12650      19.60365
      28.13670      19.60335
      28.14690      19.60306
      28.15700      19.60277
      28.16720      19.60248
      28.17740      19.60219
      28.18750      19.60190
      28.19770      19.60161
      28.20790      19.60132
      28.21800      19.60104
      28.22820      19.60075
      28.23830      19.60046
      28.24850      19.60017
      28.25870      19.59989
      28.26880      19.59960
      28.27900      19.59931
      28.28920      19.59902
      28.29930      19.59874
      28.30950      19.59845
      28.31970      19.59817
      28.32980      19.59788
      28.34000      19.59760
      28.35020      19.59731
      28.36030      19.59703
      28.37050      19.59674
      28.38060      19.59646
      28.39080      19.59617
      28.40100      19.59589
      28.41110      19.59561
      28.42130      19.59532
      28.43150      19.59504
      28.44160      19.59476
      28.45180      19.59447
      28.46200      19.59419
      28.47210      19.59391
      28.48230      19.59363
      28.49250      19.59334
      28.50260      19.59307
      28.51280      19.59278
      28.52300      19.59250
      28.53310      19.59222
      28.54330      19.59194
      28.55340      19.59166
      28.56360      19.59138
      28.57380      19.59110
      28.58390      19.59082
      28.59410      19.59054
      28.60430      19.59026
      28.61440      19.58998
      28.62460      19.58971
      28.63480      19.58943
      28.64490      19.58915
      28.65510      19.58887
      28.66530      19.58859
      28.67540      19.58832
      28.68560      19.58804
      28.69570      19.58776
      28.70590      19.58749
      28.71610      19.58721
      28.72620      19.58693
      28.73640      19.58666
      28.74660      19.58638
      28.75670      19.58611
      28.76690      19.58583
      28.77710      19.58555
      28.78720      19.58528
      28.79740      19.58500
      28.80760      19.58473
      28.81770      19.58446
      28.82790      19.58418
      28.83810      19.58391
      28.84820      19.58364
      28.85840      19.58336
      28.86850      19.58309
      28.87870      19.58282
      28.88890      19.58254
      28.89900      19.58227
      28.90920      19.58200
      28.91940      19.58172
      28.92950      19.58145
      28.93970      19.58118
      28.94990      19.58091
      28.96000      19.58064
      28.97020      19.58037
      28.98040      19.58009
      28.99050      19.57982
      29.00070      19.57955
      29.01080      19.57928
      29.02100      19.57901
      29.03120      19.57874
      29.04130      19.57847
      29.05150      19.57820
      29.06170      19.57793
      29.07180      19.57767
      29.08200      19.57739
      29.09220      19.57713
      29.10230      19.57686
      29.11250      19.57659
      29.12270      19.57632
      29.13280      19.57605
      29.14300      19.57578
      29.15310      19.57552
      29.16330      19.57525
      29.17350      19.57498
      29.18360      19.57471
      29.19380      19.57445
      29.20400      19.57418
      29.21410      19.57392
      29.22430      19.57365
      29.23450      19.57338
      29.24460      19.57312
      29.25480      19.57285
      29.26500      19.57258
      29.27510      19.57232
      29.28530      19.57205
      29.29550      19.57179
      29.30560      19.57152
      29.31580      19.57126
      29.32590      19.57099
      29.33610      19.57073
      29.34630      19.57046
      29.35640      19.57020
      29.36660      19.56994
      29.37680      19.56967
      29.38690      19.56941
      29.39710      19.56915
      29.40730      19.56888
      29.41740      19.56862
      29.42760      19.56836
      29.43780      19.56809
      29.44790      19.56783
      29.45810      19.56757
      29.46820      19.56731
      29.47840      19.56704
      29.48860      19.56678
      29.49870      19.56652
      29.50890      19.56626
      29.51910      19.53384
      29.52920      19.53364
      29.53940      19.53344
      29.54960      19.53323
      29.55970      19.53303
      29.56990      19.53283
      29.58010      19.53263
      29.59020      19.53243
      29.60040      19.53222
      29.61060      19.53202
      29.62070      19.53182
      29.63090      19.53162
      29.64100      19.53142
      29.65120      19.53121
      29.66140      19.53101
      29.67150      19.53081
      29.68170      19.53061
      29.69190      19.53041
      29.70200      19.53020
      29.71220      19.53000
      29.72240      19.52980
      29.73250      19.52960
      29.74270      19.52939
      29.75290      19.52919
      29.76300      19.52899
      29.77320      19.52879
      29.78330      19.52859
      29.79350      19.52838
      29.80370      19.52818
      29.81380      19.52798
      29.82400      19.52778
      29.83420      19.52757
      29.84430      19.52737
      29.85450      19.52717
      29.86470      19.52697
      29.87480      19.52677
      29.88500      19.52656
      29.89520      19.52636
      29.90530      19.52616
      29.91550      19.52596
      29.92570      19.52575
      29.93580      19.52555
      29.94600      19.52535
      29.95610      19.52515
      29.96630      19.52495
      29.97650      19.52474
      29.98660      19.52454
      29.99680      19.52434
      30.00700      19.52414
      30.01710      19.52394
      30.02730      19.52374
      30.03750      19.52353
      30.04760      19.52333
      30.05780      19.52313
      30.06800      19.52292
      30.07810      19.52272
      30.08830      19.52252
      30.09840      19.52232
      30.10860      19.52212
      30.11880      19.52191
      30.12890      19.52171
      30.13910      19.52151
      30.14930      19.52131
      30.15940      19.52111
      30.16960      19.52090
      30.17980      19.52070
      30.18990      19.52050
      30.20010      19.52030
      30.21030      19.52009
      30.22040      19.51989
      30.23060      19.51969
      30.24080      19.51949
      30.25090      19.51929
      30.26110      19.51908
      30.27120      19.51888
      30.28140      19.51868
      30.29160      19.51848
      30.30170      19.51828
      30.31190      19.51807
      30.32210      19.51787
      30.33220      19.51767
      30.34240      19.51747
      30.35260      19.51727
      30.36270      19.51706
      30.37290      19.51686
      30.38310      19.51666
      30.39320      19.51646
      30.40340      19.51625
      30.41350      19.51605
      30.42370      19.51585
      30.43390      19.51565
      30.44400      19.51545
      30.45420      19.51524
      30.46440      19.51504
      30.47450      19.51484
      30.48470      19.51464
      30.49490      19.51443
      30.50500      19.51423
      30.51520      19.51403
      30.52540      19.51383
      30.53550      19.51363
      30.54570      19.51342
      30.55590      19.51322
      30.56600      19.51302
      30.57620      19.51282
      30.58630      19.51262
      30.59650      19.51241
      30.60670      19.51221
      30.61680      19.51201
      30.62700      19.51181
      30.63720      19.51160
      30.64730      19.51140
      30.65750      19.51120
      30.66770      19.51100
      30.67780      19.51080
      30.68800      19.51059
      30.69820      19.51039
      30.70830      19.51019
      30.71850      19.50999
      30.72860      19.50979
      30.73880      19.50958
      30.74900      19.50938
      30.75910      19.50918
      30.76930      19.50898
      30.77950      19.50877
      30.78960      19.50857
      30.79980      19.50837
      30.81000      19.50817
      30.82010      19.50797
      30.83030      19.50776
      30.84050      19.50756
      30.85060      19.50736
      30.86080      19.50716
      30.87100      19.50695
      30.88110      19.50675
      30.89130      19.50655
      30.90140      19.50635
      30.91160      19.50615
      30.92180      19.50595
      30.93190      19.50574
      30.94210      19.50554
      30.95230      19.50534
      30.96240      19.50514
      30.97260      19.50493
      30.98280      19.50473
      30.99290      19.50453
      31.00310      19.50433
      31.01330      19.50413
      31.02340      19.50392
      31.03360      19.50372
      31.04370      19.50352
      31.05390      19.50332
      31.06410      19.50311
      31.07420      19.50291
      31.08440      19.50271
      31.09460      19.50251
      31.10470      19.50231
      31.11490      19.50210
      31.12510      19.50190
      31.13520      19.50170
      31.14540      19.50150
      31.15560      19.50130
      31.16570      19.50109
      31.17590      19.50089
      31.18600      19.50069
      31.19620      19.50049
      31.20640      19.50028
      31.21650      19.50008
      31.22670      19.49988
      31.23690      19.49968
      31.24700      19.49948
      31.25720      19.49927
      31.26740      19.49907
      31.27750      19.49887
      31.28770      19.49867
      31.29790      19.49846
      31.30800      19.49826
      31.31820      19.49806
      31.32840      19.49786
      31.33850      19.49766
      31.34870      19.49745
      31.35880      19.49725
      31.36900      19.49705
      31.37920      19.49685
      31.38930      19.49665
      31.39950      19.49644
      31.40970      19.49624
      31.41980      19.49604
      31.43000      19.49584
      31.44020      19.49563
      31.45030      19.49543
      31.46050      19.49523
      31.47070      19.49503
      31.48080      19.49483
      31.49100      19.49463
      31.50110      19.49442
      31.51130      19.49422
      31.52150      19.49402
      31.53160      19.49382
      31.54180      19.49361
      31.55200      19.49341
      31.56210      19.49321
      31.57230      19.49301
      31.58250      19.49281
      31.59260      19.49260
      31.60280      19.49240
      31.61300      19.49220
      31.62310      19.49200
      31.63330      19.49179
      31.64350      19.49159
      31.65360      19.49139
      31.66380      19.49119
      31.67390      19.49099
      31.68410      19.49078
      31.69430      19.49058
      31.70440      19.49038
      31.71460      19.49018
      31.72480      19.48997
      31.73490      19.48977
      31.74510      19.48957
      31.75530      19.48937
      31.76540      19.48917
      31.77560      19.48896
      31.78580      19.48876
      31.79590      19.48856
      31.80610      19.48836
      31.81620      19.48816
      31.82640      19.48795
      31.83660      19.48775
      31.84670      19.48755
      31.85690      19.48735
      31.86710      19.48714
      31.87720      19.48694
      31.88740      19.48674
      31.89760      19.48654
      31.90770      19.48634
      31.91790      19.48613
      31.92810      19.48593
      31.93820      19.48573
      31.94840      19.48553
      31.95860      19.48532
      31.96870      19.48512
      31.97890      19.48492
      31.98900      19.48472
      31.99920      19.48452
      32.00940      19.48431
      32.01950      19.48411
      32.02970      19.48391
      32.03990      19.48371
      32.05000      19.48351
      32.06020      19.48330
      32.07040      19.48310
      32.08050      19.48290
      32.09070      19.48270
      32.10090      19.48249
      32.11100      19.48229
      32.12120      19.48209
      32.13130      19.48189
      32.14150      19.48169
      32.15170      19.48149
      32.16180      19.48128
      32.17200      19.48108
      32.18220      19.48088
      32.19230      19.48068
      32.20250      19.48047
      32.21270      19.48027
      32.22280      19.48007
      32.23300      19.47987
      32.24320      19.47966
      32.25330      19.47946
      32.26350      19.47926
      32.27370      19.47906
      32.28380      19.47886
      32.29400      19.47865
      32.30410      19.47845
      32.31430      19.47825
      32.32450      19.47805
      32.33460      19.47785
      32.34480      19.47764
      32.35500      19.47744
      32.36510      19.47724
      32.37530      19.47704
      32.38550      19.47684
      32.39560      19.47663
      32.40580      19.47643
      32.41600      19.47623
      32.42610      19.47603
      32.43630      19.47582
      32.44640      19.47562
      32.45660      19.47542
      32.46680      19.47522
      32.47690      19.47502
      32.48710      19.47481
      32.49730      19.47461
      32.50740      19.47441
      32.51760      19.47421
      32.52780      19.47400
      32.53790      19.47380
      32.54810      19.47360
      32.55830      19.47340
      32.56840      19.47320
      32.57860      19.47299
      32.58880      19.47279
      32.59890      19.47259
      32.60910      19.47239
      32.61920      19.47219
      32.62940      19.47198
      32.63960      19.47178
      32.64970      19.47158
      32.65990      19.47138
      32.67010      19.47117
      32.68020      19.47097
      32.69040      19.47077
      32.70060      19.47057
      32.71070      19.47037
      32.72090      19.47016
      32.73110      19.46996
      32.74120      19.46976
      32.75140      19.46956
      32.76150      19.46936
      32.77170      19.46915
      32.78190      19.46895
      32.79200      19.46875
      32.80220      19.46855
      32.81240      19.46834
      32.82250      19.46814
      32.83270      19.46794
      32.84290      19.46774
      32.85300      19.46754
      32.86320      19.46733
      32.87340      19.46713
      32.88350      19.46693
      32.89370      19.46673
      32.90390      19.46652
      32.91400      19.46632
      32.92420      19.46612
      32.93430      19.46592
      32.94450      19.46572
      32.95470      19.46552
      32.96480      19.46531
      32.97500      19.46511
      32.98520      19.46491
      32.99530      19.46471
      33.00550      19.46450
      33.01570      19.46430
      33.02580      19.46410
      33.03600      19.46390
      33.04620      19.46370
      33.05630      19.46349
      33.06650      19.46329
      33.07660      19.46309
      33.08680      19.46289
      33.09700      19.46268
      33.10710      19.46248
      33.11730      19.46228
      33.12750      19.46208
      33.13760      19.46188
      33.14780      19.46167
      33.15800      19.46147
      33.16810      19.46127
      33.17830      19.46107
      33.18850      19.46087
      33.19860      19.46066
      33.20880      19.46046
      33.21890      19.46026
      33.22910      19.46006
      33.23930      19.45985
      33.24940      19.45965
      33.25960      19.45945
      33.26980      19.45925
      33.27990      19.45905
      33.29010      19.45884
      33.30030      19.45864
      33.31040      19.45844
      33.32060      19.45824
      33.33080      19.45803
      33.34090      19.45783
      33.35110      19.45763
      33.36130      19.45743
      33.37140      19.45723
      33.38160      19.45702
      33.39170      19.45682
      33.40190      19.45662
      33.41210      19.45642
      33.42220      19.45622
      33.43240      19.45601
      33.44260      19.45581
      33.45270      19.45561
      33.46290      19.45541
      33.47310      19.45520
      33.48320      19.45500
      33.49340      19.45480
      33.50360      19.45460
      33.51370      19.45440
      33.52390      19.45420
      33.53400      19.45399
      33.54420      19.45379
      33.55440      19.45359
      33.56450      19.45339
      33.57470      19.45318
      33.58490      19.45298
      33.59500      19.45278
      33.60520      19.45258
      33.61540      19.45238
      33.62550      19.45217
      33.63570      19.45197
      33.64590      19.45177
      33.65600      19.45157
      33.66620      19.45136
      33.67640      19.45116
      33.68650      19.45096
      33.69670      19.45076
      33.70680      19.45056
      33.71700      19.45035
      33.72720      19.45015
      33.73730      19.44995
      33.74750      19.44975
      33.75770      19.44954
      33.76780      19.44934
      33.77800      19.44914
      33.78820      19.44894
      33.79830      19.44874
      33.80850      19.44853
      33.81870      19.44833
      33.82880      19.44813
      33.83900      19.44793
      33.84910      19.44773
      33.85930      19.44752
      33.86950      19.44732
      33.87960      19.44712
      33.88980      19.44692
      33.90000      19.44671
      33.91010      19.44651
      33.92030      19.44631
      33.93050      19.44611
      33.94060      19.44591
      33.95080      19.44570
      33.96100      19.44550
      33.97110      19.44530
      33.98130      19.44510
      33.99150      19.44489
      34.00160      19.44469
      34.01180      19.44449
      34.02190      19.44429
      34.03210      19.44409
      34.04230      19.44388
      34.05240      19.44368
      34.06260      19.44348
      34.07280      19.44328
      34.08290      19.44308
      34.09310      19.44287
      34.10330      19.44267
      34.11340      19.44247
      34.12360      19.44227
      34.13380      19.44206
      34.14390      19.44186
      34.15410      19.44166
      34.16420      19.44146
      34.17440      19.44126
      34.18460      19.44106
      34.19470      19.44085
      34.20490      19.44065
      34.21510      19.44045
      34.22520      19.44025
      34.23540      19.44004
      34.24560      19.43984
      34.25570      19.43964
      34.26590      19.43944
      34.27610      19.43923
      34.28620      19.43903
      34.29640      19.43883
      34.30660      19.43863
      34.31670      19.43843
      34.32690      19.43822
      34.33700      19.43802
      34.34720      19.43782
      34.35740      19.43762
      34.36750      19.43742
      34.37770      19.43721
      34.38790      19.43701
      34.39800      19.43681
      34.40820      19.43661
      34.41840      19.43641
      34.42850      19.43620
      34.43870      19.43600
      34.44890      19.43580
      34.45900      19.43560
      34.46920      19.43539
      34.47930      19.43519
      34.48950      19.43499
      34.49970      19.43479
      34.50980      19.43459
      34.52000      19.43438
      34.53020      19.43418
      34.54030      19.43398
      34.55050      19.43378
      34.56070      19.43357
      34.57080      19.43337
      34.58100      19.43317
      34.59120      19.43297
      34.60130      19.43277
      34.61150      19.43256
      34.62170      19.43236
      34.63180      19.43216
      34.64200      19.43196
      34.65210      19.43176
      34.66230      19.43155
      34.67250      19.43135
      34.68260      19.43115
      34.69280      19.43095
      34.70300      19.43074
      34.71310      19.43054
      34.72330      19.43034
      34.73350      19.43014
      34.74360      19.42994
      34.75380      19.42974
      34.76400      19.42953
      34.77410      19.42933
      34.78430      19.42913
      34.79440      19.42893
      34.80460      19.42872
      34.81480      19.42852
      34.82490      19.42832
      34.83510      19.42812
      34.84530      19.42791
      34.85540      19.42771
      34.86560      19.42751
      34.87580      19.42731
      34.88590      19.42711
      34.89610      19.42690
      34.90630      19.42670
      34.91640      19.42650
      34.92660      19.42630
      34.93670      19.42610
      34.94690      19.42589
      34.95710      19.42569
      34.96720      19.42549
      34.97740      19.42529
      34.98760      19.42509
      34.99770      19.42488
      35.00790      19.42468
      35.01810      19.42448
      35.02820      19.42428
      35.03840      19.42407
      35.04860      19.42387
      35.05870      19.42367
      35.06890      19.42347
      35.07910      19.42327
      35.08920      19.42306
      35.09940      19.42286
      35.10950      19.42266
      35.11970      19.42246
      35.12990      19.42225
      35.14000      19.42205
      35.15020      19.42185
      35.16040      19.42165
      35.17050      19.42145
      35.18070      19.42124
      35.19090      19.42104
      35.20100      19.42084
      35.21120      19.42064
      35.22140      19.42043
      35.23150      19.42023
      35.24170      19.42003
      35.25180      19.41983
      35.26200      19.41963
      35.27220      19.41942
      35.28230      19.41922
      35.29250      19.41902
      35.30270      19.41882
      35.31280      19.41862
      35.32300      19.41842
      35.33320      19.41821
      35.34330      19.41801
      35.35350      19.41781
      35.36370      19.41760
      35.37380      19.41740
      35.38400      19.41720
      35.39420      19.41700
      35.40430      19.41680
      35.41450      19.41659
      35.42460      19.41639
      35.43480      19.41619
      35.44500      19.41599
      35.45510      19.41579
      35.46530      19.41558
      35.47550      19.41538
      35.48560      19.41518
      35.49580      19.41498
      35.50600      19.41477
      35.51610      19.41457
      35.52630      19.41437
      35.53650      19.41417
      35.54660      19.41397
      35.55680      19.41376
      35.56690      19.41356
      35.57710      19.41336
      35.58730      19.41316
      35.59740      19.41296
      35.60760      19.41275
      35.61780      19.41255
      35.62790      19.41235
      35.63810      19.41215
      35.64830      19.41195
      35.65840      19.41174
      35.66860      19.41154
      35.67880      19.41134
      35.68890      19.41114
      35.69910      19.41093
      35.70930      19.41073
      35.71940      19.41053
      35.72960      19.41033
      35.73970      19.41013
      35.74990      19.40992
      35.76010      19.40972
      35.77020      19.40952
      35.78040      19.40932
      35.79060      19.40911
      35.80070      19.40891
      35.81090      19.40871
      35.82110      19.40851
      35.83120      19.40831
      35.84140      19.40810
      35.85160      19.40790
      35.86170      19.40770
      35.87190      19.40750
      35.88200      19.40730
      35.89220      19.40709
      35.90240      19.40689
      35.91250      19.40669
      35.92270      19.40649
      35.93290      19.40628
      35.94300      19.40608
      35.95320      19.40588
      35.96340      19.40568
      35.97350      19.40548
      35.98370      19.40527
      35.99390      19.40507
      36.00400      19.40487
      36.01420      19.40467
      36.02440      19.40446
      36.03450      19.40426
      36.04470      19.40406
      36.05480      19.40386
      36.06500      19.40366
      36.07520      19.40345
      36.08530      19.40325
      36.09550      19.40305
      36.10570      19.40285
      36.11580      19.40265
      36.12600      19.40244
      36.13620      19.40224
      36.14630      19.40204
