! TITLE: Yobs                                                                                                                                                                                                                                                            
! Peak:  2
       6.00860      24.02114
       6.01870      24.02117
       6.02890      24.02120
       6.03910      24.02123
       6.04920      24.02127
       6.05940      24.02130
       6.06960      24.02133
       6.07970      24.02136
       6.08990      24.02139
       6.10010      24.02142
       6.11020      24.02145
       6.12040      24.02148
       6.13060      24.02151
       6.14070      24.02154
       6.15090      24.02157
       6.16110      24.02160
       6.17120      24.02163
       6.18140      24.02167
       6.19150      24.02170
       6.20170      24.02173
       6.21190      24.02176
       6.22200      24.02179
       6.23220      24.02182
       6.24240      24.02185
       6.25250      24.02188
       6.26270      24.02192
       6.27290      24.02195
       6.28300      24.02198
       6.29320      24.02201
       6.30340      24.02205
       6.31350      24.02208
       6.32370      24.02211
       6.33380      24.02214
       6.34400      24.02217
       6.35420      24.02221
       6.36430      24.02224
       6.37450      24.02227
       6.38470      24.02230
       6.39480      24.02234
       6.40500      24.02237
       6.41520      24.02240
       6.42530      24.02243
       6.43550      24.02247
       6.44570      24.02250
       6.45580      24.02253
       6.46600      24.02257
       6.47620      24.02260
       6.48630      24.02263
       6.49650      24.02267
       6.50660      24.02270
       6.51680      24.02273
       6.52700      24.02277
       6.53710      24.02280
       6.54730      24.02283
       6.55750      24.02287
       6.56760      24.02290
       6.57780      24.02294
       6.58800      24.02297
       6.59810      24.02300
       6.60830      24.02304
       6.61850      24.02307
       6.62860      24.02311
       6.63880      24.02314
       6.64890      24.02318
       6.65910      24.02321
       6.66930      24.02324
       6.67940      24.02328
       6.68960      24.02332
       6.69980      24.02335
       6.70990      24.02338
       6.72010      24.02342
       6.73030      24.02345
       6.74040      24.02349
       6.75060      24.02353
       6.76080      24.02356
       6.77090      24.02360
       6.78110      24.02363
       6.79130      24.02367
       6.80140      24.02370
       6.81160      24.02374
       6.82170      24.02378
       6.83190      24.02381
       6.84210      24.02385
       6.85220      24.02388
       6.86240      24.02392
       6.87260      24.02395
       6.88270      24.02399
       6.89290      24.02403
       6.90310      24.02407
       6.91320      24.02410
       6.92340      24.02414
       6.93360      24.02417
       6.94370      24.02421
       6.95390      24.02425
       6.96400      24.02428
       6.97420      24.02432
       6.98440      24.02436
       6.99450      24.02440
       7.00470      24.02443
       7.01490      24.02447
       7.02500      24.02451
       7.03520      24.02455
       7.04540      24.02458
       7.05550      24.02462
       7.06570      24.02466
       7.07590      24.02470
       7.08600      24.02474
       7.09620      24.02477
       7.10640      24.02481
       7.11650      24.02485
       7.12670      24.02489
       7.13680      24.02493
       7.14700      24.02497
       7.15720      24.02501
       7.16730      24.02504
       7.17750      24.02508
       7.18770      24.02512
       7.19780      24.02516
       7.20800      24.02520
       7.21820      24.02524
       7.22830      24.02528
       7.23850      24.02532
       7.24870      24.02536
       7.25880      24.02540
       7.26900      24.02544
       7.27910      24.02548
       7.28930      24.02551
       7.29950      24.02555
       7.30960      24.02559
       7.31980      24.02563
       7.33000      24.02568
       7.34010      24.02572
       7.35030      24.02576
       7.36050      24.02580
       7.37060      24.02584
       7.38080      24.02588
       7.39100      24.02592
       7.40110      24.02596
       7.41130      24.02600
       7.42150      24.02604
       7.43160      24.02608
       7.44180      24.02612
       7.45190      24.02617
       7.46210      24.02621
       7.47230      24.02625
       7.48240      24.02629
       7.49260      24.02633
       7.50280      24.02637
       7.51290      24.02642
       7.52310      24.02646
       7.53330      24.02650
       7.54340      24.02654
       7.55360      24.02658
       7.56380      24.02663
       7.57390      24.02667
       7.58410      24.02671
       7.59420      24.02676
       7.60440      24.02680
       7.61460      24.02684
       7.62470      24.02688
       7.63490      24.02693
       7.64510      24.02697
       7.65520      24.02702
       7.66540      24.02706
       7.67560      24.02710
       7.68570      24.02715
       7.69590      24.02719
       7.70610      24.02723
       7.71620      24.02728
       7.72640      24.02732
       7.73650      24.02737
       7.74670      24.02741
       7.75690      24.02745
       7.76700      24.02750
       7.77720      24.02754
       7.78740      24.02759
       7.79750      24.02763
       7.80770      24.02768
       7.81790      24.02772
       7.82800      24.02777
       7.83820      24.02781
       7.84840      24.02786
       7.85850      24.02791
       7.86870      24.02795
       7.87890      24.02800
       7.88900      24.02804
       7.89920      24.02809
       7.90930      24.02814
       7.91950      24.02818
       7.92970      24.02823
       7.93980      24.02827
       7.95000      24.02832
       7.96020      24.02837
       7.97030      24.02841
       7.98050      24.02846
       7.99070      24.02851
       8.00080      24.02855
       8.01100      24.02860
       8.02120      24.02865
       8.03130      24.02870
       8.04150      24.02875
       8.05160      24.02879
       8.06180      24.02884
       8.07200      24.02889
       8.08210      24.02894
       8.09230      24.02899
       8.10250      24.02903
       8.11260      24.02908
       8.12280      24.02913
       8.13300      24.02918
       8.14310      24.02923
       8.15330      24.02928
       8.16350      24.02933
       8.17360      24.02938
       8.18380      24.02942
       8.19400      24.02947
       8.20410      24.02952
       8.21430      24.02957
       8.22440      24.02962
       8.23460      24.02967
       8.24480      24.02972
       8.25490      24.02977
       8.26510      24.02983
       8.27530      24.02987
       8.28540      24.02992
       8.29560      24.02998
       8.30580      24.03003
       8.31590      24.03008
       8.32610      24.03013
       8.33630      24.03018
       8.34640      24.03023
       8.35660      24.03028
       8.36670      24.03033
       8.37690      24.03039
       8.38710      24.03044
       8.39720      24.03049
       8.40740      24.03054
       8.41760      24.03060
       8.42770      24.03065
       8.43790      24.03070
       8.44810      24.03075
       8.45820      24.03081
       8.46840      24.03086
       8.47860      24.03091
       8.48870      24.03097
       8.49890      24.03102
       8.50910      24.03107
       8.51920      24.03113
       8.52940      24.03118
       8.53950      24.03123
       8.54970      24.03129
       8.55990      24.03134
       8.57000      24.03139
       8.58020      24.03145
       8.59040      24.03151
       8.60050      24.03156
       8.61070      24.03161
       8.62090      24.03167
       8.63100      24.03172
       8.64120      24.03178
       8.65140      24.03184
       8.66150      24.03189
       8.67170      24.03195
       8.68180      24.03200
       8.69200      24.03206
       8.70220      24.03212
       8.71230      24.03217
       8.72250      24.03223
       8.73270      24.03229
       8.74280      24.03234
       8.75300      24.03240
       8.76320      24.03246
       8.77330      24.03251
       8.78350      24.03257
       8.79370      24.03263
       8.80380      24.03269
       8.81400      24.03275
       8.82420      24.03280
       8.83430      24.03286
       8.84450      24.03292
       8.85460      24.03298
       8.86480      24.03304
       8.87500      24.03310
       8.88510      24.03315
       8.89530      24.03321
       8.90550      24.03327
       8.91560      24.03333
       8.92580      24.03339
       8.93600      24.03345
       8.94610      24.03351
       8.95630      24.03357
       8.96650      24.03363
       8.97660      24.03369
       8.98680      24.03375
       8.99690      24.03381
       9.00710      24.03387
       9.01730      24.03394
       9.02740      24.03400
       9.03760      24.03406
       9.04780      24.03412
       9.05790      24.03418
       9.06810      24.03424
       9.07830      24.03431
       9.08840      24.03437
       9.09860      24.03443
       9.10880      24.03449
       9.11890      24.03456
       9.12910      24.03462
       9.13930      24.03468
       9.14940      24.03474
       9.15960      24.03481
       9.16970      24.03487
       9.17990      24.03493
       9.19010      24.03500
       9.20020      24.03506
       9.21040      24.03513
       9.22060      24.03519
       9.23070      24.03526
       9.24090      24.03532
       9.25110      24.03539
       9.26120      24.03545
       9.27140      24.03552
       9.28160      24.03558
       9.29170      24.03565
       9.30190      24.03572
       9.31200      24.03578
       9.32220      24.03585
       9.33240      24.03592
       9.34250      24.03598
       9.35270      24.03605
       9.36290      24.03612
       9.37300      24.03618
       9.38320      24.03625
       9.39340      24.03632
       9.40350      24.03638
       9.41370      24.03645
       9.42390      24.03652
       9.43400      24.03659
       9.44420      24.03666
       9.45440      24.03673
       9.46450      24.03680
       9.47470      24.03687
       9.48480      24.03693
       9.49500      24.03700
       9.50520      24.03707
       9.51530      24.03714
       9.52550      24.03721
       9.53570      24.03728
       9.54580      24.03736
       9.55600      24.03743
       9.56620      24.03750
       9.57630      24.03757
       9.58650      24.03764
       9.59670      24.03771
       9.60680      24.03778
       9.61700      24.03786
       9.62710      24.03793
       9.63730      24.03800
       9.64750      24.03807
       9.65760      24.03814
       9.66780      24.03822
       9.67800      24.03829
       9.68810      24.03836
       9.69830      24.03844
       9.70850      24.03851
       9.71860      24.03859
       9.72880      24.03866
       9.73900      24.03873
       9.74910      24.03881
       9.75930      24.03888
       9.76940      24.03896
       9.77960      24.03903
       9.78980      24.03911
       9.79990      24.03918
       9.81010      24.03926
       9.82030      24.03934
       9.83040      24.03941
       9.84060      24.03949
       9.85080      24.03957
       9.86090      24.03964
       9.87110      24.03972
       9.88130      24.03980
       9.89140      24.03988
       9.90160      24.03996
       9.91180      24.04003
       9.92190      24.04011
       9.93210      24.04019
       9.94220      24.04027
       9.95240      24.04035
       9.96260      24.04043
       9.97270      24.04051
       9.98290      24.04059
       9.99310      24.04067
      10.00320      24.04075
      10.01340      24.04083
      10.02360      24.04091
      10.03370      24.04099
      10.04390      24.04107
      10.05410      24.04115
      10.06420      24.04123
      10.07440      24.04132
      10.08450      24.04140
      10.09470      24.04148
      10.10490      24.04156
      10.11500      24.04165
      10.12520      24.04173
      10.13540      24.04181
      10.14550      24.04190
      10.15570      24.04198
      10.16590      24.04207
      10.17600      24.04215
      10.18620      24.04224
      10.19640      24.04232
      10.20650      24.04241
      10.21670      24.04249
      10.22690      24.04258
      10.23700      24.04266
      10.24720      24.04275
      10.25730      24.04284
      10.26750      24.04292
      10.27770      24.04301
      10.28780      24.04310
      10.29800      24.04318
      10.30820      24.04327
      10.31830      24.04336
      10.32850      24.04345
      10.33870      24.04354
      10.34880      24.04363
      10.35900      24.04372
      10.36920      24.04381
      10.37930      24.04390
      10.38950      24.04399
      10.39960      24.04408
      10.40980      24.04417
      10.42000      24.04426
      10.43010      24.04435
      10.44030      24.04444
      10.45050      24.04453
      10.46060      24.04462
      10.47080      24.04472
      10.48100      24.04481
      10.49110      24.04490
      10.50130      24.04500
      10.51150      24.04509
      10.52160      24.04518
      10.53180      24.04528
      10.54200      24.04537
      10.55210      24.04547
      10.56230      24.04556
      10.57240      24.04566
      10.58260      24.04575
      10.59280      24.04585
      10.60290      24.04594
      10.61310      24.04604
      10.62330      24.04614
      10.63340      24.04623
      10.64360      24.04633
      10.65380      24.04643
      10.66390      24.04653
      10.67410      24.04663
      10.68430      24.04672
      10.69440      24.04682
      10.70460      24.04692
      10.71470      24.04702
      10.72490      24.04712
      10.73510      24.04722
      10.74520      24.04732
      10.75540      24.04742
      10.76560      24.04752
      10.77570      24.04762
      10.78590      24.04773
      10.79610      24.04783
      10.80620      24.04793
      10.81640      24.04803
      10.82660      24.04814
      10.83670      24.04824
      10.84690      24.04835
      10.85710      24.04845
      10.86720      24.04855
      10.87740      24.04866
      10.88750      24.04876
      10.89770      24.04887
      10.90790      24.04897
      10.91800      24.04908
      10.92820      24.04919
      10.93840      24.04929
      10.94850      24.04940
      10.95870      24.04951
      10.96890      24.04962
      10.97900      24.04972
      10.98920      24.04983
      10.99940      24.04994
      11.00950      24.05005
      11.01970      24.05016
      11.02980      24.05027
      11.04000      24.05038
      11.05020      24.05049
      11.06030      24.05060
      11.07050      24.05071
      11.08070      24.05083
      11.09080      24.05094
      11.10100      24.05105
      11.11120      24.05116
      11.12130      24.05128
      11.13150      24.05139
      11.14170      24.05151
      11.15180      24.05162
      11.16200      24.05173
      11.17220      24.05185
      11.18230      24.05197
      11.19250      24.05208
      11.20260      24.05220
      11.21280      24.05231
      11.22300      24.05243
      11.23310      24.05255
      11.24330      24.05267
      11.25350      24.05279
      11.26360      24.05290
      11.27380      24.05302
      11.28400      24.05314
      11.29410      24.05326
      11.30430      24.05338
      11.31450      24.05350
      11.32460      24.05363
      11.33480      24.05375
      11.34490      24.05387
      11.35510      24.05399
      11.36530      24.05412
      11.37540      24.05424
      11.38560      24.05436
      11.39580      24.05449
      11.40590      24.05461
      11.41610      24.05474
      11.42630      24.05486
      11.43640      24.05499
      11.44660      24.05511
      11.45680      24.05524
      11.46690      24.05536
      11.47710      24.05549
      11.48730      24.05562
      11.49740      24.05575
      11.50760      24.05588
      11.51770      24.05601
      11.52790      24.05614
      11.53810      24.05627
      11.54820      24.05640
      11.55840      24.05653
      11.56860      24.05666
      11.57870      24.05679
      11.58890      24.05693
      11.59910      24.05706
      11.60920      24.05719
      11.61940      24.05733
      11.62960      24.05746
      11.63970      24.05759
      11.64990      24.05773
      11.66000      24.05787
      11.67020      24.05800
      11.68040      24.05814
      11.69050      24.05828
      11.70070      24.05841
      11.71090      24.05855
      11.72100      24.05869
      11.73120      24.05883
      11.74140      24.05897
      11.75150      24.05911
      11.76170      24.05925
      11.77190      24.05939
      11.78200      24.05953
      11.79220      24.05968
      11.80230      24.05982
      11.81250      24.05996
      11.82270      24.06011
      11.83280      24.06025
      11.84300      24.06039
      11.85320      24.06054
      11.86330      24.06069
      11.87350      24.06083
      11.88370      24.06098
      11.89380      24.06113
      11.90400      24.06127
      11.91420      24.06142
      11.92430      24.06157
      11.93450      24.06172
      11.94470      24.06187
      11.95480      24.06202
      11.96500      24.06217
      11.97510      24.06232
      11.98530      24.06248
      11.99550      24.06263
      12.00560      24.06278
      12.01580      24.06294
      12.02600      24.06309
      12.03610      24.06325
      12.04630      24.06340
      12.05650      24.06356
      12.06660      24.06371
      12.07680      24.06387
      12.08700      24.06403
      12.09710      24.06419
      12.10730      24.06435
      12.11740      24.06451
      12.12760      24.06467
      12.13780      24.06483
      12.14790      24.06499
      12.15810      24.06515
      12.16830      24.06532
      12.17840      24.06548
      12.18860      24.06564
      12.19880      24.06581
      12.20890      24.06597
      12.21910      24.06614
      12.22930      24.06631
      12.23940      24.06647
      12.24960      24.06664
      12.25980      24.06681
      12.26990      24.06698
      12.28010      24.06715
      12.29020      24.06732
      12.30040      24.06749
      12.31060      24.06766
      12.32070      24.06783
      12.33090      24.06800
      12.34110      24.06818
      12.35120      24.06835
      12.36140      24.06853
      12.37160      24.06870
      12.38170      24.06888
      12.39190      24.06906
      12.40210      24.06923
      12.41220      24.06941
      12.42240      24.06959
      12.43250      24.06977
      12.44270      24.06995
      12.45290      24.07013
      12.46300      24.07031
      12.47320      24.07050
      12.48340      24.07068
      12.49350      24.07086
      12.50370      24.07105
      12.51390      24.07123
      12.52400      24.07142
      12.53420      24.07161
      12.54440      24.07179
      12.55450      24.07198
      12.56470      24.07217
      12.57490      24.07236
      12.58500      24.07255
      12.59520      24.07274
      12.60530      24.07293
      12.61550      24.07313
      12.62570      24.07332
      12.63580      24.07351
      12.64600      24.07371
      12.65620      24.07391
      12.66630      24.07410
      12.67650      24.07430
      12.68670      24.07450
      12.69680      24.07470
      12.70700      24.07490
      12.71720      24.07510
      12.72730      24.07530
      12.73750      24.07550
      12.74760      24.07570
      12.75780      24.07591
      12.76800      24.07611
      12.77810      24.07631
      12.78830      24.07652
      12.79850      24.07673
      12.80860      24.07694
      12.81880      24.07715
      12.82900      24.07736
      12.83910      24.07757
      12.84930      24.07778
      12.85950      24.07799
      12.86960      24.07820
      12.87980      24.07842
      12.89000      24.07863
      12.90010      24.07885
      12.91030      24.07906
      12.92040      24.07928
      12.93060      24.07950
      12.94080      24.07972
      12.95090      24.07994
      12.96110      24.08016
      12.97130      24.08038
      12.98140      24.08060
      12.99160      24.08083
      13.00180      24.08105
      13.01190      24.08128
      13.02210      24.08151
      13.03230      24.08173
      13.04240      24.08196
      13.05260      24.08219
      13.06270      24.08242
      13.07290      24.08265
      13.08310      24.08289
      13.09320      24.08312
      13.10340      24.08335
      13.11360      24.08359
      13.12370      24.08382
      13.13390      24.08406
      13.14410      24.08430
      13.15420      24.08454
      13.16440      24.08478
      13.17460      24.08502
      13.18470      24.08526
      13.19490      24.08551
      13.20510      24.08575
      13.21520      24.08600
      13.22540      24.08624
      13.23550      24.08649
      13.24570      24.08674
      13.25590      24.08699
      13.26600      24.08724
      13.27620      24.08749
      13.28640      24.08775
      13.29650      24.08800
      13.30670      24.08825
      13.31690      24.08851
      13.32700      24.08877
      13.33720      24.08903
      13.34740      24.08929
      13.35750      24.08955
      13.36770      24.08981
      13.37780      24.09007
      13.38800      24.09034
      13.39820      24.09060
      13.40830      24.09087
      13.41850      24.09114
      13.42870      24.09141
      13.43880      24.09168
      13.44900      24.09195
      13.45920      24.09222
      13.46930      24.09249
      13.47950      24.09277
      13.48970      24.09305
      13.49980      24.09332
      13.51000      24.09360
      13.52010      24.09388
      13.53030      24.09416
      13.54050      24.09445
      13.55060      24.09473
      13.56080      24.09501
      13.57100      24.09530
      13.58110      24.09559
      13.59130      24.09588
      13.60150      24.09617
      13.61160      24.09646
      13.62180      24.09675
      13.63200      24.09705
      13.64210      24.09734
      13.65230      24.09764
      13.66250      24.09794
      13.67260      24.09823
      13.68280      24.09854
      13.69290      24.09884
      13.70310      24.09914
      13.71330      24.09945
      13.72340      24.09975
      13.73360      24.10006
      13.74380      24.10037
      13.75390      24.10068
      13.76410      24.10099
      13.77430      24.10131
      13.78440      24.10162
      13.79460      24.10194
      13.80480      24.10226
      13.81490      24.10258
      13.82510      24.10290
      13.83520      24.10322
      13.84540      24.10354
      13.85560      24.10387
      13.86570      24.10419
      13.87590      24.10452
      13.88610      24.10486
      13.89620      24.10519
      13.90640      24.10552
      13.91660      24.10586
      13.92670      24.10619
      13.93690      24.10653
      13.94710      24.10687
      13.95720      24.10721
      13.96740      24.10755
      13.97760      24.10790
      13.98770      24.10824
      13.99790      24.10859
      14.00800      24.10894
      14.01820      24.10929
      14.02840      24.10965
      14.03850      24.11000
      14.04870      24.11036
      14.05890      24.11072
      14.06900      24.11107
      14.07920      24.11144
      14.08940      24.11180
      14.09950      24.11216
      14.10970      24.11253
      14.11990      24.11290
      14.13000      24.11327
      14.14020      24.11364
      14.15030      24.11402
      14.16050      24.11439
      14.17070      24.11477
      14.18080      24.11515
      14.19100      24.11553
      14.20120      24.11592
      14.21130      24.11630
      14.22150      24.11669
      14.23170      24.11708
      14.24180      24.11747
      14.25200      24.11786
      14.26220      24.11826
      14.27230      24.11865
      14.28250      24.11905
      14.29270      24.11946
      14.30280      24.11986
      14.31300      24.12026
      14.32310      24.12067
      14.33330      24.12108
      14.34350      24.12149
      14.35360      24.12190
      14.36380      24.12232
      14.37400      24.12274
      14.38410      24.12316
      14.39430      24.12358
      14.40450      24.12400
      14.41460      24.12443
      14.42480      24.12486
      14.43500      24.12529
      14.44510      24.12572
      14.45530      24.12616
      14.46540      24.12659
      14.47560      24.12703
      14.48580      24.12748
      14.49590      24.12792
      14.50610      24.12836
      14.51630      24.12882
      14.52640      24.12926
      14.53660      24.12972
      14.54680      24.13018
      14.55690      24.13063
      14.56710      24.13109
      14.57730      24.13156
      14.58740      24.13202
      14.59760      24.13249
      14.60780      24.13296
      14.61790      24.13343
      14.62810      24.13391
      14.63820      24.13439
      14.64840      24.13487
      14.65860      24.13535
      14.66870      24.13584
      14.67890      24.13633
      14.68910      24.13682
      14.69920      24.13731
      14.70940      24.13781
      14.71960      24.13831
      14.72970      24.13881
      14.73990      24.13931
      14.75010      24.13982
      14.76020      24.14033
      14.77040      24.14084
      14.78050      24.14136
      14.79070      24.14188
      14.80090      24.14240
      14.81100      24.14292
      14.82120      24.14345
      14.83140      24.14398
      14.84150      24.14451
      14.85170      24.14505
      14.86190      24.14559
      14.87200      24.14613
      14.88220      24.14667
      14.89240      24.14722
      14.90250      24.14777
      14.91270      24.14833
      14.92290      24.14889
      14.93300      24.14944
      14.94320      24.15001
      14.95330      24.15057
      14.96350      24.15114
      14.97370      24.15172
      14.98380      24.15229
      14.99400      24.15287
      15.00420      24.15346
      15.01430      24.15404
      15.02450      24.15463
      15.03470      24.15522
      15.04480      24.15582
      15.05500      24.15642
      15.06520      24.15702
      15.07530      24.15763
      15.08550      24.15824
      15.09560      24.15885
      15.10580      24.15947
      15.11600      24.16009
      15.12610      24.16071
      15.13630      24.16134
      15.14650      24.16197
      15.15660      24.16260
      15.16680      24.16324
      15.17700      24.16389
      15.18710      24.16453
      15.19730      24.16518
      15.20750      24.16584
      15.21760      24.16649
      15.22780      24.16716
      15.23800      24.16783
      15.24810      24.16849
      15.25830      24.16917
      15.26840      24.16984
      15.27860      24.17053
      15.28880      24.17122
      15.29890      24.17190
      15.30910      24.17260
      15.31930      24.17330
      15.32940      24.17400
      15.33960      24.17471
      15.34980      24.17542
      15.35990      24.17613
      15.37010      24.17685
      15.38030      24.17758
      15.39040      24.17830
      15.40060      24.17904
      15.41070      24.17977
      15.42090      24.18052
      15.43110      24.18126
      15.44120      24.18201
      15.45140      24.18277
      15.46160      24.18353
      15.47170      24.18429
      15.48190      24.18507
      15.49210      24.18584
      15.50220      24.18662
      15.51240      24.18741
      15.52260      24.18820
      15.53270      24.18899
      15.54290      24.18979
      15.55300      24.19059
      15.56320      24.19140
      15.57340      24.19222
      15.58350      24.19304
      15.59370      24.19386
      15.60390      24.19470
      15.61400      24.19553
      15.62420      24.19637
      15.63440      24.19722
      15.64450      24.19807
      15.65470      24.19893
      15.66490      24.19979
      15.67500      24.20066
      15.68520      24.20153
      15.69540      24.20242
      15.70550      24.20330
      15.71570      24.20419
      15.72580      24.20508
      15.73600      24.20599
      15.74620      24.20690
      15.75630      24.20781
      15.76650      24.20874
      15.77670      24.20967
      15.78680      24.21059
      15.79700      24.21154
      15.80720      24.21249
      15.81730      24.21343
      15.82750      24.21439
      15.83770      24.21536
      15.84780      24.21633
      15.85800      24.21731
      15.86810      24.21829
      15.87830      24.21928
      15.88850      24.22028
      15.89860      24.22128
      15.90880      24.22230
      15.91900      24.22332
      15.92910      24.22434
      15.93930      24.22537
      15.94950      24.22642
      15.95960      24.22746
      15.96980      24.22851
      15.98000      24.22958
      15.99010      24.23064
      16.00030      24.23172
      16.01050      24.23281
      16.02060      24.23389
      16.03080      24.23499
      16.04090      24.23609
      16.05110      24.23721
      16.06130      24.23833
      16.07140      24.23946
      16.08160      24.24060
      16.09180      24.24175
      16.10190      24.24290
      16.11210      24.24406
      16.12230      24.24524
      16.13240      24.24641
      16.14260      24.24760
      16.15280      24.24880
      16.16290      24.24999
      16.17310      24.25121
      16.18320      24.25242
      16.19340      24.25366
      16.20360      24.25490
      16.21370      24.25614
      16.22390      24.25741
      16.23410      24.25868
      16.24420      24.25994
      16.25440      24.26123
      16.26460      24.26254
      16.27470      24.26383
      16.28490      24.26515
      16.29510      24.26648
      16.30520      24.26780
      16.31540      24.26915
      16.32560      24.27051
      16.33570      24.27186
      16.34590      24.27324
      16.35600      24.27462
      16.36620      24.27602
      16.37640      24.27743
      16.38650      24.27884
      16.39670      24.28027
      16.40690      24.28171
      16.41700      24.28315
      16.42720      24.28461
      16.43740      24.28609
      16.44750      24.28756
      16.45770      24.28906
      16.46790      24.29057
      16.47800      24.29208
      16.48820      24.29361
      16.49830      24.29514
      16.50850      24.29670
      16.51870      24.29827
      16.52880      24.29984
      16.53900      24.30143
      16.54920      24.30304
      16.55930      24.30464
      16.56950      24.30627
      16.57970      24.30792
      16.58980      24.30956
      16.60000      24.31124
      16.61020      24.31292
      16.62030      24.31460
      16.63050      24.31632
      16.64070      24.31804
      16.65080      24.31977
      16.66100      24.32152
      16.67110      24.32327
      16.68130      24.32505
      16.69150      24.32685
      16.70160      24.32865
      16.71180      24.33047
      16.72200      24.33232
      16.73210      24.33416
      16.74230      24.33603
      16.75250      24.33792
      16.76260      24.33980
      16.77280      24.34172
      16.78300      24.34366
      16.79310      24.34559
      16.80330      24.34756
      16.81340      24.34953
      16.82360      24.35153
      16.83380      24.35355
      16.84390      24.35556
      16.85410      24.35762
      16.86430      24.35969
      16.87440      24.36176
      16.88460      24.36386
      16.89480      24.36599
      16.90490      24.36811
      16.91510      24.37027
      16.92530      24.37245
      16.93540      24.37463
      16.94560      24.37685
      16.95580      24.37909
      16.96590      24.38132
      16.97610      24.38360
      16.98620      24.38588
      16.99640      24.38820
      17.00660      24.39054
      17.01670      24.39287
      17.02690      24.39525
      17.03710      24.39766
      17.04720      24.40005
      17.05740      24.40250
      17.06760      24.40497
      17.07770      24.40743
      17.08790      24.40995
      17.09810      24.41248
      17.10820      24.41502
      17.11840      24.41760
      17.12850      24.42018
      17.13870      24.42281
      17.14890      24.42546
      17.15900      24.42812
      17.16920      24.43082
      17.17940      24.43355
      17.18950      24.43628
      17.19970      24.43906
      17.20990      24.44187
      17.22000      24.44467
      17.23020      24.44753
      17.24040      24.45042
      17.25050      24.45331
      17.26070      24.45625
      17.27090      24.45922
      17.28100      24.46219
      17.29120      24.46523
      17.30130      24.46825
      17.31150      24.47134
      17.32170      24.47446
      17.33180      24.47758
      17.34200      24.48076
      17.35220      24.48398
      17.36230      24.48719
      17.37250      24.49047
      17.38270      24.49378
      17.39280      24.49709
      17.40300      24.50047
      17.41320      24.50388
      17.42330      24.50729
      17.43350      24.51077
      17.44360      24.51426
      17.45380      24.51781
      17.46400      24.52141
      17.47410      24.52500
      17.48430      24.52867
      17.49450      24.53237
      17.50460      24.53608
      17.51480      24.53987
      17.52500      24.54370
      17.53510      24.54753
      17.54530      24.55143
      17.55550      24.55539
      17.56560      24.55934
      17.57580      24.56339
      17.58590      24.56743
      17.59610      24.57156
      17.60630      24.57574
      17.61640      24.57992
      17.62660      24.58420
      17.63680      24.58852
      17.64690      24.59285
      17.65710      24.59727
      17.66730      24.60175
      17.67740      24.60623
      17.68760      24.61082
      17.69780      24.61545
      17.70790      24.62010
      17.71810      24.62486
      17.72830      24.62967
      17.73840      24.63449
      17.74860      24.63942
      17.75870      24.64437
      17.76890      24.64943
      17.77910      24.65456
      17.78920      24.65970
      17.79940      24.66496
      17.80960      24.67029
      17.81970      24.67564
      17.82990      24.68112
      17.84010      24.68667
      17.85020      24.69225
      17.86040      24.69796
      17.87060      24.70375
      17.88070      24.70957
      17.89090      24.71554
      17.90100      24.72153
      17.91120      24.72767
      17.92140      24.73391
      17.93150      24.74018
      17.94170      24.74661
      17.95190      24.75314
      17.96200      24.75971
      17.97220      24.76646
      17.98240      24.77332
      17.99250      24.78022
      18.00270      24.78731
      18.01290      24.79452
      18.02300      24.80179
      18.03320      24.80926
      18.04340      24.81686
      18.05350      24.82452
      18.06370      24.83241
      18.07380      24.84036
      18.08400      24.84854
      18.09420      24.85688
      18.10430      24.86530
      18.11450      24.87397
      18.12470      24.88281
      18.13480      24.89175
      18.14500      24.90096
      18.15520      24.91036
      18.16530      24.91988
      18.17550      24.92969
      18.18570      24.93971
      18.19580      24.94986
      18.20600      24.96033
      18.21610      24.97094
      18.22630      24.98190
      18.23650      24.99311
      18.24660      25.00448
      18.25680      25.01623
      18.26700      25.02827
      18.27710      25.04047
      18.28730      25.05311
      18.29750      25.06606
      18.30760      25.07921
      18.31780      25.09282
      18.32800      25.10679
      18.33810      25.12099
      18.34830      25.13570
      18.35850      25.15080
      18.36860      25.16615
      18.37880      25.18208
      18.38890      25.19828
      18.39910      25.21509
      18.40930      25.23237
      18.41940      25.24995
      18.42960      25.26822
      18.43980      25.28700
      18.44990      25.30613
      18.46010      25.32600
      18.47030      25.34645
      18.48040      25.36728
      18.49060      25.38894
      18.50080      25.41124
      18.51090      25.43398
      18.52110      25.45761
      18.53120      25.48171
      18.54140      25.50678
      18.55160      25.53260
      18.56170      25.55894
      18.57190      25.58634
      18.58210      25.61458
      18.59220      25.64338
      18.60240      25.67336
      18.61260      25.70425
      18.62270      25.73577
      18.63290      25.76857
      18.64310      25.80238
      18.65320      25.83688
      18.66340      25.87278
      18.67360      25.90978
      18.68370      25.94754
      18.69390      25.98683
      18.70400      26.02693
      18.71420      26.06865
      18.72440      26.11165
      18.73450      26.15552
      18.74470      26.20115
      18.75490      26.24817
      18.76500      26.29613
      18.77520      26.34602
      18.78540      26.39741
      18.79550      26.44980
      18.80570      26.50430
      18.81590      26.56041
      18.82600      26.61760
      18.83620      26.67706
      18.84630      26.73764
      18.85650      26.80061
      18.86670      26.86539
      18.87680      26.93140
      18.88700      26.99995
      18.89720      27.07047
      18.90730      27.14227
      18.91750      27.21679
      18.92770      27.29342
      18.93780      27.37139
      18.94800      27.45229
      18.95820      27.53542
      18.96830      27.61995
      18.97850      27.70762
      18.98870      27.79763
      18.99880      27.88910
      19.00900      27.98392
      19.01910      28.08022
      19.02930      28.18000
      19.03950      28.28231
      19.04960      28.38620
      19.05980      28.49372
      19.07000      28.60393
      19.08010      28.71572
      19.09030      28.83137
      19.10050      28.94980
      19.11060      29.06984
      19.12080      29.19393
      19.13100      29.32090
      19.14110      29.44950
      19.15130      29.58232
      19.16140      29.71676
      19.17160      29.85555
      19.18180      29.99737
      19.19190      30.14079
      19.20210      30.28873
      19.21230      30.43974
      19.22240      30.59239
      19.23260      30.74964
      19.24280      30.91008
      19.25290      31.07205
      19.26310      31.23881
      19.27330      31.40876
      19.28340      31.58018
      19.29360      31.75650
      19.30380      31.93603
      19.31390      32.11693
      19.32410      32.30283
      19.33420      32.49004
      19.34440      32.68230
      19.35460      32.87772
      19.36470      33.07433
      19.37490      33.27604
      19.38510      33.48082
      19.39520      33.68671
      19.40540      33.89763
      19.41560      34.11164
      19.42570      34.32649
      19.43590      34.54646
      19.44610      34.76935
      19.45620      34.99288
      19.46640      35.22147
      19.47650      35.45055
      19.48670      35.68464
      19.49690      35.92141
      19.50700      36.15840
      19.51720      36.40031
      19.52740      36.64465
      19.53750      36.88903
      19.54770      37.13813
      19.55790      37.38942
      19.56800      37.64044
      19.57820      37.89594
      19.58840      38.15346
      19.59850      38.41028
      19.60870      38.67143
      19.61880      38.93163
      19.62900      39.19599
      19.63920      39.46178
      19.64930      39.72625
      19.65950      39.99454
      19.66970      40.26389
      19.67980      40.53150
      19.69000      40.80256
      19.70020      41.07423
      19.71030      41.34380
      19.72050      41.61635
      19.73070      41.88905
      19.74080      42.15917
      19.75100      42.43176
      19.76120      42.70409
      19.77130      42.97324
      19.78150      43.24442
      19.79160      43.51207
      19.80180      43.78137
      19.81200      44.04943
      19.82210      44.31343
      19.83230      44.57844
      19.84250      44.84160
      19.85260      45.10012
      19.86280      45.35897
      19.87300      45.61528
      19.88310      45.86647
      19.89330      46.11715
      19.90350      46.36470
      19.91360      46.60648
      19.92380      46.84697
      19.93390      47.08133
      19.94410      47.31384
      19.95430      47.54203
      19.96440      47.76341
      19.97460      47.98217
      19.98480      48.19583
      19.99490      48.40210
      20.00510      48.60486
      20.01530      48.80177
      20.02540      48.99074
      20.03560      49.17531
      20.04580      49.35328
      20.05590      49.52285
      20.06610      49.68707
      20.07630      49.84407
      20.08640      49.99215
      20.09660      50.13408
      20.10670      50.26686
      20.11690      50.39287
      20.12710      50.51065
      20.13720      50.61894
      20.14740      50.71975
      20.15760      50.81179
      20.16770      50.89415
      20.17790      50.96834
      20.18810      51.03337
      20.19820      51.08863
      20.20840      51.13514
      20.21860      51.17223
      20.22870      51.19961
      20.23890      51.21777
      20.24900      51.22633
      20.25920      51.22546
      20.26940      51.21501
      20.27950      51.19525
      20.28970      51.16581
      20.29990      51.12690
      20.31000      51.07910
      20.32020      51.02154
      20.33040      50.95473
      20.34050      50.87959
      20.35070      50.79472
      20.36090      50.70097
      20.37100      50.59955
      20.38120      50.48857
      20.39140      50.36921
      20.40150      50.24288
      20.41170      50.10733
      20.42180      49.96533
      20.43200      49.81438
      20.44220      49.65596
      20.45230      49.49202
      20.46250      49.31948
      20.47270      49.14020
      20.48280      48.95626
      20.49300      48.76424
      20.50320      48.56618
      20.51330      48.36437
      20.52350      48.15501
      20.53370      47.94035
      20.54380      47.72284
      20.55400      47.49835
      20.56410      47.27159
      20.57430      47.03826
      20.58450      46.80089
      20.59460      46.56200
      20.60480      46.31724
      20.61500      46.06906
      20.62510      45.82025
      20.63530      45.56607
      20.64550      45.30921
      20.65560      45.05249
      20.66580      44.79097
      20.67600      44.52744
      20.68610      44.26474
      20.69630      43.99781
      20.70650      43.72955
      20.71660      43.46266
      20.72680      43.19215
      20.73690      42.92352
      20.74710      42.65157
      20.75730      42.37922
      20.76740      42.10919
      20.77760      41.83646
      20.78780      41.56374
      20.79790      41.29393
      20.80810      41.02180
      20.81830      40.75020
      20.82840      40.48196
      20.83860      40.21184
      20.84880      39.94268
      20.85890      39.67726
      20.86910      39.41039
      20.87920      39.14749
      20.88940      38.88341
      20.89960      38.62095
      20.90970      38.36266
      20.91990      38.10362
      20.93010      37.84652
      20.94020      37.59383
      20.95040      37.34079
      20.96060      37.08988
      20.97070      36.84368
      20.98090      36.59735
      20.99110      36.35344
      21.00120      36.11440
      21.01140      35.87551
      21.02160      35.63926
      21.03170      35.40799
      21.04190      35.17714
      21.05200      34.95134
      21.06220      34.72611
      21.07240      34.50382
      21.08250      34.28655
      21.09270      34.07015
      21.10290      33.85672
      21.11300      33.64838
      21.12320      33.44109
      21.13340      33.23687
      21.14350      33.03775
      21.15370      32.83977
      21.16390      32.64495
      21.17400      32.45519
      21.18420      32.26671
      21.19430      32.08325
      21.20450      31.90113
      21.21470      31.72223
      21.22480      31.54825
      21.23500      31.37571
      21.24520      31.20641
      21.25530      31.04187
      21.26550      30.87890
      21.27570      30.71908
      21.28580      30.56392
      21.29600      30.41038
      21.30620      30.25994
      21.31630      30.11405
      21.32650      29.96976
      21.33660      29.82991
      21.34680      29.69168
      21.35700      29.55646
      21.36710      29.42550
      21.37730      29.29617
      21.38750      29.16976
      21.39760      29.04744
      21.40780      28.92673
      21.41800      28.80886
      21.42810      28.69485
      21.43830      28.58247
      21.44850      28.47278
      21.45860      28.36680
      21.46880      28.26238
      21.47900      28.16055
      21.48910      28.06223
      21.49930      27.96543
      21.50940      27.87201
      21.51960      27.78008
      21.52980      27.69052
      21.53990      27.60415
      21.55010      27.51921
      21.56030      27.43651
      21.57040      27.35681
      21.58060      27.27847
      21.59080      27.20226
      21.60090      27.12883
      21.61110      27.05672
      21.62130      26.98658
      21.63140      26.91906
      21.64160      26.85276
      21.65170      26.78895
      21.66190      26.72631
      21.67210      26.66545
      21.68220      26.60690
      21.69240      26.54945
      21.70260      26.49366
      21.71270      26.44000
      21.72290      26.38737
      21.73310      26.33628
      21.74320      26.28715
      21.75340      26.23899
      21.76360      26.19224
      21.77370      26.14730
      21.78390      26.10326
      21.79410      26.06051
      21.80420      26.01943
      21.81440      25.97916
      21.82450      25.94048
      21.83470      25.90256
      21.84490      25.86577
      21.85500      25.83042
      21.86520      25.79578
      21.87540      25.76216
      21.88550      25.72987
      21.89570      25.69822
      21.90590      25.66751
      21.91600      25.63799
      21.92620      25.60906
      21.93640      25.58100
      21.94650      25.55401
      21.95670      25.52756
      21.96680      25.50213
      21.97700      25.47720
      21.98720      25.45300
      21.99730      25.42972
      22.00750      25.40689
      22.01770      25.38472
      22.02780      25.36339
      22.03800      25.34246
      22.04820      25.32212
      22.05830      25.30255
      22.06850      25.28333
      22.07870      25.26466
      22.08880      25.24667
      22.09900      25.22900
      22.10920      25.21181
      22.11930      25.19525
      22.12950      25.17897
      22.13960      25.16328
      22.14980      25.14785
      22.16000      25.13283
      22.17010      25.11834
      22.18030      25.10407
      22.19050      25.09017
      22.20060      25.07675
      22.21080      25.06354
      22.22100      25.05065
      22.23110      25.03819
      22.24130      25.02592
      22.25150      25.01394
      22.26160      25.00236
      22.27180      24.99093
      22.28190      24.97987
      22.29210      24.96896
      22.30230      24.95829
      22.31240      24.94796
      22.32260      24.93776
      22.33280      24.92778
      22.34290      24.91810
      22.35310      24.90854
      22.36330      24.89917
      22.37340      24.89008
      22.38360      24.88109
      22.39380      24.87228
      22.40390      24.86373
      22.41410      24.85526
      22.42430      24.84695
      22.43440      24.83887
      22.44460      24.83088
      22.45470      24.82310
      22.46490      24.81538
      22.47510      24.80781
      22.48520      24.80044
      22.49540      24.79312
      22.50560      24.78593
      22.51570      24.77894
      22.52590      24.77199
      22.53610      24.76515
      22.54620      24.75849
      22.55640      24.75187
      22.56660      24.74536
      22.57670      24.73901
      22.58690      24.73270
      22.59700      24.72654
      22.60720      24.72041
      22.61740      24.71438
      22.62750      24.70849
      22.63770      24.70263
      22.64790      24.69685
      22.65800      24.69121
      22.66820      24.68560
      22.67840      24.68006
      22.68850      24.67465
      22.69870      24.66926
      22.70890      24.66394
      22.71900      24.65874
      22.72920      24.65356
      22.73940      24.64845
      22.74950      24.64345
      22.75970      24.63847
      22.76980      24.63359
      22.78000      24.62873
      22.79020      24.62393
      22.80030      24.61924
      22.81050      24.61456
      22.82070      24.60993
      22.83080      24.60540
      22.84100      24.60088
      22.85120      24.59641
      22.86130      24.59204
      22.87150      24.58768
      22.88170      24.58337
      22.89180      24.57915
      22.90200      24.57493
      22.91210      24.57080
      22.92230      24.56668
      22.93250      24.56260
      22.94260      24.55861
      22.95280      24.55462
      22.96300      24.55068
      22.97310      24.54681
      22.98330      24.54295
      22.99350      24.53913
      23.00360      24.53539
      23.01380      24.53166
      23.02400      24.52796
      23.03410      24.52433
      23.04430      24.52071
      23.05450      24.51712
      23.06460      24.51361
      23.07480      24.51010
      23.08490      24.50666
      23.09510      24.50322
      23.10530      24.49981
      23.11540      24.49647
      23.12560      24.49314
      23.13580      24.48983
      23.14590      24.48659
      23.15610      24.48335
      23.16630      24.48015
      23.17640      24.47700
      23.18660      24.47386
      23.19680      24.47075
      23.20690      24.46769
      23.21710      24.46464
      23.22720      24.46164
      23.23740      24.45865
      23.24760      24.45568
      23.25770      24.45277
      23.26790      24.44986
      23.27810      24.44698
      23.28820      24.44415
      23.29840      24.44132
      23.30860      24.43852
      23.31870      24.43577
      23.32890      24.43302
      23.33910      24.43030
      23.34920      24.42762
      23.35940      24.42495
      23.36950      24.42233
      23.37970      24.41970
      23.38990      24.41710
      23.40000      24.41455
      23.41020      24.41199
      23.42040      24.40946
      23.43050      24.40698
      23.44070      24.40449
      23.45090      24.40203
      23.46100      24.39961
      23.47120      24.39719
      23.48140      24.39479
      23.49150      24.39244
      23.50170      24.39008
      23.51190      24.38775
      23.52200      24.38546
      23.53220      24.38316
      23.54230      24.38091
      23.55250      24.37866
      23.56270      24.37642
      23.57280      24.37423
      23.58300      24.37203
      23.59320      24.36986
      23.60330      24.36772
      23.61350      24.36558
      23.62370      24.36346
      23.63380      24.36137
      23.64400      24.35929
      23.65420      24.35722
      23.66430      24.35519
      23.67450      24.35316
      23.68460      24.35116
      23.69480      24.34916
      23.70500      24.34718
      23.71510      24.34523
      23.72530      24.34328
      23.73550      24.34135
      23.74560      24.33945
      23.75580      24.33755
      23.76600      24.33567
      23.77610      24.33381
      23.78630      24.33196
      23.79650      24.33012
      23.80660      24.32831
      23.81680      24.32651
      23.82700      24.32471
      23.83710      24.32295
      23.84730      24.32118
      23.85740      24.31945
      23.86760      24.31771
      23.87780      24.31598
      23.88790      24.31429
      23.89810      24.31260
      23.90830      24.31091
      23.91840      24.30926
      23.92860      24.30760
      23.93880      24.30596
      23.94890      24.30434
      23.95910      24.30273
      23.96930      24.30112
      23.97940      24.29955
      23.98960      24.29797
      23.99970      24.29641
      24.00990      24.29486
      24.02010      24.29331
      24.03020      24.29180
      24.04040      24.29028
      24.05060      24.28877
      24.06070      24.28729
      24.07090      24.28580
      24.08110      24.28433
      24.09120      24.28288
      24.10140      24.28143
      24.11160      24.27999
      24.12170      24.27857
      24.13190      24.27715
      24.14210      24.27575
      24.15220      24.27436
      24.16240      24.27298
      24.17250      24.27161
      24.18270      24.27025
      24.19290      24.26889
      24.20300      24.26756
      24.21320      24.26622
      24.22340      24.26489
      24.23350      24.26359
      24.24370      24.26228
      24.25390      24.26098
      24.26400      24.25971
      24.27420      24.25843
      24.28440      24.25716
      24.29450      24.25591
      24.30470      24.25466
      24.31480      24.25343
      24.32500      24.25220
      24.33520      24.25098
      24.34530      24.24977
      24.35550      24.24857
      24.36570      24.24737
      24.37580      24.24619
      24.38600      24.24501
      24.39620      24.24384
      24.40630      24.24268
      24.41650      24.24153
      24.42670      24.24038
      24.43680      24.23925
      24.44700      24.23812
      24.45720      24.23699
      24.46730      24.23589
      24.47750      24.23478
      24.48760      24.23369
      24.49780      24.23260
      24.50800      24.23151
      24.51810      24.23044
      24.52830      24.22937
      24.53850      24.22831
      24.54860      24.22726
      24.55880      24.22621
      24.56900      24.22517
      24.57910      24.22415
      24.58930      24.22312
      24.59950      24.22210
      24.60960      24.22110
      24.61980      24.22009
      24.62990      24.21910
      24.64010      24.21811
      24.65030      24.21712
      24.66040      24.21615
      24.67060      24.21518
      24.68080      24.21421
      24.69090      24.21326
      24.70110      24.21230
      24.71130      24.21136
      24.72140      24.21042
      24.73160      24.20949
      24.74180      24.20856
      24.75190      24.20764
      24.76210      24.20673
      24.77230      24.20581
      24.78240      24.20492
      24.79260      24.20402
      24.80270      24.20313
      24.81290      24.20225
      24.82310      24.20136
      24.83320      24.20050
      24.84340      24.19963
      24.85360      24.19876
      24.86370      24.19791
      24.87390      24.19706
      24.88410      24.19621
      24.89420      24.19537
      24.90440      24.19454
      24.91460      24.19370
      24.92470      24.19288
      24.93490      24.19206
      24.94500      24.19125
      24.95520      24.19044
      24.96540      24.18964
      24.97550      24.18884
      24.98570      24.18805
      24.99590      24.18725
      25.00600      24.18648
      25.01620      24.18569
      25.02640      24.18492
      25.03650      24.18415
      25.04670      24.18339
      25.05690      24.18262
      25.06700      24.18187
      25.07720      24.18112
      25.08740      24.18037
      25.09750      24.17964
      25.10770      24.17890
      25.11780      24.17817
      25.12800      24.17744
      25.13820      24.17671
      25.14830      24.17600
      25.15850      24.17528
      25.16870      24.17457
      25.17880      24.17387
      25.18900      24.17316
      25.19920      24.17246
      25.20930      24.17177
      25.21950      24.17108
      25.22970      24.17039
      25.23980      24.16972
      25.25000      24.16904
      25.26010      24.16837
      25.27030      24.16770
      25.28050      24.16703
      25.29060      24.16637
      25.30080      24.16571
      25.31100      24.16506
      25.32110      24.16441
      25.33130      24.16376
      25.34150      24.16312
      25.35160      24.16249
      25.36180      24.16185
      25.37200      24.16122
      25.38210      24.16059
      25.39230      24.15997
      25.40240      24.15935
      25.41260      24.15873
      25.42280      24.15812
      25.43290      24.15751
      25.44310      24.15691
      25.45330      24.15630
      25.46340      24.15571
      25.47360      24.15511
      25.48380      24.15451
      25.49390      24.15393
      25.50410      24.15334
      25.51430      24.15276
      25.52440      24.15218
      25.53460      24.15161
      25.54480      24.15103
      25.55490      24.15047
      25.56510      24.14990
      25.57520      24.14934
      25.58540      24.14878
      25.59560      24.14822
      25.60570      24.14767
      25.61590      24.14712
      25.62610      24.14657
      25.63620      24.14603
      25.64640      24.14548
      25.65660      24.14494
      25.66670      24.14441
      25.67690      24.14388
      25.68710      24.14335
      25.69720      24.14282
      25.70740      24.14230
      25.71750      24.14178
      25.72770      24.14126
      25.73790      24.14075
      25.74800      24.14024
      25.75820      24.13972
      25.76840      24.13922
      25.77850      24.13872
      25.78870      24.13821
      25.79890      24.13771
      25.80900      24.13722
      25.81920      24.13672
      25.82940      24.13623
      25.83950      24.13575
      25.84970      24.13526
      25.85990      24.13478
      25.87000      24.13430
      25.88020      24.13382
      25.89030      24.13335
      25.90050      24.13287
      25.91070      24.13240
      25.92080      24.13194
      25.93100      24.13147
      25.94120      24.13100
      25.95130      24.13055
      25.96150      24.13009
      25.97170      24.12963
      25.98180      24.12918
      25.99200      24.12873
      26.00220      24.12828
      26.01230      24.12784
      26.02250      24.12739
      26.03260      24.12695
      26.04280      24.12651
      26.05300      24.12607
      26.06310      24.12564
      26.07330      24.12521
      26.08350      24.12477
      26.09360      24.12435
      26.10380      24.12392
      26.11400      24.12350
      26.12410      24.12308
      26.13430      24.12266
      26.14450      24.12224
      26.15460      24.12183
      26.16480      24.12141
      26.17500      24.12100
      26.18510      24.12059
      26.19530      24.12019
      26.20540      24.11978
      26.21560      24.11938
      26.22580      24.11898
      26.23590      24.11858
      26.24610      24.11818
      26.25630      24.11779
      26.26640      24.11740
      26.27660      24.11700
      26.28680      24.11661
      26.29690      24.11623
      26.30710      24.11584
      26.31730      24.11546
      26.32740      24.11508
      26.33760      24.11470
      26.34770      24.11432
      26.35790      24.11395
      26.36810      24.11357
      26.37820      24.11320
      26.38840      24.11283
      26.39860      24.11246
      26.40870      24.11210
      26.41890      24.11173
      26.42910      24.11137
      26.43920      24.11101
      26.44940      24.11065
      26.45960      24.11029
      26.46970      24.10993
      26.47990      24.10958
      26.49010      24.10922
      26.50020      24.10888
      26.51040      24.10853
      26.52050      24.10818
      26.53070      24.10783
      26.54090      24.10749
      26.55100      24.10715
      26.56120      24.10681
      26.57140      24.10646
      26.58150      24.10613
      26.59170      24.10579
      26.60190      24.10546
      26.61200      24.10513
      26.62220      24.10479
      26.63240      24.10446
      26.64250      24.10414
      26.65270      24.10381
      26.66280      24.10348
      26.67300      24.10316
      26.68320      24.10283
      26.69330      24.10252
      26.70350      24.10220
      26.71370      24.10188
      26.72380      24.10156
      26.73400      24.10125
      26.74420      24.10093
      26.75430      24.10062
      26.76450      24.10031
      26.77470      24.10000
      26.78480      24.09970
      26.79500      24.09939
      26.80520      24.09908
      26.81530      24.09878
      26.82550      24.09848
      26.83560      24.09818
      26.84580      24.09788
      26.85600      24.09758
      26.86610      24.09729
      26.87630      24.09699
      26.88650      24.09669
      26.89660      24.09640
      26.90680      24.09611
      26.91700      24.09582
      26.92710      24.09553
      26.93730      24.09525
      26.94750      24.09496
      26.95760      24.09468
      26.96780      24.09439
      26.97790      24.09411
      26.98810      24.09383
      26.99830      24.09355
      27.00840      24.09327
      27.01860      24.09299
      27.02880      24.09272
      27.03890      24.09244
      27.04910      24.09217
      27.05930      24.09190
      27.06940      24.09163
      27.07960      24.09136
      27.08980      24.09109
      27.09990      24.09082
      27.11010      24.09055
      27.12020      24.09029
      27.13040      24.09002
      27.14060      24.08976
      27.15070      24.08950
      27.16090      24.08924
      27.17110      24.08898
      27.18120      24.08872
      27.19140      24.08846
      27.20160      24.08821
      27.21170      24.08795
      27.22190      24.08770
      27.23210      24.08744
      27.24220      24.08719
      27.25240      24.08694
      27.26260      24.08669
      27.27270      24.08644
      27.28290      24.08620
      27.29300      24.08595
      27.30320      24.08571
      27.31340      24.08546
      27.32350      24.08522
      27.33370      24.08498
      27.34390      24.08473
      27.35400      24.08450
      27.36420      24.08426
      27.37440      24.08402
      27.38450      24.08378
      27.39470      24.08354
      27.40490      24.08331
      27.41500      24.08307
      27.42520      24.08284
      27.43530      24.08261
      27.44550      24.08238
      27.45570      24.08215
      27.46580      24.08192
      27.47600      24.08169
      27.48620      24.08146
      27.49630      24.08124
      27.50650      24.08101
      27.51670      24.08079
      27.52680      24.08056
      27.53700      24.08034
      27.54720      24.08012
      27.55730      24.07990
      27.56750      24.07968
      27.57770      24.07946
      27.58780      24.07924
      27.59800      24.07902
      27.60810      24.07881
      27.61830      24.07859
      27.62850      24.07837
      27.63860      24.07816
      27.64880      24.07795
      27.65900      24.07774
      27.66910      24.07753
      27.67930      24.07732
      27.68950      24.07711
      27.69960      24.07690
      27.70980      24.07669
      27.72000      24.07648
      27.73010      24.07628
      27.74030      24.07607
      27.75040      24.07587
      27.76060      24.07566
      27.77080      24.07546
      27.78090      24.07526
      27.79110      24.07506
      27.80130      24.07486
      27.81140      24.07466
      27.82160      24.07446
      27.83180      24.07426
      27.84190      24.07406
      27.85210      24.07387
      27.86230      24.07367
      27.87240      24.07348
      27.88260      24.07328
      27.89280      24.07309
      27.90290      24.07290
      27.91310      24.07271
      27.92320      24.07252
      27.93340      24.07232
      27.94360      24.07213
      27.95370      24.07195
      27.96390      24.07176
      27.97410      24.07157
      27.98420      24.07138
      27.99440      24.07120
      28.00460      24.07101
      28.01470      24.07083
      28.02490      24.07064
      28.03510      24.07046
      28.04520      24.07028
      28.05540      24.07010
      28.06550      24.06992
      28.07570      24.06974
      28.08590      24.06956
      28.09600      24.06938
      28.10620      24.06920
      28.11640      24.06902
      28.12650      24.06885
      28.13670      24.06867
      28.14690      24.06849
      28.15700      24.06832
      28.16720      24.06815
      28.17740      24.06797
      28.18750      24.06780
      28.19770      24.06763
      28.20790      24.06746
      28.21800      24.06729
      28.22820      24.06712
      28.23830      24.06695
      28.24850      24.06678
      28.25870      24.06661
      28.26880      24.06644
      28.27900      24.06627
      28.28920      24.06611
      28.29930      24.06594
      28.30950      24.06578
      28.31970      24.06561
      28.32980      24.06545
      28.34000      24.06528
      28.35020      24.06512
      28.36030      24.06496
      28.37050      24.06480
      28.38060      24.06464
      28.39080      24.06448
      28.40100      24.06432
      28.41110      24.06416
      28.42130      24.06400
      28.43150      24.06384
      28.44160      24.06369
      28.45180      24.06353
      28.46200      24.06337
      28.47210      24.06322
      28.48230      24.06306
      28.49250      24.06291
      28.50260      24.06275
      28.51280      24.06260
      28.52300      24.06245
      28.53310      24.06230
      28.54330      24.06214
      28.55340      24.06199
      28.56360      24.06184
      28.57380      24.06169
      28.58390      24.06154
      28.59410      24.06139
      28.60430      24.06124
      28.61440      24.06110
      28.62460      24.06095
      28.63480      24.06080
      28.64490      24.06066
      28.65510      24.06051
      28.66530      24.06037
      28.67540      24.06022
      28.68560      24.06008
      28.69570      24.05993
      28.70590      24.05979
      28.71610      24.05965
      28.72620      24.05951
      28.73640      24.05937
      28.74660      24.05922
      28.75670      24.05908
      28.76690      24.05894
      28.77710      24.05880
      28.78720      24.05866
      28.79740      24.05853
      28.80760      24.05839
      28.81770      24.05825
      28.82790      24.05811
      28.83810      24.05798
      28.84820      24.05784
      28.85840      24.05770
      28.86850      24.05757
      28.87870      24.05743
      28.88890      24.05730
      28.89900      24.05717
      28.90920      24.05703
      28.91940      24.05690
      28.92950      24.05677
      28.93970      24.05664
      28.94990      24.05650
      28.96000      24.05637
      28.97020      24.05624
      28.98040      24.05611
      28.99050      24.05598
      29.00070      24.05585
      29.01080      24.05573
      29.02100      24.05560
      29.03120      24.05547
      29.04130      24.05534
      29.05150      24.05521
      29.06170      24.05509
      29.07180      24.05496
      29.08200      24.05484
      29.09220      24.05471
      29.10230      24.05459
      29.11250      24.05446
      29.12270      24.05434
      29.13280      24.05421
      29.14300      24.05409
      29.15310      24.05397
      29.16330      24.05385
      29.17350      24.05372
      29.18360      24.05360
      29.19380      24.05348
      29.20400      24.05336
      29.21410      24.05324
      29.22430      24.05312
      29.23450      24.05300
      29.24460      24.05288
      29.25480      24.05276
      29.26500      24.05264
      29.27510      24.05253
      29.28530      24.05241
      29.29550      24.05229
      29.30560      24.05218
      29.31580      24.05206
      29.32590      24.05194
      29.33610      24.05183
      29.34630      24.05171
      29.35640      24.05160
      29.36660      24.05148
      29.37680      24.05137
      29.38690      24.05126
      29.39710      24.05114
      29.40730      24.05103
      29.41740      24.05092
      29.42760      24.05080
      29.43780      24.05069
      29.44790      24.05058
      29.45810      24.05047
      29.46820      24.05036
      29.47840      24.05025
      29.48860      24.05014
      29.49870      24.05003
      29.50890      24.04992
      29.51910      24.04981
      29.52920      24.04970
      29.53940      24.04959
      29.54960      24.04949
      29.55970      24.04938
      29.56990      24.04927
      29.58010      24.04917
      29.59020      24.04906
      29.60040      24.04895
      29.61060      24.04885
      29.62070      24.04874
      29.63090      24.04864
      29.64100      24.04853
      29.65120      24.04843
      29.66140      24.04832
      29.67150      24.04822
      29.68170      24.04812
      29.69190      24.04801
      29.70200      24.04791
      29.71220      24.04781
      29.72240      24.04771
      29.73250      24.04761
      29.74270      24.04750
      29.75290      24.04740
      29.76300      24.04730
      29.77320      24.04720
      29.78330      24.04710
      29.79350      24.04700
      29.80370      24.04690
      29.81380      24.04680
      29.82400      24.04671
      29.83420      24.04661
      29.84430      24.04651
      29.85450      24.04641
      29.86470      24.04631
      29.87480      24.04622
      29.88500      24.04612
      29.89520      24.04602
      29.90530      24.04593
      29.91550      24.04583
      29.92570      24.04573
      29.93580      24.04564
      29.94600      24.04554
      29.95610      24.04545
      29.96630      24.04535
      29.97650      24.04526
      29.98660      24.04517
      29.99680      24.04507
      30.00700      24.04498
      30.01710      24.04489
      30.02730      24.04479
      30.03750      24.04470
      30.04760      24.04461
      30.05780      24.04452
      30.06800      24.04442
      30.07810      24.04433
      30.08830      24.04424
      30.09840      24.04415
      30.10860      24.04406
      30.11880      24.04397
      30.12890      24.04388
      30.13910      24.04379
      30.14930      24.04370
      30.15940      24.04361
      30.16960      24.04352
      30.17980      24.04343
      30.18990      24.04334
      30.20010      24.04326
      30.21030      24.04317
      30.22040      24.04308
      30.23060      24.04299
      30.24080      24.04291
      30.25090      24.04282
      30.26110      24.04273
      30.27120      24.04265
      30.28140      24.04256
      30.29160      24.04247
      30.30170      24.04239
      30.31190      24.04230
      30.32210      24.04222
      30.33220      24.04214
      30.34240      24.04205
      30.35260      24.04197
      30.36270      24.04188
      30.37290      24.04180
      30.38310      24.04171
      30.39320      24.04163
      30.40340      24.04155
      30.41350      24.04147
      30.42370      24.04138
      30.43390      24.04130
      30.44400      24.04122
      30.45420      24.04114
      30.46440      24.04106
      30.47450      24.04098
      30.48470      24.04089
      30.49490      24.04081
      30.50500      24.04073
      30.51520      24.04065
      30.52540      24.04057
      30.53550      24.04049
      30.54570      24.04041
      30.55590      24.04033
      30.56600      24.04025
      30.57620      24.04017
      30.58630      24.04010
      30.59650      24.04002
      30.60670      24.03994
      30.61680      24.03986
      30.62700      24.03979
      30.63720      24.03971
      30.64730      24.03963
      30.65750      24.03955
      30.66770      24.03948
      30.67780      24.03940
      30.68800      24.03932
      30.69820      24.03925
      30.70830      24.03917
      30.71850      24.03909
      30.72860      24.03902
      30.73880      24.03894
      30.74900      24.03887
      30.75910      24.03880
      30.76930      24.03872
      30.77950      24.03864
      30.78960      24.03857
      30.79980      24.03850
      30.81000      24.03842
      30.82010      24.03835
      30.83030      24.03828
      30.84050      24.03820
      30.85060      24.03813
      30.86080      24.03806
      30.87100      24.03798
      30.88110      24.03791
      30.89130      24.03784
      30.90140      24.03777
      30.91160      24.03770
      30.92180      24.03762
      30.93190      24.03755
      30.94210      24.03748
      30.95230      24.03741
      30.96240      24.03734
      30.97260      24.03727
      30.98280      24.03720
      30.99290      24.03713
      31.00310      24.03706
      31.01330      24.03699
      31.02340      24.03692
      31.03360      24.03685
      31.04370      24.03678
      31.05390      24.03671
      31.06410      24.03665
      31.07420      24.03658
      31.08440      24.03651
      31.09460      24.03644
      31.10470      24.03637
      31.11490      24.03630
      31.12510      24.03624
      31.13520      24.03617
      31.14540      24.03610
      31.15560      24.03604
      31.16570      24.03597
      31.17590      24.03590
      31.18600      24.03584
      31.19620      24.03577
      31.20640      24.03570
      31.21650      24.03564
      31.22670      24.03557
      31.23690      24.03551
      31.24700      24.03544
      31.25720      24.03538
      31.26740      24.03531
      31.27750      24.03525
      31.28770      24.03518
      31.29790      24.03512
      31.30800      24.03505
      31.31820      24.03499
      31.32840      24.03492
      31.33850      24.03486
      31.34870      24.03480
      31.35880      24.03473
      31.36900      24.03467
      31.37920      24.03461
      31.38930      24.03454
      31.39950      24.03448
      31.40970      24.03442
      31.41980      24.03436
      31.43000      24.03429
      31.44020      24.03423
      31.45030      24.03417
      31.46050      24.03411
      31.47070      24.03405
      31.48080      24.03399
      31.49100      24.03392
      31.50110      24.03386
      31.51130      24.03380
      31.52150      24.03374
      31.53160      24.03368
      31.54180      24.03362
      31.55200      24.03356
      31.56210      24.03350
      31.57230      24.03344
      31.58250      24.03338
      31.59260      24.03332
      31.60280      24.03326
      31.61300      24.03320
      31.62310      24.03314
      31.63330      24.03308
      31.64350      24.03303
      31.65360      24.03297
      31.66380      24.03291
      31.67390      24.03285
      31.68410      24.03279
      31.69430      24.03273
      31.70440      24.03268
      31.71460      24.03262
      31.72480      24.03256
      31.73490      24.03250
      31.74510      24.03245
      31.75530      24.03239
      31.76540      24.03233
      31.77560      24.03227
      31.78580      24.03222
      31.79590      24.03216
      31.80610      24.03210
      31.81620      24.03205
      31.82640      24.03199
      31.83660      24.03194
      31.84670      24.03188
      31.85690      24.03183
      31.86710      24.03177
      31.87720      24.03172
      31.88740      24.03166
      31.89760      24.03160
      31.90770      24.03155
      31.91790      24.03149
      31.92810      24.03144
      31.93820      24.03139
      31.94840      24.03133
      31.95860      24.03128
      31.96870      24.03122
      31.97890      24.03117
      31.98900      24.03112
      31.99920      24.03106
      32.00940      24.03101
      32.01950      24.03095
      32.02970      24.03090
      32.03990      24.03085
      32.05000      24.03080
      32.06020      24.03074
      32.07040      24.03069
      32.08050      24.03064
      32.09070      24.03058
      32.10090      24.03053
      32.11100      24.03048
      32.12120      24.03043
      32.13130      24.03038
      32.14150      24.03032
      32.15170      24.03027
      32.16180      24.03022
      32.17200      24.03017
      32.18220      24.03012
      32.19230      24.03007
      32.20250      24.03002
      32.21270      24.02997
      32.22280      24.02992
      32.23300      24.02987
      32.24320      24.02981
      32.25330      24.02976
      32.26350      24.02971
      32.27370      24.02966
      32.28380      24.02961
      32.29400      24.02956
      32.30410      24.02951
      32.31430      24.02946
      32.32450      24.02942
      32.33460      24.02937
      32.34480      24.02932
      32.35500      24.02927
      32.36510      24.02922
      32.37530      24.02917
      32.38550      24.02912
      32.39560      24.02907
      32.40580      24.02902
      32.41600      24.02898
      32.42610      24.02893
      32.43630      24.02888
      32.44640      24.02883
      32.45660      24.02878
      32.46680      24.02874
      32.47690      24.02869
      32.48710      24.02864
      32.49730      24.02859
      32.50740      24.02855
      32.51760      24.02850
      32.52780      24.02845
      32.53790      24.02841
      32.54810      24.02836
      32.55830      24.02831
      32.56840      24.02826
      32.57860      24.02822
      32.58880      24.02817
      32.59890      24.02813
      32.60910      24.02808
      32.61920      24.02803
      32.62940      24.02799
      32.63960      24.02794
      32.64970      24.02790
      32.65990      24.02785
      32.67010      24.02781
      32.68020      24.02776
      32.69040      24.02772
      32.70060      24.02767
      32.71070      24.02763
      32.72090      24.02758
      32.73110      24.02753
      32.74120      24.02749
      32.75140      24.02745
      32.76150      24.02740
      32.77170      24.02736
      32.78190      24.02731
      32.79200      24.02727
      32.80220      24.02723
      32.81240      24.02718
      32.82250      24.02714
      32.83270      24.02709
      32.84290      24.02705
      32.85300      24.02701
      32.86320      24.02696
      32.87340      24.02692
      32.88350      24.02688
      32.89370      24.02683
      32.90390      24.02679
      32.91400      24.02675
      32.92420      24.02670
      32.93430      24.02666
      32.94450      24.02662
      32.95470      24.02658
      32.96480      24.02654
      32.97500      24.02649
      32.98520      24.02645
      32.99530      24.02641
      33.00550      24.02637
      33.01570      24.02633
      33.02580      24.02628
      33.03600      24.02624
      33.04620      24.02620
      33.05630      24.02616
      33.06650      24.02612
      33.07660      24.02608
      33.08680      24.02604
      33.09700      24.02599
      33.10710      24.02595
      33.11730      24.02591
      33.12750      24.02587
      33.13760      24.02583
      33.14780      24.02579
      33.15800      24.02575
      33.16810      24.02571
      33.17830      24.02567
      33.18850      24.02563
      33.19860      24.02559
      33.20880      24.02555
      33.21890      24.02551
      33.22910      24.02547
      33.23930      24.02543
      33.24940      24.02539
      33.25960      24.02535
      33.26980      24.02531
      33.27990      24.02527
      33.29010      24.02523
      33.30030      24.02519
      33.31040      24.02515
      33.32060      24.02511
      33.33080      24.02507
      33.34090      24.02504
      33.35110      24.02500
      33.36130      24.02496
      33.37140      24.02492
      33.38160      24.02488
      33.39170      24.02484
      33.40190      24.02481
      33.41210      24.02477
      33.42220      24.02473
      33.43240      24.02469
      33.44260      24.02465
      33.45270      24.02461
      33.46290      24.02458
      33.47310      24.02454
      33.48320      24.02450
      33.49340      24.02446
      33.50360      24.02443
      33.51370      24.02439
      33.52390      24.02435
      33.53400      24.02431
      33.54420      24.02428
      33.55440      24.02424
      33.56450      24.02420
      33.57470      24.02417
      33.58490      24.02413
      33.59500      24.02409
      33.60520      24.02406
      33.61540      24.02402
      33.62550      24.02398
      33.63570      24.02395
      33.64590      24.02391
      33.65600      24.02388
      33.66620      24.02384
      33.67640      24.02380
      33.68650      24.02377
      33.69670      24.02373
      33.70680      24.02370
      33.71700      24.02366
      33.72720      24.02362
      33.73730      24.02359
      33.74750      24.02355
      33.75770      24.02352
      33.76780      24.02348
      33.77800      24.02345
      33.78820      24.02341
      33.79830      24.02338
      33.80850      24.02334
      33.81870      24.02331
      33.82880      24.02327
      33.83900      24.02324
      33.84910      24.02320
      33.85930      24.02317
      33.86950      24.02313
      33.87960      24.02310
      33.88980      24.02307
      33.90000      24.02303
      33.91010      24.02300
      33.92030      24.02296
      33.93050      24.02293
      33.94060      24.02290
      33.95080      24.02286
      33.96100      24.02283
      33.97110      24.02279
      33.98130      24.02276
      33.99150      24.02273
      34.00160      24.02269
      34.01180      24.02266
      34.02190      24.02263
      34.03210      24.02259
      34.04230      24.02256
      34.05240      24.02253
      34.06260      24.02249
      34.07280      24.02246
      34.08290      24.02243
      34.09310      24.02240
      34.10330      24.02236
      34.11340      24.02233
      34.12360      24.02230
      34.13380      24.02226
      34.14390      24.02223
      34.15410      24.02220
      34.16420      24.02217
      34.17440      24.02213
      34.18460      24.02210
      34.19470      24.02207
      34.20490      24.02204
      34.21510      24.02201
      34.22520      24.02197
      34.23540      24.02194
      34.24560      24.02191
      34.25570      24.02188
      34.26590      24.02185
      34.27610      24.02182
      34.28620      24.02178
      34.29640      24.02175
      34.30660      24.02172
      34.31670      24.02169
      34.32690      24.02166
      34.33700      24.02163
      34.34720      24.02160
      34.35740      24.02157
      34.36750      24.02153
      34.37770      24.02150
      34.38790      24.02147
      34.39800      24.02144
      34.40820      24.02141
      34.41840      24.02138
      34.42850      24.02135
      34.43870      24.02132
      34.44890      24.02129
      34.45900      24.02126
      34.46920      24.02123
      34.47930      24.02120
      34.48950      24.02117
      34.49970      24.02114
      34.50980      24.02111
      34.52000      24.02108
      34.53020      24.02105
      34.54030      24.02102
      34.55050      24.02099
      34.56070      24.02096
      34.57080      24.02093
      34.58100      24.02090
      34.59120      24.02087
      34.60130      24.02084
      34.61150      24.02081
      34.62170      24.02078
      34.63180      24.02075
      34.64200      24.02072
      34.65210      24.02069
      34.66230      24.02066
      34.67250      24.02064
      34.68260      24.02061
      34.69280      24.02058
      34.70300      24.02055
      34.71310      24.02052
      34.72330      24.02049
      34.73350      24.02046
      34.74360      24.02043
      34.75380      24.02040
      34.76400      24.02038
      34.77410      24.02035
      34.78430      24.02032
      34.79440      24.02029
      34.80460      24.02026
      34.81480      24.02024
      34.82490      24.02021
      34.83510      24.02018
      34.84530      24.02015
      34.85540      24.02012
      34.86560      24.02010
      34.87580      24.02007
      34.88590      24.02004
      34.89610      24.02001
      34.90630      24.01998
      34.91640      24.01996
      34.92660      24.01993
      34.93670      24.01990
      34.94690      24.01987
      34.95710      24.01985
      34.96720      24.01982
      34.97740      24.01979
      34.98760      24.01976
      34.99770      24.01974
      35.00790      24.01971
      35.01810      24.01968
      35.02820      24.01966
      35.03840      24.01963
      35.04860      24.01960
      35.05870      24.01958
      35.06890      24.01955
      35.07910      24.01952
      35.08920      24.01950
      35.09940      24.01947
      35.10950      24.01944
      35.11970      24.01941
      35.12990      24.01939
      35.14000      24.01936
      35.15020      24.01934
      35.16040      24.01931
      35.17050      24.01928
      35.18070      24.01926
      35.19090      24.01923
      35.20100      24.01921
      35.21120      24.01918
      35.22140      24.01915
      35.23150      24.01913
      35.24170      24.01910
      35.25180      24.01908
      35.26200      24.01905
      35.27220      24.01902
      35.28230      24.01900
      35.29250      24.01897
      35.30270      24.01895
      35.31280      24.01892
      35.32300      24.01890
      35.33320      24.01887
      35.34330      24.01884
      35.35350      24.01882
      35.36370      24.01880
      35.37380      24.01877
      35.38400      24.01874
      35.39420      24.01872
      35.40430      24.01869
      35.41450      24.01867
      35.42460      24.01864
      35.43480      24.01862
      35.44500      24.01859
      35.45510      24.01857
      35.46530      24.01855
      35.47550      24.01852
      35.48560      24.01850
      35.49580      24.01847
      35.50600      24.01845
      35.51610      24.01842
      35.52630      24.01840
      35.53650      24.01837
      35.54660      24.01835
      35.55680      24.01832
      35.56690      24.01830
      35.57710      24.01828
      35.58730      24.01825
      35.59740      24.01823
      35.60760      24.01820
      35.61780      24.01818
      35.62790      24.01816
      35.63810      24.01813
      35.64830      24.01811
      35.65840      24.01808
      35.66860      24.01806
      35.67880      24.01804
      35.68890      24.01801
      35.69910      24.01799
      35.70930      24.01797
      35.71940      24.01794
      35.72960      24.01792
      35.73970      24.01789
      35.74990      24.01787
      35.76010      24.01785
      35.77020      24.01782
      35.78040      24.01780
      35.79060      24.01778
      35.80070      24.01776
      35.81090      24.01773
      35.82110      24.01771
      35.83120      24.01768
      35.84140      24.01766
      35.85160      24.01764
      35.86170      24.01762
      35.87190      24.01759
      35.88200      24.01757
      35.89220      24.01755
      35.90240      24.01752
      35.91250      24.01750
      35.92270      24.01748
      35.93290      24.01746
      35.94300      24.01744
      35.95320      24.01741
      35.96340      24.01739
      35.97350      24.01737
      35.98370      24.01735
      35.99390      24.01732
