! TITLE: Yobs                                                                                                                                                                                                                                                            
! Peak:  4
       6.00860      24.00000
       6.01870      24.00000
       6.02890      24.00000
       6.03910      24.00000
       6.04920      24.00000
       6.05940      24.00000
       6.06960      24.00000
       6.07970      24.00000
       6.08990      24.00000
       6.10010      24.00000
       6.11020      24.00000
       6.12040      24.00000
       6.13060      24.00000
       6.14070      24.00000
       6.15090      24.00000
       6.16110      24.00000
       6.17120      24.00000
       6.18140      24.00000
       6.19150      24.00000
       6.20170      24.00000
       6.21190      24.00000
       6.22200      24.00000
       6.23220      24.00000
       6.24240      24.00000
       6.25250      24.00000
       6.26270      24.00000
       6.27290      24.00000
       6.28300      24.00000
       6.29320      24.00000
       6.30340      24.00000
       6.31350      24.00000
       6.32370      24.00000
       6.33380      24.00000
       6.34400      24.00000
       6.35420      24.00000
       6.36430      24.00000
       6.37450      24.00000
       6.38470      24.00000
       6.39480      24.00000
       6.40500      24.00000
       6.41520      24.00000
       6.42530      24.00000
       6.43550      24.00000
       6.44570      24.00000
       6.45580      24.00000
       6.46600      24.00000
       6.47620      24.00000
       6.48630      24.00000
       6.49650      24.00000
       6.50660      24.00000
       6.51680      24.00000
       6.52700      24.00000
       6.53710      24.00000
       6.54730      24.00000
       6.55750      24.00000
       6.56760      24.00000
       6.57780      24.00000
       6.58800      24.00000
       6.59810      24.00000
       6.60830      24.00000
       6.61850      24.00000
       6.62860      24.00000
       6.63880      24.00000
       6.64890      24.00000
       6.65910      24.00000
       6.66930      24.00000
       6.67940      24.00000
       6.68960      24.00000
       6.69980      24.00000
       6.70990      24.00000
       6.72010      24.00000
       6.73030      24.00000
       6.74040      24.00000
       6.75060      24.00000
       6.76080      24.00000
       6.77090      24.00000
       6.78110      24.00000
       6.79130      24.00000
       6.80140      24.00000
       6.81160      24.00000
       6.82170      24.00000
       6.83190      24.00000
       6.84210      24.00000
       6.85220      24.00000
       6.86240      24.00000
       6.87260      24.00000
       6.88270      24.00000
       6.89290      24.00000
       6.90310      24.00000
       6.91320      24.00000
       6.92340      24.00000
       6.93360      24.00000
       6.94370      24.00000
       6.95390      24.00000
       6.96400      24.00000
       6.97420      24.00000
       6.98440      24.00000
       6.99450      24.00000
       7.00470      24.00000
       7.01490      24.00000
       7.02500      24.00000
       7.03520      24.00000
       7.04540      24.00000
       7.05550      24.00000
       7.06570      24.00000
       7.07590      24.00000
       7.08600      24.00000
       7.09620      24.00000
       7.10640      24.00000
       7.11650      24.00000
       7.12670      24.00000
       7.13680      24.00000
       7.14700      24.00000
       7.15720      24.00000
       7.16730      24.00000
       7.17750      24.00000
       7.18770      24.00000
       7.19780      24.00000
       7.20800      24.00000
       7.21820      24.00000
       7.22830      24.00000
       7.23850      24.00000
       7.24870      24.00000
       7.25880      24.00000
       7.26900      24.00000
       7.27910      24.00000
       7.28930      24.00000
       7.29950      24.00000
       7.30960      24.00000
       7.31980      24.00000
       7.33000      24.00000
       7.34010      24.00000
       7.35030      24.00000
       7.36050      24.00000
       7.37060      24.00000
       7.38080      24.00000
       7.39100      24.00000
       7.40110      24.00000
       7.41130      24.00000
       7.42150      24.00000
       7.43160      24.00000
       7.44180      24.00000
       7.45190      24.00000
       7.46210      24.00000
       7.47230      24.00000
       7.48240      24.00000
       7.49260      24.00000
       7.50280      24.00000
       7.51290      24.00000
       7.52310      24.00000
       7.53330      24.00000
       7.54340      24.00000
       7.55360      24.00000
       7.56380      24.00000
       7.57390      24.00000
       7.58410      24.00000
       7.59420      24.00000
       7.60440      24.00000
       7.61460      24.00000
       7.62470      24.00000
       7.63490      24.00000
       7.64510      24.00000
       7.65520      24.00000
       7.66540      24.00000
       7.67560      24.00000
       7.68570      24.00000
       7.69590      24.00000
       7.70610      24.00000
       7.71620      24.00000
       7.72640      24.00000
       7.73650      24.00000
       7.74670      24.00000
       7.75690      24.00000
       7.76700      24.00000
       7.77720      24.00000
       7.78740      24.00000
       7.79750      24.00000
       7.80770      24.00000
       7.81790      24.00000
       7.82800      24.00000
       7.83820      24.00000
       7.84840      24.00000
       7.85850      24.00000
       7.86870      24.00000
       7.87890      24.00000
       7.88900      24.00000
       7.89920      24.00000
       7.90930      24.00000
       7.91950      24.00000
       7.92970      24.00000
       7.93980      24.00000
       7.95000      24.00000
       7.96020      24.00000
       7.97030      24.00000
       7.98050      24.00000
       7.99070      24.00000
       8.00080      24.00000
       8.01100      24.00000
       8.02120      24.00000
       8.03130      24.00000
       8.04150      24.00000
       8.05160      24.00000
       8.06180      24.00000
       8.07200      24.00000
       8.08210      24.00000
       8.09230      24.00000
       8.10250      24.00000
       8.11260      24.00000
       8.12280      24.00000
       8.13300      24.00000
       8.14310      24.00000
       8.15330      24.00000
       8.16350      24.00000
       8.17360      24.00000
       8.18380      24.00000
       8.19400      24.00000
       8.20410      24.00000
       8.21430      24.00000
       8.22440      24.00000
       8.23460      24.00000
       8.24480      24.00000
       8.25490      24.00000
       8.26510      24.00000
       8.27530      24.00000
       8.28540      24.00000
       8.29560      24.00000
       8.30580      24.00000
       8.31590      24.00000
       8.32610      24.00000
       8.33630      24.00000
       8.34640      24.00000
       8.35660      24.00000
       8.36670      24.00000
       8.37690      24.00000
       8.38710      24.00000
       8.39720      24.00000
       8.40740      24.00000
       8.41760      24.00000
       8.42770      24.00000
       8.43790      24.00000
       8.44810      24.00000
       8.45820      24.00000
       8.46840      24.00000
       8.47860      24.00000
       8.48870      24.00000
       8.49890      24.00000
       8.50910      24.00000
       8.51920      24.00000
       8.52940      24.00000
       8.53950      24.00000
       8.54970      24.00000
       8.55990      24.00000
       8.57000      24.00000
       8.58020      24.00000
       8.59040      24.00000
       8.60050      24.00000
       8.61070      24.00000
       8.62090      24.00000
       8.63100      24.00000
       8.64120      24.00000
       8.65140      24.00000
       8.66150      24.00000
       8.67170      24.00000
       8.68180      24.00000
       8.69200      24.00000
       8.70220      24.00000
       8.71230      24.00000
       8.72250      24.00000
       8.73270      24.00000
       8.74280      24.00000
       8.75300      24.00000
       8.76320      24.00000
       8.77330      24.00000
       8.78350      24.00000
       8.79370      24.00000
       8.80380      24.00000
       8.81400      24.00000
       8.82420      24.00000
       8.83430      24.00000
       8.84450      24.00000
       8.85460      24.00000
       8.86480      24.00000
       8.87500      24.00000
       8.88510      24.00000
       8.89530      24.00000
       8.90550      24.00000
       8.91560      24.00000
       8.92580      24.00000
       8.93600      24.00000
       8.94610      24.00000
       8.95630      24.00000
       8.96650      24.00000
       8.97660      24.00000
       8.98680      24.00000
       8.99690      24.00000
       9.00710      24.00000
       9.01730      24.00000
       9.02740      24.00000
       9.03760      24.00000
       9.04780      24.00000
       9.05790      24.00000
       9.06810      24.00000
       9.07830      24.00000
       9.08840      24.00000
       9.09860      24.00000
       9.10880      24.00000
       9.11890      24.00000
       9.12910      24.00000
       9.13930      24.00000
       9.14940      24.00000
       9.15960      24.00000
       9.16970      24.00000
       9.17990      24.00000
       9.19010      24.00000
       9.20020      24.00000
       9.21040      24.00000
       9.22060      24.00000
       9.23070      24.00000
       9.24090      24.00000
       9.25110      24.00000
       9.26120      24.00000
       9.27140      24.00000
       9.28160      24.00000
       9.29170      24.00000
       9.30190      24.00000
       9.31200      24.00000
       9.32220      24.00000
       9.33240      24.00000
       9.34250      24.00000
       9.35270      24.00000
       9.36290      24.00000
       9.37300      24.00000
       9.38320      24.00000
       9.39340      24.00000
       9.40350      24.00000
       9.41370      24.00000
       9.42390      24.00000
       9.43400      24.00000
       9.44420      24.00000
       9.45440      24.00000
       9.46450      24.00000
       9.47470      24.00000
       9.48480      24.00000
       9.49500      24.00000
       9.50520      24.00000
       9.51530      24.00000
       9.52550      24.00000
       9.53570      24.00000
       9.54580      24.00000
       9.55600      24.00000
       9.56620      24.00000
       9.57630      24.00000
       9.58650      24.00000
       9.59670      24.00000
       9.60680      24.00000
       9.61700      24.00000
       9.62710      24.00000
       9.63730      24.00000
       9.64750      24.00000
       9.65760      24.00000
       9.66780      24.00000
       9.67800      24.00000
       9.68810      24.00000
       9.69830      24.00000
       9.70850      24.00000
       9.71860      24.00000
       9.72880      24.00000
       9.73900      24.00000
       9.74910      24.00000
       9.75930      24.00000
       9.76940      24.01303
       9.77960      24.01305
       9.78980      24.01306
       9.79990      24.01308
       9.81010      24.01309
       9.82030      24.01311
       9.83040      24.01312
       9.84060      24.01313
       9.85080      24.01315
       9.86090      24.01316
       9.87110      24.01318
       9.88130      24.01319
       9.89140      24.01321
       9.90160      24.01322
       9.91180      24.01324
       9.92190      24.01325
       9.93210      24.01327
       9.94220      24.01328
       9.95240      24.01330
       9.96260      24.01331
       9.97270      24.01332
       9.98290      24.01334
       9.99310      24.01336
      10.00320      24.01337
      10.01340      24.01338
      10.02360      24.01340
      10.03370      24.01341
      10.04390      24.01343
      10.05410      24.01344
      10.06420      24.01346
      10.07440      24.01347
      10.08450      24.01349
      10.09470      24.01350
      10.10490      24.01352
      10.11500      24.01353
      10.12520      24.01355
      10.13540      24.01357
      10.14550      24.01358
      10.15570      24.01360
      10.16590      24.01361
      10.17600      24.01363
      10.18620      24.01364
      10.19640      24.01366
      10.20650      24.01367
      10.21670      24.01369
      10.22690      24.01370
      10.23700      24.01372
      10.24720      24.01373
      10.25730      24.01375
      10.26750      24.01377
      10.27770      24.01378
      10.28780      24.01380
      10.29800      24.01381
      10.30820      24.01383
      10.31830      24.01384
      10.32850      24.01386
      10.33870      24.01387
      10.34880      24.01389
      10.35900      24.01390
      10.36920      24.01392
      10.37930      24.01394
      10.38950      24.01395
      10.39960      24.01397
      10.40980      24.01398
      10.42000      24.01400
      10.43010      24.01402
      10.44030      24.01403
      10.45050      24.01405
      10.46060      24.01406
      10.47080      24.01408
      10.48100      24.01410
      10.49110      24.01411
      10.50130      24.01413
      10.51150      24.01414
      10.52160      24.01416
      10.53180      24.01418
      10.54200      24.01419
      10.55210      24.01421
      10.56230      24.01423
      10.57240      24.01424
      10.58260      24.01426
      10.59280      24.01427
      10.60290      24.01429
      10.61310      24.01431
      10.62330      24.01432
      10.63340      24.01434
      10.64360      24.01436
      10.65380      24.01437
      10.66390      24.01439
      10.67410      24.01441
      10.68430      24.01442
      10.69440      24.01444
      10.70460      24.01446
      10.71470      24.01447
      10.72490      24.01449
      10.73510      24.01451
      10.74520      24.01452
      10.75540      24.01454
      10.76560      24.01456
      10.77570      24.01458
      10.78590      24.01459
      10.79610      24.01461
      10.80620      24.01463
      10.81640      24.01464
      10.82660      24.01466
      10.83670      24.01468
      10.84690      24.01469
      10.85710      24.01471
      10.86720      24.01473
      10.87740      24.01475
      10.88750      24.01476
      10.89770      24.01478
      10.90790      24.01480
      10.91800      24.01481
      10.92820      24.01483
      10.93840      24.01485
      10.94850      24.01487
      10.95870      24.01488
      10.96890      24.01490
      10.97900      24.01492
      10.98920      24.01494
      10.99940      24.01496
      11.00950      24.01497
      11.01970      24.01499
      11.02980      24.01501
      11.04000      24.01502
      11.05020      24.01504
      11.06030      24.01506
      11.07050      24.01508
      11.08070      24.01510
      11.09080      24.01511
      11.10100      24.01513
      11.11120      24.01515
      11.12130      24.01517
      11.13150      24.01519
      11.14170      24.01520
      11.15180      24.01522
      11.16200      24.01524
      11.17220      24.01526
      11.18230      24.01528
      11.19250      24.01530
      11.20260      24.01531
      11.21280      24.01533
      11.22300      24.01535
      11.23310      24.01537
      11.24330      24.01539
      11.25350      24.01540
      11.26360      24.01542
      11.27380      24.01544
      11.28400      24.01546
      11.29410      24.01548
      11.30430      24.01550
      11.31450      24.01551
      11.32460      24.01553
      11.33480      24.01555
      11.34490      24.01557
      11.35510      24.01559
      11.36530      24.01561
      11.37540      24.01563
      11.38560      24.01565
      11.39580      24.01567
      11.40590      24.01568
      11.41610      24.01570
      11.42630      24.01572
      11.43640      24.01574
      11.44660      24.01576
      11.45680      24.01578
      11.46690      24.01580
      11.47710      24.01582
      11.48730      24.01584
      11.49740      24.01586
      11.50760      24.01587
      11.51770      24.01589
      11.52790      24.01591
      11.53810      24.01593
      11.54820      24.01595
      11.55840      24.01597
      11.56860      24.01599
      11.57870      24.01601
      11.58890      24.01603
      11.59910      24.01605
      11.60920      24.01607
      11.61940      24.01609
      11.62960      24.01611
      11.63970      24.01613
      11.64990      24.01615
      11.66000      24.01617
      11.67020      24.01619
      11.68040      24.01621
      11.69050      24.01623
      11.70070      24.01624
      11.71090      24.01627
      11.72100      24.01628
      11.73120      24.01631
      11.74140      24.01632
      11.75150      24.01635
      11.76170      24.01637
      11.77190      24.01639
      11.78200      24.01641
      11.79220      24.01643
      11.80230      24.01645
      11.81250      24.01647
      11.82270      24.01649
      11.83280      24.01651
      11.84300      24.01653
      11.85320      24.01655
      11.86330      24.01657
      11.87350      24.01659
      11.88370      24.01661
      11.89380      24.01663
      11.90400      24.01665
      11.91420      24.01667
      11.92430      24.01669
      11.93450      24.01671
      11.94470      24.01674
      11.95480      24.01676
      11.96500      24.01678
      11.97510      24.01680
      11.98530      24.01682
      11.99550      24.01684
      12.00560      24.01686
      12.01580      24.01688
      12.02600      24.01690
      12.03610      24.01692
      12.04630      24.01694
      12.05650      24.01697
      12.06660      24.01699
      12.07680      24.01701
      12.08700      24.01703
      12.09710      24.01705
      12.10730      24.01707
      12.11740      24.01709
      12.12760      24.01711
      12.13780      24.01714
      12.14790      24.01716
      12.15810      24.01718
      12.16830      24.01720
      12.17840      24.01722
      12.18860      24.01725
      12.19880      24.01727
      12.20890      24.01729
      12.21910      24.01731
      12.22930      24.01733
      12.23940      24.01735
      12.24960      24.01738
      12.25980      24.01740
      12.26990      24.01742
      12.28010      24.01744
      12.29020      24.01747
      12.30040      24.01749
      12.31060      24.01751
      12.32070      24.01753
      12.33090      24.01755
      12.34110      24.01758
      12.35120      24.01760
      12.36140      24.01762
      12.37160      24.01764
      12.38170      24.01767
      12.39190      24.01769
      12.40210      24.01771
      12.41220      24.01773
      12.42240      24.01776
      12.43250      24.01778
      12.44270      24.01780
      12.45290      24.01783
      12.46300      24.01785
      12.47320      24.01787
      12.48340      24.01789
      12.49350      24.01792
      12.50370      24.01794
      12.51390      24.01796
      12.52400      24.01799
      12.53420      24.01801
      12.54440      24.01803
      12.55450      24.01806
      12.56470      24.01808
      12.57490      24.01810
      12.58500      24.01813
      12.59520      24.01815
      12.60530      24.01817
      12.61550      24.01820
      12.62570      24.01822
      12.63580      24.01824
      12.64600      24.01827
      12.65620      24.01829
      12.66630      24.01832
      12.67650      24.01834
      12.68670      24.01836
      12.69680      24.01839
      12.70700      24.01841
      12.71720      24.01844
      12.72730      24.01846
      12.73750      24.01848
      12.74760      24.01851
      12.75780      24.01853
      12.76800      24.01856
      12.77810      24.01858
      12.78830      24.01861
      12.79850      24.01863
      12.80860      24.01865
      12.81880      24.01868
      12.82900      24.01870
      12.83910      24.01873
      12.84930      24.01875
      12.85950      24.01878
      12.86960      24.01880
      12.87980      24.01883
      12.89000      24.01885
      12.90010      24.01888
      12.91030      24.01890
      12.92040      24.01893
      12.93060      24.01895
      12.94080      24.01898
      12.95090      24.01900
      12.96110      24.01903
      12.97130      24.01905
      12.98140      24.01908
      12.99160      24.01910
      13.00180      24.01913
      13.01190      24.01915
      13.02210      24.01918
      13.03230      24.01921
      13.04240      24.01923
      13.05260      24.01926
      13.06270      24.01928
      13.07290      24.01931
      13.08310      24.01933
      13.09320      24.01936
      13.10340      24.01938
      13.11360      24.01941
      13.12370      24.01944
      13.13390      24.01946
      13.14410      24.01949
      13.15420      24.01952
      13.16440      24.01954
      13.17460      24.01957
      13.18470      24.01959
      13.19490      24.01962
      13.20510      24.01965
      13.21520      24.01967
      13.22540      24.01970
      13.23550      24.01973
      13.24570      24.01975
      13.25590      24.01978
      13.26600      24.01981
      13.27620      24.01983
      13.28640      24.01986
      13.29650      24.01989
      13.30670      24.01991
      13.31690      24.01994
      13.32700      24.01997
      13.33720      24.02000
      13.34740      24.02002
      13.35750      24.02005
      13.36770      24.02008
      13.37780      24.02011
      13.38800      24.02013
      13.39820      24.02016
      13.40830      24.02019
      13.41850      24.02022
      13.42870      24.02024
      13.43880      24.02027
      13.44900      24.02030
      13.45920      24.02033
      13.46930      24.02035
      13.47950      24.02038
      13.48970      24.02041
      13.49980      24.02044
      13.51000      24.02047
      13.52010      24.02049
      13.53030      24.02052
      13.54050      24.02055
      13.55060      24.02058
      13.56080      24.02061
      13.57100      24.02064
      13.58110      24.02066
      13.59130      24.02069
      13.60150      24.02072
      13.61160      24.02075
      13.62180      24.02078
      13.63200      24.02081
      13.64210      24.02084
      13.65230      24.02087
      13.66250      24.02090
      13.67260      24.02092
      13.68280      24.02095
      13.69290      24.02098
      13.70310      24.02101
      13.71330      24.02104
      13.72340      24.02107
      13.73360      24.02110
      13.74380      24.02113
      13.75390      24.02116
      13.76410      24.02119
      13.77430      24.02122
      13.78440      24.02125
      13.79460      24.02128
      13.80480      24.02131
      13.81490      24.02134
      13.82510      24.02137
      13.83520      24.02140
      13.84540      24.02143
      13.85560      24.02146
      13.86570      24.02149
      13.87590      24.02152
      13.88610      24.02155
      13.89620      24.02158
      13.90640      24.02161
      13.91660      24.02164
      13.92670      24.02167
      13.93690      24.02170
      13.94710      24.02173
      13.95720      24.02176
      13.96740      24.02179
      13.97760      24.02183
      13.98770      24.02186
      13.99790      24.02189
      14.00800      24.02192
      14.01820      24.02195
      14.02840      24.02198
      14.03850      24.02201
      14.04870      24.02204
      14.05890      24.02208
      14.06900      24.02211
      14.07920      24.02214
      14.08940      24.02217
      14.09950      24.02220
      14.10970      24.02223
      14.11990      24.02227
      14.13000      24.02230
      14.14020      24.02233
      14.15030      24.02236
      14.16050      24.02239
      14.17070      24.02243
      14.18080      24.02246
      14.19100      24.02249
      14.20120      24.02252
      14.21130      24.02256
      14.22150      24.02259
      14.23170      24.02262
      14.24180      24.02265
      14.25200      24.02269
      14.26220      24.02272
      14.27230      24.02275
      14.28250      24.02279
      14.29270      24.02282
      14.30280      24.02285
      14.31300      24.02288
      14.32310      24.02292
      14.33330      24.02295
      14.34350      24.02299
      14.35360      24.02302
      14.36380      24.02305
      14.37400      24.02309
      14.38410      24.02312
      14.39430      24.02315
      14.40450      24.02319
      14.41460      24.02322
      14.42480      24.02325
      14.43500      24.02329
      14.44510      24.02332
      14.45530      24.02336
      14.46540      24.02339
      14.47560      24.02343
      14.48580      24.02346
      14.49590      24.02349
      14.50610      24.02353
      14.51630      24.02357
      14.52640      24.02360
      14.53660      24.02363
      14.54680      24.02367
      14.55690      24.02370
      14.56710      24.02374
      14.57730      24.02378
      14.58740      24.02381
      14.59760      24.02385
      14.60780      24.02388
      14.61790      24.02392
      14.62810      24.02395
      14.63820      24.02399
      14.64840      24.02402
      14.65860      24.02406
      14.66870      24.02410
      14.67890      24.02413
      14.68910      24.02417
      14.69920      24.02420
      14.70940      24.02424
      14.71960      24.02428
      14.72970      24.02431
      14.73990      24.02435
      14.75010      24.02439
      14.76020      24.02442
      14.77040      24.02446
      14.78050      24.02450
      14.79070      24.02453
      14.80090      24.02457
      14.81100      24.02461
      14.82120      24.02464
      14.83140      24.02468
      14.84150      24.02472
      14.85170      24.02476
      14.86190      24.02479
      14.87200      24.02483
      14.88220      24.02487
      14.89240      24.02491
      14.90250      24.02494
      14.91270      24.02498
      14.92290      24.02502
      14.93300      24.02506
      14.94320      24.02509
      14.95330      24.02513
      14.96350      24.02517
      14.97370      24.02521
      14.98380      24.02525
      14.99400      24.02529
      15.00420      24.02533
      15.01430      24.02537
      15.02450      24.02540
      15.03470      24.02544
      15.04480      24.02548
      15.05500      24.02552
      15.06520      24.02556
      15.07530      24.02560
      15.08550      24.02564
      15.09560      24.02568
      15.10580      24.02572
      15.11600      24.02576
      15.12610      24.02580
      15.13630      24.02584
      15.14650      24.02588
      15.15660      24.02592
      15.16680      24.02596
      15.17700      24.02600
      15.18710      24.02604
      15.19730      24.02608
      15.20750      24.02612
      15.21760      24.02616
      15.22780      24.02620
      15.23800      24.02624
      15.24810      24.02628
      15.25830      24.02632
      15.26840      24.02636
      15.27860      24.02641
      15.28880      24.02645
      15.29890      24.02649
      15.30910      24.02653
      15.31930      24.02657
      15.32940      24.02661
      15.33960      24.02666
      15.34980      24.02670
      15.35990      24.02674
      15.37010      24.02678
      15.38030      24.02682
      15.39040      24.02687
      15.40060      24.02691
      15.41070      24.02695
      15.42090      24.02699
      15.43110      24.02703
      15.44120      24.02708
      15.45140      24.02712
      15.46160      24.02716
      15.47170      24.02721
      15.48190      24.02725
      15.49210      24.02729
      15.50220      24.02734
      15.51240      24.02738
      15.52260      24.02742
      15.53270      24.02747
      15.54290      24.02751
      15.55300      24.02755
      15.56320      24.02760
      15.57340      24.02764
      15.58350      24.02769
      15.59370      24.02773
      15.60390      24.02778
      15.61400      24.02782
      15.62420      24.02786
      15.63440      24.02791
      15.64450      24.02795
      15.65470      24.02800
      15.66490      24.02805
      15.67500      24.02809
      15.68520      24.02814
      15.69540      24.02818
      15.70550      24.02822
      15.71570      24.02827
      15.72580      24.02832
      15.73600      24.02836
      15.74620      24.02841
      15.75630      24.02846
      15.76650      24.02850
      15.77670      24.02855
      15.78680      24.02859
      15.79700      24.02864
      15.80720      24.02869
      15.81730      24.02873
      15.82750      24.02878
      15.83770      24.02883
      15.84780      24.02888
      15.85800      24.02892
      15.86810      24.02897
      15.87830      24.02902
      15.88850      24.02906
      15.89860      24.02911
      15.90880      24.02916
      15.91900      24.02921
      15.92910      24.02925
      15.93930      24.02930
      15.94950      24.02935
      15.95960      24.02940
      15.96980      24.02945
      15.98000      24.02950
      15.99010      24.02955
      16.00030      24.02959
      16.01050      24.02964
      16.02060      24.02969
      16.03080      24.02974
      16.04090      24.02979
      16.05110      24.02984
      16.06130      24.02989
      16.07140      24.02994
      16.08160      24.02999
      16.09180      24.03004
      16.10190      24.03009
      16.11210      24.03014
      16.12230      24.03019
      16.13240      24.03024
      16.14260      24.03029
      16.15280      24.03034
      16.16290      24.03039
      16.17310      24.03045
      16.18320      24.03049
      16.19340      24.03055
      16.20360      24.03060
      16.21370      24.03065
      16.22390      24.03070
      16.23410      24.03075
      16.24420      24.03080
      16.25440      24.03086
      16.26460      24.03091
      16.27470      24.03096
      16.28490      24.03101
      16.29510      24.03107
      16.30520      24.03112
      16.31540      24.03117
      16.32560      24.03123
      16.33570      24.03128
      16.34590      24.03133
      16.35600      24.03138
      16.36620      24.03144
      16.37640      24.03149
      16.38650      24.03154
      16.39670      24.03160
      16.40690      24.03165
      16.41700      24.03171
      16.42720      24.03176
      16.43740      24.03182
      16.44750      24.03187
      16.45770      24.03193
      16.46790      24.03198
      16.47800      24.03203
      16.48820      24.03209
      16.49830      24.03214
      16.50850      24.03220
      16.51870      24.03226
      16.52880      24.03231
      16.53900      24.03237
      16.54920      24.03242
      16.55930      24.03248
      16.56950      24.03254
      16.57970      24.03259
      16.58980      24.03265
      16.60000      24.03271
      16.61020      24.03276
      16.62030      24.03282
      16.63050      24.03288
      16.64070      24.03293
      16.65080      24.03299
      16.66100      24.03305
      16.67110      24.03311
      16.68130      24.03316
      16.69150      24.03322
      16.70160      24.03328
      16.71180      24.03334
      16.72200      24.03340
      16.73210      24.03346
      16.74230      24.03352
      16.75250      24.03358
      16.76260      24.03363
      16.77280      24.03369
      16.78300      24.03375
      16.79310      24.03381
      16.80330      24.03387
      16.81340      24.03393
      16.82360      24.03399
      16.83380      24.03405
      16.84390      24.03411
      16.85410      24.03417
      16.86430      24.03424
      16.87440      24.03430
      16.88460      24.03436
      16.89480      24.03442
      16.90490      24.03448
      16.91510      24.03454
      16.92530      24.03460
      16.93540      24.03466
      16.94560      24.03473
      16.95580      24.03479
      16.96590      24.03485
      16.97610      24.03491
      16.98620      24.03498
      16.99640      24.03504
      17.00660      24.03510
      17.01670      24.03517
      17.02690      24.03523
      17.03710      24.03529
      17.04720      24.03536
      17.05740      24.03542
      17.06760      24.03548
      17.07770      24.03555
      17.08790      24.03561
      17.09810      24.03568
      17.10820      24.03574
      17.11840      24.03581
      17.12850      24.03587
      17.13870      24.03594
      17.14890      24.03600
      17.15900      24.03607
      17.16920      24.03613
      17.17940      24.03620
      17.18950      24.03627
      17.19970      24.03633
      17.20990      24.03640
      17.22000      24.03647
      17.23020      24.03653
      17.24040      24.03660
      17.25050      24.03667
      17.26070      24.03674
      17.27090      24.03680
      17.28100      24.03687
      17.29120      24.03694
      17.30130      24.03701
      17.31150      24.03708
      17.32170      24.03715
      17.33180      24.03721
      17.34200      24.03728
      17.35220      24.03735
      17.36230      24.03742
      17.37250      24.03749
      17.38270      24.03756
      17.39280      24.03763
      17.40300      24.03770
      17.41320      24.03777
      17.42330      24.03784
      17.43350      24.03791
      17.44360      24.03798
      17.45380      24.03806
      17.46400      24.03813
      17.47410      24.03820
      17.48430      24.03827
      17.49450      24.03834
      17.50460      24.03841
      17.51480      24.03849
      17.52500      24.03856
      17.53510      24.03863
      17.54530      24.03871
      17.55550      24.03878
      17.56560      24.03885
      17.57580      24.03893
      17.58590      24.03900
      17.59610      24.03907
      17.60630      24.03915
      17.61640      24.03922
      17.62660      24.03930
      17.63680      24.03937
      17.64690      24.03945
      17.65710      24.03952
      17.66730      24.03960
      17.67740      24.03967
      17.68760      24.03975
      17.69780      24.03983
      17.70790      24.03990
      17.71810      24.03998
      17.72830      24.04006
      17.73840      24.04013
      17.74860      24.04021
      17.75870      24.04029
      17.76890      24.04037
      17.77910      24.04044
      17.78920      24.04052
      17.79940      24.04060
      17.80960      24.04068
      17.81970      24.04076
      17.82990      24.04084
      17.84010      24.04092
      17.85020      24.04099
      17.86040      24.04107
      17.87060      24.04115
      17.88070      24.04123
      17.89090      24.04132
      17.90100      24.04140
      17.91120      24.04148
      17.92140      24.04156
      17.93150      24.04164
      17.94170      24.04172
      17.95190      24.04180
      17.96200      24.04189
      17.97220      24.04197
      17.98240      24.04205
      17.99250      24.04213
      18.00270      24.04222
      18.01290      24.04230
      18.02300      24.04238
      18.03320      24.04247
      18.04340      24.04255
      18.05350      24.04264
      18.06370      24.04272
      18.07380      24.04280
      18.08400      24.04289
      18.09420      24.04298
      18.10430      24.04306
      18.11450      24.04315
      18.12470      24.04323
      18.13480      24.04332
      18.14500      24.04341
      18.15520      24.04350
      18.16530      24.04358
      18.17550      24.04367
      18.18570      24.04376
      18.19580      24.04384
      18.20600      24.04393
      18.21610      24.04402
      18.22630      24.04411
      18.23650      24.04420
      18.24660      24.04429
      18.25680      24.04438
      18.26700      24.04447
      18.27710      24.04456
      18.28730      24.04465
      18.29750      24.04474
      18.30760      24.04483
      18.31780      24.04492
      18.32800      24.04501
      18.33810      24.04510
      18.34830      24.04520
      18.35850      24.04529
      18.36860      24.04538
      18.37880      24.04548
      18.38890      24.04557
      18.39910      24.04566
      18.40930      24.04576
      18.41940      24.04585
      18.42960      24.04594
      18.43980      24.04604
      18.44990      24.04613
      18.46010      24.04623
      18.47030      24.04632
      18.48040      24.04642
      18.49060      24.04652
      18.50080      24.04661
      18.51090      24.04671
      18.52110      24.04681
      18.53120      24.04690
      18.54140      24.04700
      18.55160      24.04710
      18.56170      24.04720
      18.57190      24.04730
      18.58210      24.04740
      18.59220      24.04749
      18.60240      24.04759
      18.61260      24.04769
      18.62270      24.04779
      18.63290      24.04789
      18.64310      24.04799
      18.65320      24.04810
      18.66340      24.04820
      18.67360      24.04830
      18.68370      24.04840
      18.69390      24.04850
      18.70400      24.04860
      18.71420      24.04871
      18.72440      24.04881
      18.73450      24.04892
      18.74470      24.04902
      18.75490      24.04912
      18.76500      24.04923
      18.77520      24.04933
      18.78540      24.04944
      18.79550      24.04954
      18.80570      24.04965
      18.81590      24.04976
      18.82600      24.04986
      18.83620      24.04997
      18.84630      24.05008
      18.85650      24.05018
      18.86670      24.05029
      18.87680      24.05040
      18.88700      24.05051
      18.89720      24.05062
      18.90730      24.05073
      18.91750      24.05084
      18.92770      24.05095
      18.93780      24.05106
      18.94800      24.05117
      18.95820      24.05128
      18.96830      24.05139
      18.97850      24.05150
      18.98870      24.05162
      18.99880      24.05173
      19.00900      24.05184
      19.01910      24.05196
      19.02930      24.05207
      19.03950      24.05219
      19.04960      24.05230
      19.05980      24.05241
      19.07000      24.05253
      19.08010      24.05264
      19.09030      24.05276
      19.10050      24.05288
      19.11060      24.05299
      19.12080      24.05311
      19.13100      24.05323
      19.14110      24.05335
      19.15130      24.05346
      19.16140      24.05358
      19.17160      24.05370
      19.18180      24.05382
      19.19190      24.05394
      19.20210      24.05406
      19.21230      24.05418
      19.22240      24.05430
      19.23260      24.05443
      19.24280      24.05455
      19.25290      24.05467
      19.26310      24.05479
      19.27330      24.05492
      19.28340      24.05504
      19.29360      24.05516
      19.30380      24.05529
      19.31390      24.05541
      19.32410      24.05554
      19.33420      24.05566
      19.34440      24.05579
      19.35460      24.05592
      19.36470      24.05605
      19.37490      24.05617
      19.38510      24.05630
      19.39520      24.05643
      19.40540      24.05656
      19.41560      24.05669
      19.42570      24.05682
      19.43590      24.05695
      19.44610      24.05708
      19.45620      24.05721
      19.46640      24.05734
      19.47650      24.05747
      19.48670      24.05760
      19.49690      24.05774
      19.50700      24.05787
      19.51720      24.05800
      19.52740      24.05814
      19.53750      24.05827
      19.54770      24.05841
      19.55790      24.05854
      19.56800      24.05868
      19.57820      24.05882
      19.58840      24.05895
      19.59850      24.05909
      19.60870      24.05923
      19.61880      24.05937
      19.62900      24.05951
      19.63920      24.05965
      19.64930      24.05978
      19.65950      24.05993
      19.66970      24.06007
      19.67980      24.06021
      19.69000      24.06035
      19.70020      24.06049
      19.71030      24.06063
      19.72050      24.06078
      19.73070      24.06092
      19.74080      24.06107
      19.75100      24.06121
      19.76120      24.06136
      19.77130      24.06150
      19.78150      24.06165
      19.79160      24.06180
      19.80180      24.06194
      19.81200      24.06209
      19.82210      24.06224
      19.83230      24.06239
      19.84250      24.06254
      19.85260      24.06269
      19.86280      24.06284
      19.87300      24.06299
      19.88310      24.06314
      19.89330      24.06330
      19.90350      24.06345
      19.91360      24.06360
      19.92380      24.06376
      19.93390      24.06391
      19.94410      24.06407
      19.95430      24.06422
      19.96440      24.06438
      19.97460      24.06454
      19.98480      24.06469
      19.99490      24.06485
      20.00510      24.06501
      20.01530      24.06517
      20.02540      24.06533
      20.03560      24.06549
      20.04580      24.06565
      20.05590      24.06581
      20.06610      24.06597
      20.07630      24.06614
      20.08640      24.06630
      20.09660      24.06646
      20.10670      24.06663
      20.11690      24.06679
      20.12710      24.06696
      20.13720      24.06713
      20.14740      24.06729
      20.15760      24.06746
      20.16770      24.06763
      20.17790      24.06780
      20.18810      24.06797
      20.19820      24.06814
      20.20840      24.06831
      20.21860      24.06848
      20.22870      24.06865
      20.23890      24.06882
      20.24900      24.06900
      20.25920      24.06917
      20.26940      24.06935
      20.27950      24.06952
      20.28970      24.06970
      20.29990      24.06987
      20.31000      24.07005
      20.32020      24.07023
      20.33040      24.07041
      20.34050      24.07059
      20.35070      24.07077
      20.36090      24.07095
      20.37100      24.07113
      20.38120      24.07131
      20.39140      24.07150
      20.40150      24.07168
      20.41170      24.07186
      20.42180      24.07205
      20.43200      24.07223
      20.44220      24.07242
      20.45230      24.07261
      20.46250      24.07279
      20.47270      24.07298
      20.48280      24.07317
      20.49300      24.07336
      20.50320      24.07355
      20.51330      24.07374
      20.52350      24.07394
      20.53370      24.07413
      20.54380      24.07432
      20.55400      24.07452
      20.56410      24.07471
      20.57430      24.07491
      20.58450      24.07511
      20.59460      24.07530
      20.60480      24.07550
      20.61500      24.07570
      20.62510      24.07590
      20.63530      24.07610
      20.64550      24.07630
      20.65560      24.07650
      20.66580      24.07671
      20.67600      24.07691
      20.68610      24.07712
      20.69630      24.07732
      20.70650      24.07753
      20.71660      24.07774
      20.72680      24.07794
      20.73690      24.07815
      20.74710      24.07836
      20.75730      24.07857
      20.76740      24.07878
      20.77760      24.07900
      20.78780      24.07921
      20.79790      24.07942
      20.80810      24.07964
      20.81830      24.07985
      20.82840      24.08007
      20.83860      24.08029
      20.84880      24.08051
      20.85890      24.08072
      20.86910      24.08095
      20.87920      24.08117
      20.88940      24.08139
      20.89960      24.08161
      20.90970      24.08183
      20.91990      24.08206
      20.93010      24.08229
      20.94020      24.08251
      20.95040      24.08274
      20.96060      24.08297
      20.97070      24.08320
      20.98090      24.08343
      20.99110      24.08366
      21.00120      24.08389
      21.01140      24.08412
      21.02160      24.08436
      21.03170      24.08459
      21.04190      24.08483
      21.05200      24.08506
      21.06220      24.08530
      21.07240      24.08554
      21.08250      24.08578
      21.09270      24.08602
      21.10290      24.08627
      21.11300      24.08651
      21.12320      24.08675
      21.13340      24.08700
      21.14350      24.08724
      21.15370      24.08749
      21.16390      24.08774
      21.17400      24.08799
      21.18420      24.08824
      21.19430      24.08849
      21.20450      24.08874
      21.21470      24.08900
      21.22480      24.08925
      21.23500      24.08951
      21.24520      24.08977
      21.25530      24.09002
      21.26550      24.09028
      21.27570      24.09054
      21.28580      24.09080
      21.29600      24.09107
      21.30620      24.09133
      21.31630      24.09159
      21.32650      24.09186
      21.33660      24.09212
      21.34680      24.09239
      21.35700      24.09266
      21.36710      24.09293
      21.37730      24.09321
      21.38750      24.09348
      21.39760      24.09375
      21.40780      24.09403
      21.41800      24.09431
      21.42810      24.09458
      21.43830      24.09486
      21.44850      24.09514
      21.45860      24.09542
      21.46880      24.09571
      21.47900      24.09599
      21.48910      24.09628
      21.49930      24.09656
      21.50940      24.09685
      21.51960      24.09714
      21.52980      24.09743
      21.53990      24.09772
      21.55010      24.09801
      21.56030      24.09831
      21.57040      24.09860
      21.58060      24.09890
      21.59080      24.09920
      21.60090      24.09950
      21.61110      24.09980
      21.62130      24.10010
      21.63140      24.10040
      21.64160      24.10071
      21.65170      24.10101
      21.66190      24.10132
      21.67210      24.10163
      21.68220      24.10194
      21.69240      24.10225
      21.70260      24.10257
      21.71270      24.10288
      21.72290      24.10320
      21.73310      24.10352
      21.74320      24.10384
      21.75340      24.10416
      21.76360      24.10448
      21.77370      24.10480
      21.78390      24.10513
      21.79410      24.10546
      21.80420      24.10578
      21.81440      24.10611
      21.82450      24.10644
      21.83470      24.10678
      21.84490      24.10711
      21.85500      24.10744
      21.86520      24.10778
      21.87540      24.10812
      21.88550      24.10846
      21.89570      24.10881
      21.90590      24.10915
      21.91600      24.10950
      21.92620      24.10984
      21.93640      24.11019
      21.94650      24.11054
      21.95670      24.11090
      21.96680      24.11125
      21.97700      24.11160
      21.98720      24.11196
      21.99730      24.11232
      22.00750      24.11268
      22.01770      24.11304
      22.02780      24.11341
      22.03800      24.11377
      22.04820      24.11414
      22.05830      24.11451
      22.06850      24.11488
      22.07870      24.11526
      22.08880      24.11563
      22.09900      24.11601
      22.10920      24.11639
      22.11930      24.11676
      22.12950      24.11715
      22.13960      24.11753
      22.14980      24.11792
      22.16000      24.11831
      22.17010      24.11869
      22.18030      24.11909
      22.19050      24.11948
      22.20060      24.11987
      22.21080      24.12027
      22.22100      24.12067
      22.23110      24.12107
      22.24130      24.12148
      22.25150      24.12188
      22.26160      24.12229
      22.27180      24.12270
      22.28190      24.12311
      22.29210      24.12352
      22.30230      24.12394
      22.31240      24.12436
      22.32260      24.12478
      22.33280      24.12520
      22.34290      24.12562
      22.35310      24.12605
      22.36330      24.12648
      22.37340      24.12691
      22.38360      24.12734
      22.39380      24.12778
      22.40390      24.12821
      22.41410      24.12865
      22.42430      24.12910
      22.43440      24.12954
      22.44460      24.12999
      22.45470      24.13043
      22.46490      24.13088
      22.47510      24.13134
      22.48520      24.13179
      22.49540      24.13225
      22.50560      24.13271
      22.51570      24.13317
      22.52590      24.13364
      22.53610      24.13411
      22.54620      24.13458
      22.55640      24.13505
      22.56660      24.13553
      22.57670      24.13600
      22.58690      24.13648
      22.59700      24.13696
      22.60720      24.13745
      22.61740      24.13794
      22.62750      24.13843
      22.63770      24.13892
      22.64790      24.13942
      22.65800      24.13991
      22.66820      24.14042
      22.67840      24.14092
      22.68850      24.14142
      22.69870      24.14193
      22.70890      24.14245
      22.71900      24.14296
      22.72920      24.14348
      22.73940      24.14400
      22.74950      24.14452
      22.75970      24.14504
      22.76980      24.14557
      22.78000      24.14610
      22.79020      24.14664
      22.80030      24.14717
      22.81050      24.14771
      22.82070      24.14826
      22.83080      24.14880
      22.84100      24.14935
      22.85120      24.14991
      22.86130      24.15046
      22.87150      24.15102
      22.88170      24.15158
      22.89180      24.15214
      22.90200      24.15271
      22.91210      24.15328
      22.92230      24.15385
      22.93250      24.15443
      22.94260      24.15501
      22.95280      24.15559
      22.96300      24.15618
      22.97310      24.15677
      22.98330      24.15736
      22.99350      24.15796
      23.00360      24.15856
      23.01380      24.15916
      23.02400      24.15977
      23.03410      24.16038
      23.04430      24.16100
      23.05450      24.16162
      23.06460      24.16223
      23.07480      24.16286
      23.08490      24.16348
      23.09510      24.16412
      23.10530      24.16475
      23.11540      24.16539
      23.12560      24.16603
      23.13580      24.16668
      23.14590      24.16733
      23.15610      24.16798
      23.16630      24.16864
      23.17640      24.16930
      23.18660      24.16997
      23.19680      24.17064
      23.20690      24.17131
      23.21710      24.17199
      23.22720      24.17266
      23.23740      24.17335
      23.24760      24.17405
      23.25770      24.17473
      23.26790      24.17543
      23.27810      24.17614
      23.28820      24.17684
      23.29840      24.17755
      23.30860      24.17827
      23.31870      24.17898
      23.32890      24.17971
      23.33910      24.18044
      23.34920      24.18116
      23.35940      24.18190
      23.36950      24.18264
      23.37970      24.18339
      23.38990      24.18414
      23.40000      24.18489
      23.41020      24.18565
      23.42040      24.18641
      23.43050      24.18718
      23.44070      24.18795
      23.45090      24.18873
      23.46100      24.18951
      23.47120      24.19030
      23.48140      24.19110
      23.49150      24.19189
      23.50170      24.19269
      23.51190      24.19350
      23.52200      24.19431
      23.53220      24.19513
      23.54230      24.19595
      23.55250      24.19678
      23.56270      24.19761
      23.57280      24.19844
      23.58300      24.19929
      23.59320      24.20014
      23.60330      24.20099
      23.61350      24.20185
      23.62370      24.20272
      23.63380      24.20358
      23.64400      24.20446
      23.65420      24.20535
      23.66430      24.20623
      23.67450      24.20712
      23.68460      24.20802
      23.69480      24.20893
      23.70500      24.20984
      23.71510      24.21075
      23.72530      24.21167
      23.73550      24.21260
      23.74560      24.21353
      23.75580      24.21448
      23.76600      24.21543
      23.77610      24.21637
      23.78630      24.21733
      23.79650      24.21830
      23.80660      24.21927
      23.81680      24.22025
      23.82700      24.22124
      23.83710      24.22222
      23.84730      24.22322
      23.85740      24.22422
      23.86760      24.22524
      23.87780      24.22626
      23.88790      24.22728
      23.89810      24.22831
      23.90830      24.22935
      23.91840      24.23039
      23.92860      24.23145
      23.93880      24.23251
      23.94890      24.23357
      23.95910      24.23465
      23.96930      24.23574
      23.97940      24.23682
      23.98960      24.23792
      23.99970      24.23902
      24.00990      24.24013
      24.02010      24.24126
      24.03020      24.24238
      24.04040      24.24352
      24.05060      24.24466
      24.06070      24.24581
      24.07090      24.24697
      24.08110      24.24814
      24.09120      24.24931
      24.10140      24.25050
      24.11160      24.25169
      24.12170      24.25289
      24.13190      24.25410
      24.14210      24.25532
      24.15220      24.25654
      24.16240      24.25778
      24.17250      24.25902
      24.18270      24.26027
      24.19290      24.26154
      24.20300      24.26280
      24.21320      24.26409
      24.22340      24.26538
      24.23350      24.26667
      24.24370      24.26798
      24.25390      24.26931
      24.26400      24.27063
      24.27420      24.27197
      24.28440      24.27332
      24.29450      24.27467
      24.30470      24.27604
      24.31480      24.27741
      24.32500      24.27880
      24.33520      24.28020
      24.34530      24.28160
      24.35550      24.28303
      24.36570      24.28446
      24.37580      24.28589
      24.38600      24.28735
      24.39620      24.28881
      24.40630      24.29028
      24.41650      24.29177
      24.42670      24.29326
      24.43680      24.29476
      24.44700      24.29629
      24.45720      24.29782
      24.46730      24.29935
      24.47750      24.30091
      24.48760      24.30247
      24.49780      24.30405
      24.50800      24.30564
      24.51810      24.30723
      24.52830      24.30885
      24.53850      24.31049
      24.54860      24.31211
      24.55880      24.31377
      24.56900      24.31544
      24.57910      24.31711
      24.58930      24.31881
      24.59950      24.32052
      24.60960      24.32223
      24.61980      24.32397
      24.62990      24.32570
      24.64010      24.32747
      24.65030      24.32925
      24.66040      24.33102
      24.67060      24.33283
      24.68080      24.33466
      24.69090      24.33648
      24.70110      24.33833
      24.71130      24.34020
      24.72140      24.34206
      24.73160      24.34396
      24.74180      24.34588
      24.75190      24.34779
      24.76210      24.34974
      24.77230      24.35170
      24.78240      24.35366
      24.79260      24.35565
      24.80270      24.35765
      24.81290      24.35967
      24.82310      24.36172
      24.83320      24.36376
      24.84340      24.36584
      24.85360      24.36794
      24.86370      24.37004
      24.87390      24.37217
      24.88410      24.37432
      24.89420      24.37647
      24.90440      24.37866
      24.91460      24.38087
      24.92470      24.38307
      24.93490      24.38532
      24.94500      24.38756
      24.95520      24.38985
      24.96540      24.39215
      24.97550      24.39445
      24.98570      24.39680
      24.99590      24.39917
      25.00600      24.40153
      25.01620      24.40394
      25.02640      24.40637
      25.03650      24.40880
      25.04670      24.41127
      25.05690      24.41377
      25.06700      24.41626
      25.07720      24.41880
      25.08740      24.42137
      25.09750      24.42393
      25.10770      24.42654
      25.11780      24.42915
      25.12800      24.43181
      25.13820      24.43449
      25.14830      24.43718
      25.15850      24.43991
      25.16870      24.44267
      25.17880      24.44543
      25.18900      24.44824
      25.19920      24.45108
      25.20930      24.45391
      25.21950      24.45681
      25.22970      24.45973
      25.23980      24.46265
      25.25000      24.46562
      25.26010      24.46860
      25.27030      24.47164
      25.28050      24.47470
      25.29060      24.47777
      25.30080      24.48089
      25.31100      24.48405
      25.32110      24.48721
      25.33130      24.49043
      25.34150      24.49368
      25.35160      24.49693
      25.36180      24.50025
      25.37200      24.50360
      25.38210      24.50696
      25.39230      24.51038
      25.40240      24.51381
      25.41260      24.51730
      25.42280      24.52084
      25.43290      24.52437
      25.44310      24.52798
      25.45330      24.53163
      25.46340      24.53528
      25.47360      24.53901
      25.48380      24.54278
      25.49390      24.54655
      25.50410      24.55040
      25.51430      24.55430
      25.52440      24.55820
      25.53460      24.56219
      25.54480      24.56622
      25.55490      24.57026
      25.56510      24.57439
      25.57520      24.57853
      25.58540      24.58275
      25.59560      24.58703
      25.60570      24.59132
      25.61590      24.59571
      25.62610      24.60014
      25.63620      24.60459
      25.64640      24.60915
      25.65660      24.61376
      25.66670      24.61838
      25.67690      24.62311
      25.68710      24.62790
      25.69720      24.63272
      25.70740      24.63764
      25.71750      24.64259
      25.72770      24.64765
      25.73790      24.65278
      25.74800      24.65793
      25.75820      24.66321
      25.76840      24.66857
      25.77850      24.67395
      25.78870      24.67947
      25.79890      24.68507
      25.80900      24.69070
      25.81920      24.69648
      25.82940      24.70234
      25.83950      24.70824
      25.84970      24.71430
      25.85990      24.72045
      25.87000      24.72665
      25.88020      24.73301
      25.89030      24.73941
      25.90050      24.74599
      25.91070      24.75269
      25.92080      24.75943
      25.93100      24.76637
      25.94120      24.77343
      25.95130      24.78055
      25.96150      24.78787
      25.97170      24.79533
      25.98180      24.80286
      25.99200      24.81061
      26.00220      24.81852
      26.01230      24.82650
      26.02250      24.83472
      26.03260      24.84303
      26.04280      24.85159
      26.05300      24.86033
      26.06310      24.86917
      26.07330      24.87829
      26.08350      24.88760
      26.09360      24.89702
      26.10380      24.90675
      26.11400      24.91670
      26.12410      24.92677
      26.13430      24.93717
      26.14450      24.94781
      26.15460      24.95860
      26.16480      24.96974
      26.17500      24.98116
      26.18510      24.99273
      26.19530      25.00470
      26.20540      25.01684
      26.21560      25.02941
      26.22580      25.04228
      26.23590      25.05536
      26.24610      25.06889
      26.25630      25.08278
      26.26640      25.09687
      26.27660      25.11148
      26.28680      25.12647
      26.29690      25.14170
      26.30710      25.15748
      26.31730      25.17369
      26.32740      25.19017
      26.33760      25.20725
      26.34770      25.22463
      26.35790      25.24265
      26.36810      25.26117
      26.37820      25.28000
      26.38840      25.29955
      26.39860      25.31964
      26.40870      25.34008
      26.41890      25.36129
      26.42910      25.38310
      26.43920      25.40530
      26.44940      25.42835
      26.45960      25.45205
      26.46970      25.47617
      26.47990      25.50122
      26.49010      25.52698
      26.50020      25.55321
      26.51040      25.58044
      26.52050      25.60817
      26.53070      25.63697
      26.54090      25.66658
      26.55100      25.69674
      26.56120      25.72805
      26.57140      25.76025
      26.58150      25.79304
      26.59170      25.82708
      26.60190      25.86209
      26.61200      25.89773
      26.62220      25.93474
      26.63240      25.97279
      26.64250      26.01151
      26.65270      26.05171
      26.66280      26.09262
      26.67300      26.13508
      26.68320      26.17872
      26.69330      26.22313
      26.70350      26.26920
      26.71370      26.31653
      26.72380      26.36469
      26.73400      26.41462
      26.74420      26.46592
      26.75430      26.51808
      26.76450      26.57216
      26.77470      26.62770
      26.78480      26.68413
      26.79500      26.74263
      26.80520      26.80267
      26.81530      26.86366
      26.82550      26.92685
      26.83560      26.99102
      26.84580      27.05748
      26.85600      27.12564
      26.86610      27.19482
      26.87630      27.26644
      26.88650      27.33983
      26.89660      27.41431
      26.90680      27.49134
      26.91700      27.57027
      26.92710      27.65029
      26.93730      27.73303
      26.94750      27.81774
      26.95760      27.90358
      26.96780      27.99228
      26.97790      28.08213
      26.98810      28.17495
      26.99830      28.26986
      27.00840      28.36594
      27.01860      28.46512
      27.02880      28.56647
      27.03890      28.66902
      27.04910      28.77479
      27.05930      28.88280
      27.06940      28.99202
      27.07960      29.10456
      27.08980      29.21945
      27.09990      29.33549
      27.11010      29.45504
      27.12020      29.57573
      27.13040      29.70000
      27.14060      29.82667
      27.15070      29.95446
      27.16090      30.08594
      27.17110      30.21984
      27.18120      30.35483
      27.19140      30.49361
      27.20160      30.63481
      27.21170      30.77710
      27.22190      30.92323
      27.23210      31.07179
      27.24220      31.22137
      27.25240      31.37483
      27.26260      31.53079
      27.27270      31.68761
      27.28290      31.84844
      27.29300      32.01007
      27.30320      32.17573
      27.31340      32.34381
      27.32350      32.51257
      27.33370      32.68540
      27.34390      32.86058
      27.35400      33.03632
      27.36420      33.21613
      27.37440      33.39819
      27.38450      33.58074
      27.39470      33.76726
      27.40490      33.95601
      27.41500      34.14505
      27.42520      34.33802
      27.43530      34.53120
      27.44550      34.72826
      27.45570      34.92735
      27.46580      35.12639
      27.47600      35.32930
      27.48620      35.53405
      27.49630      35.73853
      27.50650      35.94676
      27.51670      36.15667
      27.52680      36.36607
      27.53700      36.57908
      27.54720      36.79353
      27.55730      37.00729
      27.56750      37.22442
      27.57770      37.44283
      27.58780      37.66021
      27.59800      37.88084
      27.60810      38.10029
      27.61830      38.32274
      27.62850      38.54604
      27.63860      38.76782
      27.64880      38.99242
      27.65900      39.21753
      27.66910      39.44080
      27.67930      39.66659
      27.68950      39.89256
      27.69960      40.11636
      27.70980      40.34235
      27.72000      40.56812
      27.73010      40.79145
      27.74030      41.01650
      27.75040      41.23886
      27.76060      41.46269
      27.77080      41.68573
      27.78090      41.90562
      27.79110      42.12661
      27.80130      42.34635
      27.81140      42.56253
      27.82160      42.77935
      27.83180      42.99446
      27.84190      43.20562
      27.85210      43.41688
      27.86230      43.62597
      27.87240      43.83068
      27.88260      44.03495
      27.89280      44.23651
      27.90290      44.43335
      27.91310      44.62908
      27.92320      44.81982
      27.93340      45.00904
      27.94360      45.19477
      27.95370      45.37501
      27.96390      45.55319
      27.97410      45.72731
      27.98420      45.89554
      27.99440      46.06106
      28.00460      46.22200
      28.01470      46.37666
      28.02490      46.52796
      28.03510      46.67417
      28.04520      46.81375
      28.05540      46.94933
      28.06550      47.07806
      28.07570      47.20238
      28.08590      47.32079
      28.09600      47.43211
      28.10620      47.53837
      28.11640      47.63833
      28.12650      47.73096
      28.13670      47.81799
      28.14690      47.89834
      28.15700      47.97121
      28.16720      48.03796
      28.17740      48.09774
      28.18750      48.14997
      28.19770      48.19564
      28.20790      48.23411
      28.21800      48.26507
      28.22820      48.28909
      28.23830      48.30564
      28.24850      48.31506
      28.25870      48.31712
      28.26880      48.31190
      28.27900      48.29932
      28.28920      48.27940
      28.29930      48.25248
      28.30950      48.21805
      28.31970      48.17640
      28.32980      48.12810
      28.34000      48.07226
      28.35020      48.00940
      28.36030      47.94032
      28.37050      47.86375
      28.38060      47.78131
      28.39080      47.69144
      28.40100      47.59508
      28.41110      47.49335
      28.42130      47.38440
      28.43150      47.26935
      28.44160      47.14951
      28.45180      47.02273
      28.46200      46.89025
      28.47210      46.75366
      28.48230      46.61037
      28.49250      46.46189
      28.50260      46.30994
      28.51280      46.15165
      28.52300      45.98867
      28.53310      45.82286
      28.54330      45.65108
      28.55340      45.47692
      28.56360      45.29704
      28.57380      45.11340
      28.58390      44.92793
      28.59410      44.73719
      28.60430      44.54322
      28.61440      44.34803
      28.62460      44.14804
      28.63480      43.94524
      28.64490      43.74190
      28.65510      43.53410
      28.66530      43.32403
      28.67540      43.11397
      28.68560      42.89988
      28.69570      42.68614
      28.70590      42.46864
      28.71610      42.24966
      28.72620      42.03154
      28.73640      41.81006
      28.74660      41.58758
      28.75670      41.36634
      28.76690      41.14220
      28.77710      40.91740
      28.78720      40.69429
      28.79740      40.46867
      28.80760      40.24276
      28.81770      40.01898
      28.82790      39.79296
      28.83810      39.56705
      28.84820      39.34361
      28.85840      39.11826
      28.86850      38.89559
      28.87870      38.67124
      28.88890      38.44754
      28.89900      38.22678
      28.90920      38.00467
      28.91940      37.78352
      28.92950      37.56549
      28.93970      37.34647
      28.94990      37.12859
      28.96000      36.91413
      28.97020      36.69886
      28.98040      36.48502
      28.99050      36.27476
      29.00070      36.06396
      29.01080      35.85684
      29.02100      35.64934
      29.03120      35.44359
      29.04130      35.24165
      29.05150      35.03955
      29.06170      34.83937
      29.07180      34.64310
      29.08200      34.44687
      29.09220      34.25273
      29.10230      34.06251
      29.11250      33.87259
      29.12270      33.68480
      29.13280      33.50105
      29.14300      33.31769
      29.15310      33.13839
      29.16330      32.95957
      29.17350      32.78308
      29.18360      32.61065
      29.19380      32.43885
      29.20400      32.26944
      29.21410      32.10407
      29.22430      31.93945
      29.23450      31.77726
      29.24460      31.61908
      29.25480      31.46175
      29.26500      31.30691
      29.27510      31.15597
      29.28530      31.00603
      29.29550      30.85852
      29.30560      30.71490
      29.31580      30.57229
      29.32590      30.43352
      29.33610      30.29580
      29.34630      30.16053
      29.35640      30.02900
      29.36660      29.89856
      29.37680      29.77055
      29.38690      29.64617
      29.39710      29.52293
      29.40730      29.40206
      29.41740      29.28472
      29.42760      29.16853
      29.43780      29.05469
      29.44790      28.94420
      29.45810      28.83493
      29.46820      28.72893
      29.47840      28.62413
      29.48860      28.52154
      29.49870      28.42212
      29.50890      28.32388
      29.51910      28.22777
      29.52920      28.13470
      29.53940      28.04279
      29.54960      27.95294
      29.55970      27.86599
      29.56990      27.78016
      29.58010      27.69634
      29.59020      27.61524
      29.60040      27.53525
      29.61060      27.45717
      29.62070      27.38167
      29.63090      27.30727
      29.64100      27.23536
      29.65120      27.16451
      29.66140      27.09539
      29.67150      27.02864
      29.68170      26.96290
      29.69190      26.89880
      29.70200      26.83693
      29.71220      26.77602
      29.72240      26.71666
      29.73250      26.65940
      29.74270      26.60304
      29.75290      26.54816
      29.76300      26.49522
      29.77320      26.44315
      29.78330      26.39294
      29.79350      26.34357
      29.80370      26.29552
      29.81380      26.24919
      29.82400      26.20366
      29.83420      26.15934
      29.84430      26.11665
      29.85450      26.07468
      29.86470      26.03386
      29.87480      25.99453
      29.88500      25.95589
      29.89520      25.91830
      29.90530      25.88210
      29.91550      25.84654
      29.92570      25.81197
      29.93580      25.77866
      29.94600      25.74595
      29.95610      25.71445
      29.96630      25.68351
      29.97650      25.65343
      29.98660      25.62446
      29.99680      25.59601
      30.00700      25.56834
      30.01710      25.54170
      30.02730      25.51554
      30.03750      25.49009
      30.04760      25.46559
      30.05780      25.44152
      30.06800      25.41811
      30.07810      25.39557
      30.08830      25.37342
      30.09840      25.35208
      30.10860      25.33111
      30.11880      25.31072
      30.12890      25.29106
      30.13910      25.27175
      30.14930      25.25295
      30.15940      25.23483
      30.16960      25.21701
      30.17980      25.19967
      30.18990      25.18295
      30.20010      25.16650
      30.21030      25.15047
      30.22040      25.13502
      30.23060      25.11981
      30.24080      25.10499
      30.25090      25.09069
      30.26110      25.07661
      30.27120      25.06302
      30.28140      25.04963
      30.29160      25.03657
      30.30170      25.02395
      30.31190      25.01152
      30.32210      24.99939
      30.33220      24.98766
      30.34240      24.97610
      30.35260      24.96480
      30.36270      24.95387
      30.37290      24.94309
      30.38310      24.93256
      30.39320      24.92236
      30.40340      24.91229
      30.41350      24.90253
      30.42370      24.89290
      30.43390      24.88347
      30.44400      24.87434
      30.45420      24.86530
      30.46440      24.85646
      30.47450      24.84788
      30.48470      24.83940
      30.49490      24.83108
      30.50500      24.82301
      30.51520      24.81502
      30.52540      24.80718
      30.53550      24.79957
      30.54570      24.79203
      30.55590      24.78463
      30.56600      24.77743
      30.57620      24.77030
      30.58630      24.76336
      30.59650      24.75648
      30.60670      24.74972
      30.61680      24.74314
      30.62700      24.73661
      30.63720      24.73019
      30.64730      24.72394
      30.65750      24.71773
      30.66770      24.71162
      30.67780      24.70567
      30.68800      24.69975
      30.69820      24.69392
      30.70830      24.68824
      30.71850      24.68259
      30.72860      24.67708
      30.73880      24.67160
      30.74900      24.66620
      30.75910      24.66093
      30.76930      24.65568
      30.77950      24.65051
      30.78960      24.64546
      30.79980      24.64042
      30.81000      24.63546
      30.82010      24.63062
      30.83030      24.62579
      30.84050      24.62102
      30.85060      24.61636
      30.86080      24.61172
      30.87100      24.60713
      30.88110      24.60265
      30.89130      24.59818
      30.90140      24.59381
      30.91160      24.58945
      30.92180      24.58514
      30.93190      24.58093
      30.94210      24.57672
      30.95230      24.57257
      30.96240      24.56850
      30.97260      24.56444
      30.98280      24.56043
      30.99290      24.55650
      31.00310      24.55258
      31.01330      24.54870
      31.02340      24.54490
      31.03360      24.54111
      31.04370      24.53740
      31.05390      24.53369
      31.06410      24.53002
      31.07420      24.52642
      31.08440      24.52283
      31.09460      24.51928
      31.10470      24.51579
      31.11490      24.51231
      31.12510      24.50887
      31.13520      24.50550
      31.14540      24.50212
      31.15560      24.49879
      31.16570      24.49551
      31.17590      24.49224
      31.18600      24.48903
      31.19620      24.48583
      31.20640      24.48265
      31.21650      24.47954
      31.22670      24.47643
      31.23690      24.47335
      31.24700      24.47032
      31.25720      24.46730
      31.26740      24.46431
      31.27750      24.46137
      31.28770      24.45844
      31.29790      24.45553
      31.30800      24.45268
      31.31820      24.44982
      31.32840      24.44700
      31.33850      24.44422
      31.34870      24.44145
      31.35880      24.43873
      31.36900      24.43600
      31.37920      24.43331
      31.38930      24.43066
      31.39950      24.42801
      31.40970      24.42539
      31.41980      24.42281
      31.43000      24.42023
      31.44020      24.41768
      31.45030      24.41517
      31.46050      24.41266
      31.47070      24.41018
      31.48080      24.40774
      31.49100      24.40530
      31.50110      24.40290
      31.51130      24.40050
      31.52150      24.39812
      31.53160      24.39579
      31.54180      24.39345
      31.55200      24.39113
      31.56210      24.38886
      31.57230      24.38658
      31.58250      24.38433
      31.59260      24.38211
      31.60280      24.37989
      31.61300      24.37769
      31.62310      24.37553
      31.63330      24.37337
      31.64350      24.37123
      31.65360      24.36912
      31.66380      24.36701
      31.67390      24.36494
      31.68410      24.36287
      31.69430      24.36082
      31.70440      24.35880
      31.71460      24.35678
      31.72480      24.35477
      31.73490      24.35280
      31.74510      24.35083
      31.75530      24.34888
      31.76540      24.34696
      31.77560      24.34503
      31.78580      24.34312
      31.79590      24.34125
      31.80610      24.33937
      31.81620      24.33753
      31.82640      24.33568
      31.83660      24.33385
      31.84670      24.33205
      31.85690      24.33025
      31.86710      24.32846
      31.87720      24.32670
      31.88740      24.32494
      31.89760      24.32320
      31.90770      24.32148
      31.91790      24.31977
      31.92810      24.31806
      31.93820      24.31639
      31.94840      24.31470
      31.95860      24.31304
      31.96870      24.31141
      31.97890      24.30976
      31.98900      24.30815
      31.99920      24.30654
      32.00940      24.30494
      32.01950      24.30336
      32.02970      24.30179
      32.03990      24.30022
      32.05000      24.29868
      32.06020      24.29714
      32.07040      24.29561
      32.08050      24.29411
      32.09070      24.29260
      32.10090      24.29111
      32.11100      24.28964
      32.12120      24.28816
      32.13130      24.28672
      32.14150      24.28527
      32.15170      24.28383
      32.16180      24.28241
      32.17200      24.28099
      32.18220      24.27958
      32.19230      24.27820
      32.20250      24.27681
      32.21270      24.27543
      32.22280      24.27408
      32.23300      24.27272
      32.24320      24.27138
      32.25330      24.27005
      32.26350      24.26872
      32.27370      24.26740
      32.28380      24.26611
      32.29400      24.26481
      32.30410      24.26353
      32.31430      24.26225
      32.32450      24.26098
      32.33460      24.25973
      32.34480      24.25848
      32.35500      24.25723
      32.36510      24.25601
      32.37530      24.25478
      32.38550      24.25356
      32.39560      24.25237
      32.40580      24.25117
      32.41600      24.24997
      32.42610      24.24880
      32.43630      24.24763
      32.44640      24.24647
      32.45660      24.24531
      32.46680      24.24416
      32.47690      24.24302
      32.48710      24.24189
      32.49730      24.24076
      32.50740      24.23965
      32.51760      24.23854
      32.52780      24.23743
      32.53790      24.23635
      32.54810      24.23526
      32.55830      24.23418
      32.56840      24.23311
      32.57860      24.23204
      32.58880      24.23098
      32.59890      24.22994
      32.60910      24.22890
      32.61920      24.22787
      32.62940      24.22683
      32.63960      24.22581
      32.64970      24.22480
      32.65990      24.22379
      32.67010      24.22278
      32.68020      24.22179
      32.69040      24.22080
      32.70060      24.21982
      32.71070      24.21885
      32.72090      24.21788
      32.73110      24.21691
      32.74120      24.21596
      32.75140      24.21501
      32.76150      24.21407
      32.77170      24.21313
      32.78190      24.21219
      32.79200      24.21128
      32.80220      24.21035
      32.81240      24.20943
      32.82250      24.20853
      32.83270      24.20763
      32.84290      24.20673
      32.85300      24.20584
      32.86320      24.20496
      32.87340      24.20407
      32.88350      24.20321
      32.89370      24.20234
      32.90390      24.20147
      32.91400      24.20062
      32.92420      24.19977
      32.93430      24.19893
      32.94450      24.19808
      32.95470      24.19724
      32.96480      24.19642
      32.97500      24.19559
      32.98520      24.19477
      32.99530      24.19396
      33.00550      24.19315
      33.01570      24.19234
      33.02580      24.19154
      33.03600      24.19075
      33.04620      24.18995
      33.05630      24.18917
      33.06650      24.18839
      33.07660      24.18762
      33.08680      24.18685
      33.09700      24.18608
      33.10710      24.18532
      33.11730      24.18456
      33.12750      24.18381
      33.13760      24.18306
      33.14780      24.18232
      33.15800      24.18158
      33.16810      24.18085
      33.17830      24.18011
      33.18850      24.17939
      33.19860      24.17867
      33.20880      24.17795
      33.21890      24.17724
      33.22910      24.17653
      33.23930      24.17583
      33.24940      24.17513
      33.25960      24.17443
      33.26980      24.17374
      33.27990      24.17306
      33.29010      24.17237
      33.30030      24.17169
      33.31040      24.17102
      33.32060      24.17034
      33.33080      24.16967
      33.34090      24.16901
      33.35110      24.16835
      33.36130      24.16769
      33.37140      24.16705
      33.38160      24.16640
      33.39170      24.16575
      33.40190      24.16511
      33.41210      24.16447
      33.42220      24.16384
      33.43240      24.16321
      33.44260      24.16258
      33.45270      24.16196
      33.46290      24.16134
      33.47310      24.16072
      33.48320      24.16011
      33.49340      24.15950
      33.50360      24.15890
      33.51370      24.15830
      33.52390      24.15770
      33.53400      24.15711
      33.54420      24.15651
      33.55440      24.15592
      33.56450      24.15534
      33.57470      24.15476
      33.58490      24.15417
      33.59500      24.15360
      33.60520      24.15303
      33.61540      24.15246
      33.62550      24.15190
      33.63570      24.15133
      33.64590      24.15077
      33.65600      24.15022
      33.66620      24.14966
      33.67640      24.14911
      33.68650      24.14856
      33.69670      24.14802
      33.70680      24.14748
      33.71700      24.14694
      33.72720      24.14640
      33.73730      24.14587
      33.74750      24.14534
      33.75770      24.14481
      33.76780      24.14429
      33.77800      24.14377
      33.78820      24.14325
      33.79830      24.14273
      33.80850      24.14222
      33.81870      24.14171
      33.82880      24.14120
      33.83900      24.14070
      33.84910      24.14020
      33.85930      24.13970
      33.86950      24.13920
      33.87960      24.13871
      33.88980      24.13821
      33.90000      24.13772
      33.91010      24.13724
      33.92030      24.13675
      33.93050      24.13627
      33.94060      24.13580
      33.95080      24.13532
      33.96100      24.13484
      33.97110      24.13437
      33.98130      24.13390
      33.99150      24.13343
      34.00160      24.13297
      34.01180      24.13251
      34.02190      24.13205
      34.03210      24.13160
      34.04230      24.13114
      34.05240      24.13069
      34.06260      24.13024
      34.07280      24.12979
      34.08290      24.12935
      34.09310      24.12890
      34.10330      24.12846
      34.11340      24.12802
      34.12360      24.12759
      34.13380      24.12715
      34.14390      24.12672
      34.15410      24.12629
      34.16420      24.12587
      34.17440      24.12544
      34.18460      24.12501
      34.19470      24.12460
      34.20490      24.12418
      34.21510      24.12376
      34.22520      24.12334
      34.23540      24.12293
      34.24560      24.12252
      34.25570      24.12211
      34.26590      24.12170
      34.27610      24.12130
      34.28620      24.12090
      34.29640      24.12050
      34.30660      24.12010
      34.31670      24.11970
      34.32690      24.11931
      34.33700      24.11892
      34.34720      24.11852
      34.35740      24.11813
      34.36750      24.11775
      34.37770      24.11736
      34.38790      24.11698
      34.39800      24.11660
      34.40820      24.11622
      34.41840      24.11584
      34.42850      24.11547
      34.43870      24.11509
      34.44890      24.11472
      34.45900      24.11435
      34.46920      24.11398
      34.47930      24.11362
      34.48950      24.11325
      34.49970      24.11288
      34.50980      24.11252
      34.52000      24.11216
      34.53020      24.11180
      34.54030      24.11145
      34.55050      24.11109
      34.56070      24.11074
      34.57080      24.11039
      34.58100      24.11004
      34.59120      24.10969
      34.60130      24.10935
      34.61150      24.10900
      34.62170      24.10866
      34.63180      24.10832
      34.64200      24.10798
      34.65210      24.10764
      34.66230      24.10730
      34.67250      24.10696
      34.68260      24.10663
      34.69280      24.10630
      34.70300      24.10597
      34.71310      24.10564
      34.72330      24.10531
      34.73350      24.10498
      34.74360      24.10466
      34.75380      24.10434
      34.76400      24.10402
      34.77410      24.10370
      34.78430      24.10338
      34.79440      24.10306
      34.80460      24.10275
      34.81480      24.10243
      34.82490      24.10212
      34.83510      24.10181
      34.84530      24.10150
      34.85540      24.10119
      34.86560      24.10088
      34.87580      24.10057
      34.88590      24.10027
      34.89610      24.09997
      34.90630      24.09966
      34.91640      24.09937
      34.92660      24.09907
      34.93670      24.09877
      34.94690      24.09847
      34.95710      24.09818
      34.96720      24.09789
      34.97740      24.09759
      34.98760      24.09730
      34.99770      24.09701
      35.00790      24.09672
      35.01810      24.09644
      35.02820      24.09615
      35.03840      24.09587
      35.04860      24.09558
      35.05870      24.09530
      35.06890      24.09502
      35.07910      24.09474
      35.08920      24.09446
      35.09940      24.09418
      35.10950      24.09391
      35.11970      24.09363
      35.12990      24.09336
      35.14000      24.09309
      35.15020      24.09282
      35.16040      24.09254
      35.17050      24.09228
      35.18070      24.09201
      35.19090      24.09174
      35.20100      24.09148
      35.21120      24.09121
      35.22140      24.09095
      35.23150      24.09069
      35.24170      24.09043
      35.25180      24.09017
      35.26200      24.08991
      35.27220      24.08965
      35.28230      24.08940
      35.29250      24.08914
      35.30270      24.08889
      35.31280      24.08863
      35.32300      24.08838
      35.33320      24.08813
      35.34330      24.08788
      35.35350      24.08763
      35.36370      24.08738
      35.37380      24.08714
      35.38400      24.08689
      35.39420      24.08665
      35.40430      24.08640
      35.41450      24.08616
      35.42460      24.08592
      35.43480      24.08568
      35.44500      24.08544
      35.45510      24.08520
      35.46530      24.08496
      35.47550      24.08472
      35.48560      24.08449
      35.49580      24.08426
      35.50600      24.08402
      35.51610      24.08379
      35.52630      24.08356
      35.53650      24.08333
      35.54660      24.08310
      35.55680      24.08287
      35.56690      24.08264
      35.57710      24.08241
      35.58730      24.08219
      35.59740      24.08196
      35.60760      24.08174
      35.61780      24.08151
      35.62790      24.08129
      35.63810      24.08107
      35.64830      24.08085
      35.65840      24.08063
      35.66860      24.08041
      35.67880      24.08019
      35.68890      24.07998
      35.69910      24.07976
      35.70930      24.07954
      35.71940      24.07933
      35.72960      24.07912
      35.73970      24.07891
      35.74990      24.07869
      35.76010      24.07848
      35.77020      24.07827
      35.78040      24.07806
      35.79060      24.07785
      35.80070      24.07765
      35.81090      24.07744
      35.82110      24.07723
      35.83120      24.07703
      35.84140      24.07682
      35.85160      24.07662
      35.86170      24.07642
      35.87190      24.07621
      35.88200      24.07602
      35.89220      24.07581
      35.90240      24.07561
      35.91250      24.07542
      35.92270      24.07522
      35.93290      24.07502
      35.94300      24.07482
      35.95320      24.07463
      35.96340      24.07443
      35.97350      24.07424
      35.98370      24.07405
      35.99390      24.07385
