! TITLE: Yobs                                                                                                                                                                                                                                                            
! Peak:  3
       6.00860      24.00000
       6.01870      24.00000
       6.02890      24.00000
       6.03910      24.00000
       6.04920      24.00000
       6.05940      24.00000
       6.06960      24.00000
       6.07970      24.00000
       6.08990      24.00000
       6.10010      24.00000
       6.11020      24.00000
       6.12040      24.00000
       6.13060      24.00000
       6.14070      24.00000
       6.15090      24.00000
       6.16110      24.00000
       6.17120      24.00000
       6.18140      24.00000
       6.19150      24.00000
       6.20170      24.00000
       6.21190      24.00000
       6.22200      24.00000
       6.23220      24.00000
       6.24240      24.00000
       6.25250      24.00000
       6.26270      24.00000
       6.27290      24.00000
       6.28300      24.00000
       6.29320      24.00000
       6.30340      24.00000
       6.31350      24.00000
       6.32370      24.00000
       6.33380      24.00000
       6.34400      24.00000
       6.35420      24.00000
       6.36430      24.00000
       6.37450      24.00000
       6.38470      24.00000
       6.39480      24.00000
       6.40500      24.00000
       6.41520      24.00000
       6.42530      24.00000
       6.43550      24.00000
       6.44570      24.00000
       6.45580      24.00000
       6.46600      24.00000
       6.47620      24.00000
       6.48630      24.00000
       6.49650      24.00000
       6.50660      24.00000
       6.51680      24.00000
       6.52700      24.00000
       6.53710      24.00000
       6.54730      24.00000
       6.55750      24.00000
       6.56760      24.00000
       6.57780      24.00000
       6.58800      24.00000
       6.59810      24.00000
       6.60830      24.00000
       6.61850      24.00000
       6.62860      24.00000
       6.63880      24.00000
       6.64890      24.00000
       6.65910      24.00000
       6.66930      24.00000
       6.67940      24.00000
       6.68960      24.00000
       6.69980      24.00000
       6.70990      24.00000
       6.72010      24.00000
       6.73030      24.00000
       6.74040      24.00000
       6.75060      24.00000
       6.76080      24.00000
       6.77090      24.00000
       6.78110      24.00000
       6.79130      24.00000
       6.80140      24.00000
       6.81160      24.00000
       6.82170      24.00000
       6.83190      24.00000
       6.84210      24.00000
       6.85220      24.00000
       6.86240      24.00000
       6.87260      24.00000
       6.88270      24.00000
       6.89290      24.00000
       6.90310      24.00000
       6.91320      24.00000
       6.92340      24.00000
       6.93360      24.00000
       6.94370      24.00000
       6.95390      24.00000
       6.96400      24.00000
       6.97420      24.00000
       6.98440      24.00000
       6.99450      24.00000
       7.00470      24.00000
       7.01490      24.00000
       7.02500      24.00000
       7.03520      24.00000
       7.04540      24.00000
       7.05550      24.00000
       7.06570      24.00000
       7.07590      24.00000
       7.08600      24.00000
       7.09620      24.00000
       7.10640      24.00000
       7.11650      24.00000
       7.12670      24.00000
       7.13680      24.00000
       7.14700      24.00000
       7.15720      24.00000
       7.16730      24.00000
       7.17750      24.00000
       7.18770      24.00000
       7.19780      24.00000
       7.20800      24.00000
       7.21820      24.00000
       7.22830      24.00000
       7.23850      24.00000
       7.24870      24.00000
       7.25880      24.00000
       7.26900      24.00000
       7.27910      24.00000
       7.28930      24.00000
       7.29950      24.00000
       7.30960      24.00000
       7.31980      24.00000
       7.33000      24.00000
       7.34010      24.00000
       7.35030      24.00000
       7.36050      24.00000
       7.37060      24.00000
       7.38080      24.00000
       7.39100      24.00000
       7.40110      24.00000
       7.41130      24.00000
       7.42150      24.00000
       7.43160      24.00000
       7.44180      24.00000
       7.45190      24.00000
       7.46210      24.00000
       7.47230      24.00000
       7.48240      24.00000
       7.49260      24.00000
       7.50280      24.00000
       7.51290      24.00000
       7.52310      24.00000
       7.53330      24.00000
       7.54340      24.00000
       7.55360      24.00000
       7.56380      24.00000
       7.57390      24.00000
       7.58410      24.00000
       7.59420      24.00000
       7.60440      24.00000
       7.61460      24.00000
       7.62470      24.00000
       7.63490      24.00000
       7.64510      24.00000
       7.65520      24.00000
       7.66540      24.00000
       7.67560      24.00000
       7.68570      24.00000
       7.69590      24.00000
       7.70610      24.00000
       7.71620      24.00000
       7.72640      24.00000
       7.73650      24.00000
       7.74670      24.00000
       7.75690      24.00000
       7.76700      24.00000
       7.77720      24.00000
       7.78740      24.00000
       7.79750      24.00000
       7.80770      24.00000
       7.81790      24.00000
       7.82800      24.00000
       7.83820      24.00000
       7.84840      24.00000
       7.85850      24.00000
       7.86870      24.00000
       7.87890      24.00000
       7.88900      24.00000
       7.89920      24.00000
       7.90930      24.00000
       7.91950      24.00000
       7.92970      24.00000
       7.93980      24.00000
       7.95000      24.00000
       7.96020      24.00000
       7.97030      24.00000
       7.98050      24.00000
       7.99070      24.00000
       8.00080      24.00000
       8.01100      24.00000
       8.02120      24.00000
       8.03130      24.00000
       8.04150      24.00000
       8.05160      24.00000
       8.06180      24.00000
       8.07200      24.00000
       8.08210      24.00000
       8.09230      24.00000
       8.10250      24.00000
       8.11260      24.00000
       8.12280      24.00000
       8.13300      24.00000
       8.14310      24.00000
       8.15330      24.00000
       8.16350      24.00000
       8.17360      24.00000
       8.18380      24.00000
       8.19400      24.00000
       8.20410      24.00000
       8.21430      24.00000
       8.22440      24.00000
       8.23460      24.03625
       8.24480      24.03630
       8.25490      24.03636
       8.26510      24.03641
       8.27530      24.03646
       8.28540      24.03651
       8.29560      24.03657
       8.30580      24.03662
       8.31590      24.03667
       8.32610      24.03673
       8.33630      24.03678
       8.34640      24.03683
       8.35660      24.03689
       8.36670      24.03694
       8.37690      24.03699
       8.38710      24.03705
       8.39720      24.03710
       8.40740      24.03716
       8.41760      24.03721
       8.42770      24.03726
       8.43790      24.03732
       8.44810      24.03737
       8.45820      24.03743
       8.46840      24.03748
       8.47860      24.03754
       8.48870      24.03759
       8.49890      24.03765
       8.50910      24.03770
       8.51920      24.03776
       8.52940      24.03781
       8.53950      24.03787
       8.54970      24.03792
       8.55990      24.03798
       8.57000      24.03804
       8.58020      24.03809
       8.59040      24.03815
       8.60050      24.03821
       8.61070      24.03826
       8.62090      24.03832
       8.63100      24.03838
       8.64120      24.03843
       8.65140      24.03849
       8.66150      24.03855
       8.67170      24.03860
       8.68180      24.03866
       8.69200      24.03872
       8.70220      24.03878
       8.71230      24.03883
       8.72250      24.03889
       8.73270      24.03895
       8.74280      24.03901
       8.75300      24.03907
       8.76320      24.03913
       8.77330      24.03918
       8.78350      24.03924
       8.79370      24.03930
       8.80380      24.03936
       8.81400      24.03942
       8.82420      24.03948
       8.83430      24.03954
       8.84450      24.03960
       8.85460      24.03966
       8.86480      24.03972
       8.87500      24.03978
       8.88510      24.03984
       8.89530      24.03990
       8.90550      24.03996
       8.91560      24.04002
       8.92580      24.04008
       8.93600      24.04014
       8.94610      24.04020
       8.95630      24.04026
       8.96650      24.04032
       8.97660      24.04038
       8.98680      24.04045
       8.99690      24.04051
       9.00710      24.04057
       9.01730      24.04063
       9.02740      24.04069
       9.03760      24.04075
       9.04780      24.04082
       9.05790      24.04088
       9.06810      24.04094
       9.07830      24.04100
       9.08840      24.04107
       9.09860      24.04113
       9.10880      24.04119
       9.11890      24.04126
       9.12910      24.04132
       9.13930      24.04138
       9.14940      24.04145
       9.15960      24.04151
       9.16970      24.04157
       9.17990      24.04164
       9.19010      24.04170
       9.20020      24.04177
       9.21040      24.04183
       9.22060      24.04190
       9.23070      24.04196
       9.24090      24.04203
       9.25110      24.04209
       9.26120      24.04216
       9.27140      24.04222
       9.28160      24.04229
       9.29170      24.04235
       9.30190      24.04242
       9.31200      24.04249
       9.32220      24.04255
       9.33240      24.04262
       9.34250      24.04269
       9.35270      24.04275
       9.36290      24.04282
       9.37300      24.04289
       9.38320      24.04295
       9.39340      24.04302
       9.40350      24.04309
       9.41370      24.04316
       9.42390      24.04322
       9.43400      24.04329
       9.44420      24.04336
       9.45440      24.04343
       9.46450      24.04350
       9.47470      24.04357
       9.48480      24.04363
       9.49500      24.04370
       9.50520      24.04377
       9.51530      24.04384
       9.52550      24.04391
       9.53570      24.04398
       9.54580      24.04405
       9.55600      24.04412
       9.56620      24.04419
       9.57630      24.04426
       9.58650      24.04433
       9.59670      24.04440
       9.60680      24.04447
       9.61700      24.04455
       9.62710      24.04462
       9.63730      24.04469
       9.64750      24.04476
       9.65760      24.04483
       9.66780      24.04490
       9.67800      24.04498
       9.68810      24.04505
       9.69830      24.04512
       9.70850      24.04519
       9.71860      24.04527
       9.72880      24.04534
       9.73900      24.04541
       9.74910      24.04548
       9.75930      24.04556
       9.76940      24.04563
       9.77960      24.04570
       9.78980      24.04578
       9.79990      24.04585
       9.81010      24.04593
       9.82030      24.04600
       9.83040      24.04608
       9.84060      24.04615
       9.85080      24.04623
       9.86090      24.04630
       9.87110      24.04638
       9.88130      24.04645
       9.89140      24.04653
       9.90160      24.04660
       9.91180      24.04668
       9.92190      24.04676
       9.93210      24.04683
       9.94220      24.04691
       9.95240      24.04699
       9.96260      24.04706
       9.97270      24.04714
       9.98290      24.04722
       9.99310      24.04730
      10.00320      24.04737
      10.01340      24.04745
      10.02360      24.04753
      10.03370      24.04761
      10.04390      24.04769
      10.05410      24.04777
      10.06420      24.04785
      10.07440      24.04792
      10.08450      24.04800
      10.09470      24.04808
      10.10490      24.04816
      10.11500      24.04824
      10.12520      24.04832
      10.13540      24.04840
      10.14550      24.04848
      10.15570      24.04856
      10.16590      24.04865
      10.17600      24.04873
      10.18620      24.04881
      10.19640      24.04889
      10.20650      24.04897
      10.21670      24.04906
      10.22690      24.04914
      10.23700      24.04922
      10.24720      24.04930
      10.25730      24.04939
      10.26750      24.04947
      10.27770      24.04955
      10.28780      24.04963
      10.29800      24.04972
      10.30820      24.04980
      10.31830      24.04989
      10.32850      24.04997
      10.33870      24.05005
      10.34880      24.05014
      10.35900      24.05022
      10.36920      24.05031
      10.37930      24.05040
      10.38950      24.05048
      10.39960      24.05057
      10.40980      24.05065
      10.42000      24.05074
      10.43010      24.05083
      10.44030      24.05091
      10.45050      24.05100
      10.46060      24.05109
      10.47080      24.05117
      10.48100      24.05126
      10.49110      24.05135
      10.50130      24.05144
      10.51150      24.05153
      10.52160      24.05161
      10.53180      24.05170
      10.54200      24.05179
      10.55210      24.05188
      10.56230      24.05197
      10.57240      24.05206
      10.58260      24.05215
      10.59280      24.05224
      10.60290      24.05233
      10.61310      24.05242
      10.62330      24.05251
      10.63340      24.05260
      10.64360      24.05269
      10.65380      24.05279
      10.66390      24.05288
      10.67410      24.05297
      10.68430      24.05306
      10.69440      24.05315
      10.70460      24.05325
      10.71470      24.05334
      10.72490      24.05343
      10.73510      24.05353
      10.74520      24.05362
      10.75540      24.05371
      10.76560      24.05381
      10.77570      24.05390
      10.78590      24.05400
      10.79610      24.05409
      10.80620      24.05419
      10.81640      24.05429
      10.82660      24.05438
      10.83670      24.05448
      10.84690      24.05457
      10.85710      24.05467
      10.86720      24.05477
      10.87740      24.05486
      10.88750      24.05496
      10.89770      24.05506
      10.90790      24.05515
      10.91800      24.05525
      10.92820      24.05535
      10.93840      24.05545
      10.94850      24.05555
      10.95870      24.05565
      10.96890      24.05575
      10.97900      24.05585
      10.98920      24.05595
      10.99940      24.05605
      11.00950      24.05615
      11.01970      24.05625
      11.02980      24.05635
      11.04000      24.05645
      11.05020      24.05655
      11.06030      24.05665
      11.07050      24.05676
      11.08070      24.05686
      11.09080      24.05696
      11.10100      24.05706
      11.11120      24.05717
      11.12130      24.05727
      11.13150      24.05737
      11.14170      24.05748
      11.15180      24.05758
      11.16200      24.05769
      11.17220      24.05779
      11.18230      24.05790
      11.19250      24.05800
      11.20260      24.05811
      11.21280      24.05821
      11.22300      24.05832
      11.23310      24.05843
      11.24330      24.05853
      11.25350      24.05864
      11.26360      24.05875
      11.27380      24.05886
      11.28400      24.05896
      11.29410      24.05907
      11.30430      24.05918
      11.31450      24.05929
      11.32460      24.05940
      11.33480      24.05951
      11.34490      24.05962
      11.35510      24.05973
      11.36530      24.05984
      11.37540      24.05995
      11.38560      24.06006
      11.39580      24.06017
      11.40590      24.06028
      11.41610      24.06040
      11.42630      24.06051
      11.43640      24.06062
      11.44660      24.06073
      11.45680      24.06085
      11.46690      24.06096
      11.47710      24.06108
      11.48730      24.06119
      11.49740      24.06130
      11.50760      24.06142
      11.51770      24.06153
      11.52790      24.06165
      11.53810      24.06177
      11.54820      24.06188
      11.55840      24.06200
      11.56860      24.06211
      11.57870      24.06223
      11.58890      24.06235
      11.59910      24.06247
      11.60920      24.06258
      11.61940      24.06270
      11.62960      24.06282
      11.63970      24.06294
      11.64990      24.06306
      11.66000      24.06318
      11.67020      24.06330
      11.68040      24.06342
      11.69050      24.06354
      11.70070      24.06366
      11.71090      24.06379
      11.72100      24.06391
      11.73120      24.06403
      11.74140      24.06415
      11.75150      24.06427
      11.76170      24.06440
      11.77190      24.06452
      11.78200      24.06465
      11.79220      24.06477
      11.80230      24.06489
      11.81250      24.06502
      11.82270      24.06515
      11.83280      24.06527
      11.84300      24.06540
      11.85320      24.06553
      11.86330      24.06565
      11.87350      24.06578
      11.88370      24.06591
      11.89380      24.06603
      11.90400      24.06616
      11.91420      24.06629
      11.92430      24.06642
      11.93450      24.06655
      11.94470      24.06668
      11.95480      24.06681
      11.96500      24.06694
      11.97510      24.06707
      11.98530      24.06720
      11.99550      24.06734
      12.00560      24.06747
      12.01580      24.06760
      12.02600      24.06773
      12.03610      24.06787
      12.04630      24.06800
      12.05650      24.06813
      12.06660      24.06827
      12.07680      24.06840
      12.08700      24.06854
      12.09710      24.06867
      12.10730      24.06881
      12.11740      24.06895
      12.12760      24.06908
      12.13780      24.06922
      12.14790      24.06936
      12.15810      24.06950
      12.16830      24.06964
      12.17840      24.06978
      12.18860      24.06992
      12.19880      24.07006
      12.20890      24.07020
      12.21910      24.07034
      12.22930      24.07048
      12.23940      24.07062
      12.24960      24.07076
      12.25980      24.07090
      12.26990      24.07105
      12.28010      24.07119
      12.29020      24.07133
      12.30040      24.07148
      12.31060      24.07162
      12.32070      24.07177
      12.33090      24.07191
      12.34110      24.07206
      12.35120      24.07220
      12.36140      24.07235
      12.37160      24.07250
      12.38170      24.07265
      12.39190      24.07280
      12.40210      24.07294
      12.41220      24.07309
      12.42240      24.07324
      12.43250      24.07339
      12.44270      24.07354
      12.45290      24.07369
      12.46300      24.07384
      12.47320      24.07400
      12.48340      24.07415
      12.49350      24.07430
      12.50370      24.07446
      12.51390      24.07461
      12.52400      24.07476
      12.53420      24.07492
      12.54440      24.07507
      12.55450      24.07523
      12.56470      24.07538
      12.57490      24.07554
      12.58500      24.07570
      12.59520      24.07586
      12.60530      24.07601
      12.61550      24.07617
      12.62570      24.07633
      12.63580      24.07649
      12.64600      24.07665
      12.65620      24.07681
      12.66630      24.07697
      12.67650      24.07714
      12.68670      24.07730
      12.69680      24.07746
      12.70700      24.07762
      12.71720      24.07779
      12.72730      24.07795
      12.73750      24.07812
      12.74760      24.07828
      12.75780      24.07845
      12.76800      24.07861
      12.77810      24.07878
      12.78830      24.07895
      12.79850      24.07911
      12.80860      24.07928
      12.81880      24.07945
      12.82900      24.07962
      12.83910      24.07979
      12.84930      24.07996
      12.85950      24.08013
      12.86960      24.08030
      12.87980      24.08048
      12.89000      24.08065
      12.90010      24.08082
      12.91030      24.08100
      12.92040      24.08117
      12.93060      24.08134
      12.94080      24.08152
      12.95090      24.08170
      12.96110      24.08187
      12.97130      24.08205
      12.98140      24.08223
      12.99160      24.08241
      13.00180      24.08259
      13.01190      24.08277
      13.02210      24.08295
      13.03230      24.08313
      13.04240      24.08331
      13.05260      24.08349
      13.06270      24.08367
      13.07290      24.08385
      13.08310      24.08404
      13.09320      24.08422
      13.10340      24.08441
      13.11360      24.08459
      13.12370      24.08478
      13.13390      24.08497
      13.14410      24.08516
      13.15420      24.08534
      13.16440      24.08553
      13.17460      24.08572
      13.18470      24.08591
      13.19490      24.08610
      13.20510      24.08629
      13.21520      24.08648
      13.22540      24.08668
      13.23550      24.08687
      13.24570      24.08706
      13.25590      24.08726
      13.26600      24.08745
      13.27620      24.08765
      13.28640      24.08784
      13.29650      24.08804
      13.30670      24.08824
      13.31690      24.08844
      13.32700      24.08864
      13.33720      24.08884
      13.34740      24.08904
      13.35750      24.08924
      13.36770      24.08944
      13.37780      24.08964
      13.38800      24.08984
      13.39820      24.09005
      13.40830      24.09025
      13.41850      24.09046
      13.42870      24.09066
      13.43880      24.09087
      13.44900      24.09108
      13.45920      24.09129
      13.46930      24.09149
      13.47950      24.09170
      13.48970      24.09191
      13.49980      24.09212
      13.51000      24.09234
      13.52010      24.09255
      13.53030      24.09276
      13.54050      24.09298
      13.55060      24.09319
      13.56080      24.09340
      13.57100      24.09362
      13.58110      24.09384
      13.59130      24.09406
      13.60150      24.09427
      13.61160      24.09449
      13.62180      24.09471
      13.63200      24.09493
      13.64210      24.09515
      13.65230      24.09538
      13.66250      24.09560
      13.67260      24.09582
      13.68280      24.09605
      13.69290      24.09627
      13.70310      24.09650
      13.71330      24.09672
      13.72340      24.09695
      13.73360      24.09718
      13.74380      24.09741
      13.75390      24.09764
      13.76410      24.09787
      13.77430      24.09810
      13.78440      24.09833
      13.79460      24.09857
      13.80480      24.09880
      13.81490      24.09904
      13.82510      24.09927
      13.83520      24.09951
      13.84540      24.09974
      13.85560      24.09999
      13.86570      24.10022
      13.87590      24.10046
      13.88610      24.10070
      13.89620      24.10094
      13.90640      24.10119
      13.91660      24.10143
      13.92670      24.10168
      13.93690      24.10192
      13.94710      24.10217
      13.95720      24.10241
      13.96740      24.10266
      13.97760      24.10291
      13.98770      24.10316
      13.99790      24.10341
      14.00800      24.10366
      14.01820      24.10392
      14.02840      24.10417
      14.03850      24.10442
      14.04870      24.10468
      14.05890      24.10493
      14.06900      24.10519
      14.07920      24.10545
      14.08940      24.10571
      14.09950      24.10597
      14.10970      24.10623
      14.11990      24.10649
      14.13000      24.10675
      14.14020      24.10702
      14.15030      24.10728
      14.16050      24.10755
      14.17070      24.10782
      14.18080      24.10808
      14.19100      24.10835
      14.20120      24.10862
      14.21130      24.10889
      14.22150      24.10917
      14.23170      24.10944
      14.24180      24.10971
      14.25200      24.10999
      14.26220      24.11026
      14.27230      24.11054
      14.28250      24.11082
      14.29270      24.11110
      14.30280      24.11138
      14.31300      24.11166
      14.32310      24.11194
      14.33330      24.11222
      14.34350      24.11251
      14.35360      24.11279
      14.36380      24.11308
      14.37400      24.11337
      14.38410      24.11365
      14.39430      24.11395
      14.40450      24.11424
      14.41460      24.11453
      14.42480      24.11482
      14.43500      24.11512
      14.44510      24.11541
      14.45530      24.11571
      14.46540      24.11600
      14.47560      24.11630
      14.48580      24.11660
      14.49590      24.11690
      14.50610      24.11721
      14.51630      24.11751
      14.52640      24.11781
      14.53660      24.11812
      14.54680      24.11843
      14.55690      24.11873
      14.56710      24.11905
      14.57730      24.11936
      14.58740      24.11967
      14.59760      24.11998
      14.60780      24.12030
      14.61790      24.12061
      14.62810      24.12093
      14.63820      24.12124
      14.64840      24.12156
      14.65860      24.12189
      14.66870      24.12221
      14.67890      24.12253
      14.68910      24.12286
      14.69920      24.12318
      14.70940      24.12351
      14.71960      24.12384
      14.72970      24.12416
      14.73990      24.12450
      14.75010      24.12483
      14.76020      24.12516
      14.77040      24.12550
      14.78050      24.12583
      14.79070      24.12617
      14.80090      24.12651
      14.81100      24.12685
      14.82120      24.12719
      14.83140      24.12753
      14.84150      24.12788
      14.85170      24.12822
      14.86190      24.12857
      14.87200      24.12892
      14.88220      24.12927
      14.89240      24.12962
      14.90250      24.12997
      14.91270      24.13033
      14.92290      24.13069
      14.93300      24.13104
      14.94320      24.13140
      14.95330      24.13176
      14.96350      24.13212
      14.97370      24.13248
      14.98380      24.13285
      14.99400      24.13321
      15.00420      24.13358
      15.01430      24.13395
      15.02450      24.13432
      15.03470      24.13470
      15.04480      24.13507
      15.05500      24.13544
      15.06520      24.13582
      15.07530      24.13620
      15.08550      24.13658
      15.09560      24.13696
      15.10580      24.13734
      15.11600      24.13773
      15.12610      24.13811
      15.13630      24.13850
      15.14650      24.13890
      15.15660      24.13928
      15.16680      24.13968
      15.17700      24.14007
      15.18710      24.14047
      15.19730      24.14087
      15.20750      24.14127
      15.21760      24.14167
      15.22780      24.14207
      15.23800      24.14248
      15.24810      24.14288
      15.25830      24.14329
      15.26840      24.14370
      15.27860      24.14411
      15.28880      24.14453
      15.29890      24.14494
      15.30910      24.14536
      15.31930      24.14578
      15.32940      24.14620
      15.33960      24.14662
      15.34980      24.14705
      15.35990      24.14747
      15.37010      24.14790
      15.38030      24.14833
      15.39040      24.14876
      15.40060      24.14919
      15.41070      24.14963
      15.42090      24.15007
      15.43110      24.15051
      15.44120      24.15095
      15.45140      24.15139
      15.46160      24.15184
      15.47170      24.15228
      15.48190      24.15273
      15.49210      24.15319
      15.50220      24.15364
      15.51240      24.15409
      15.52260      24.15455
      15.53270      24.15501
      15.54290      24.15547
      15.55300      24.15593
      15.56320      24.15640
      15.57340      24.15687
      15.58350      24.15734
      15.59370      24.15781
      15.60390      24.15828
      15.61400      24.15876
      15.62420      24.15924
      15.63440      24.15972
      15.64450      24.16020
      15.65470      24.16068
      15.66490      24.16117
      15.67500      24.16166
      15.68520      24.16215
      15.69540      24.16265
      15.70550      24.16314
      15.71570      24.16364
      15.72580      24.16413
      15.73600      24.16464
      15.74620      24.16515
      15.75630      24.16565
      15.76650      24.16616
      15.77670      24.16668
      15.78680      24.16719
      15.79700      24.16771
      15.80720      24.16823
      15.81730      24.16874
      15.82750      24.16927
      15.83770      24.16980
      15.84780      24.17032
      15.85800      24.17086
      15.86810      24.17139
      15.87830      24.17192
      15.88850      24.17246
      15.89860      24.17300
      15.90880      24.17355
      15.91900      24.17410
      15.92910      24.17464
      15.93930      24.17520
      15.94950      24.17575
      15.95960      24.17630
      15.96980      24.17687
      15.98000      24.17743
      15.99010      24.17799
      16.00030      24.17856
      16.01050      24.17913
      16.02060      24.17970
      16.03080      24.18028
      16.04090      24.18085
      16.05110      24.18144
      16.06130      24.18202
      16.07140      24.18261
      16.08160      24.18320
      16.09180      24.18379
      16.10190      24.18438
      16.11210      24.18498
      16.12230      24.18559
      16.13240      24.18619
      16.14260      24.18680
      16.15280      24.18741
      16.16290      24.18802
      16.17310      24.18863
      16.18320      24.18925
      16.19340      24.18987
      16.20360      24.19050
      16.21370      24.19113
      16.22390      24.19176
      16.23410      24.19240
      16.24420      24.19303
      16.25440      24.19367
      16.26460      24.19432
      16.27470      24.19496
      16.28490      24.19561
      16.29510      24.19627
      16.30520      24.19692
      16.31540      24.19758
      16.32560      24.19825
      16.33570      24.19891
      16.34590      24.19958
      16.35600      24.20025
      16.36620      24.20093
      16.37640      24.20162
      16.38650      24.20230
      16.39670      24.20299
      16.40690      24.20368
      16.41700      24.20437
      16.42720      24.20507
      16.43740      24.20577
      16.44750      24.20647
      16.45770      24.20718
      16.46790      24.20790
      16.47800      24.20861
      16.48820      24.20933
      16.49830      24.21005
      16.50850      24.21078
      16.51870      24.21151
      16.52880      24.21224
      16.53900      24.21298
      16.54920      24.21373
      16.55930      24.21447
      16.56950      24.21522
      16.57970      24.21598
      16.58980      24.21673
      16.60000      24.21750
      16.61020      24.21827
      16.62030      24.21903
      16.63050      24.21981
      16.64070      24.22059
      16.65080      24.22137
      16.66100      24.22215
      16.67110      24.22294
      16.68130      24.22374
      16.69150      24.22454
      16.70160      24.22534
      16.71180      24.22615
      16.72200      24.22696
      16.73210      24.22778
      16.74230      24.22860
      16.75250      24.22943
      16.76260      24.23025
      16.77280      24.23109
      16.78300      24.23193
      16.79310      24.23277
      16.80330      24.23362
      16.81340      24.23446
      16.82360      24.23532
      16.83380      24.23619
      16.84390      24.23705
      16.85410      24.23792
      16.86430      24.23880
      16.87440      24.23968
      16.88460      24.24057
      16.89480      24.24146
      16.90490      24.24235
      16.91510      24.24326
      16.92530      24.24416
      16.93540      24.24507
      16.94560      24.24599
      16.95580      24.24691
      16.96590      24.24783
      16.97610      24.24877
      16.98620      24.24970
      16.99640      24.25064
      17.00660      24.25159
      17.01670      24.25254
      17.02690      24.25350
      17.03710      24.25447
      17.04720      24.25543
      17.05740      24.25641
      17.06760      24.25739
      17.07770      24.25837
      17.08790      24.25936
      17.09810      24.26036
      17.10820      24.26136
      17.11840      24.26237
      17.12850      24.26338
      17.13870      24.26440
      17.14890      24.26543
      17.15900      24.26646
      17.16920      24.26750
      17.17940      24.26855
      17.18950      24.26959
      17.19970      24.27065
      17.20990      24.27172
      17.22000      24.27278
      17.23020      24.27386
      17.24040      24.27494
      17.25050      24.27602
      17.26070      24.27712
      17.27090      24.27822
      17.28100      24.27932
      17.29120      24.28044
      17.30130      24.28155
      17.31150      24.28268
      17.32170      24.28382
      17.33180      24.28495
      17.34200      24.28611
      17.35220      24.28726
      17.36230      24.28842
      17.37250      24.28959
      17.38270      24.29077
      17.39280      24.29194
      17.40300      24.29314
      17.41320      24.29434
      17.42330      24.29554
      17.43350      24.29675
      17.44360      24.29796
      17.45380      24.29919
      17.46400      24.30043
      17.47410      24.30167
      17.48430      24.30292
      17.49450      24.30418
      17.50460      24.30544
      17.51480      24.30672
      17.52500      24.30800
      17.53510      24.30928
      17.54530      24.31058
      17.55550      24.31189
      17.56560      24.31320
      17.57580      24.31452
      17.58590      24.31584
      17.59610      24.31719
      17.60630      24.31854
      17.61640      24.31989
      17.62660      24.32125
      17.63680      24.32263
      17.64690      24.32400
      17.65710      24.32540
      17.66730      24.32680
      17.67740      24.32820
      17.68760      24.32962
      17.69780      24.33105
      17.70790      24.33248
      17.71810      24.33393
      17.72830      24.33539
      17.73840      24.33685
      17.74860      24.33832
      17.75870      24.33980
      17.76890      24.34129
      17.77910      24.34280
      17.78920      24.34431
      17.79940      24.34583
      17.80960      24.34737
      17.81970      24.34890
      17.82990      24.35046
      17.84010      24.35203
      17.85020      24.35359
      17.86040      24.35518
      17.87060      24.35678
      17.88070      24.35838
      17.89090      24.36000
      17.90100      24.36162
      17.91120      24.36326
      17.92140      24.36491
      17.93150      24.36656
      17.94170      24.36824
      17.95190      24.36993
      17.96200      24.37161
      17.97220      24.37333
      17.98240      24.37505
      17.99250      24.37677
      18.00270      24.37852
      18.01290      24.38028
      18.02300      24.38203
      18.03320      24.38381
      18.04340      24.38561
      18.05350      24.38740
      18.06370      24.38923
      18.07380      24.39104
      18.08400      24.39289
      18.09420      24.39475
      18.10430      24.39660
      18.11450      24.39849
      18.12470      24.40039
      18.13480      24.40228
      18.14500      24.40421
      18.15520      24.40615
      18.16530      24.40809
      18.17550      24.41006
      18.18570      24.41204
      18.19580      24.41402
      18.20600      24.41603
      18.21610      24.41804
      18.22630      24.42008
      18.23650      24.42213
      18.24660      24.42418
      18.25680      24.42627
      18.26700      24.42837
      18.27710      24.43047
      18.28730      24.43260
      18.29750      24.43475
      18.30760      24.43689
      18.31780      24.43907
      18.32800      24.44127
      18.33810      24.44346
      18.34830      24.44569
      18.35850      24.44793
      18.36860      24.45017
      18.37880      24.45245
      18.38890      24.45473
      18.39910      24.45704
      18.40930      24.45937
      18.41940      24.46169
      18.42960      24.46406
      18.43980      24.46645
      18.44990      24.46883
      18.46010      24.47125
      18.47030      24.47369
      18.48040      24.47612
      18.49060      24.47860
      18.50080      24.48110
      18.51090      24.48359
      18.52110      24.48613
      18.53120      24.48866
      18.54140      24.49124
      18.55160      24.49383
      18.56170      24.49642
      18.57190      24.49906
      18.58210      24.50172
      18.59220      24.50437
      18.60240      24.50707
      18.61260      24.50979
      18.62270      24.51251
      18.63290      24.51528
      18.64310      24.51806
      18.65320      24.52085
      18.66340      24.52368
      18.67360      24.52654
      18.68370      24.52939
      18.69390      24.53229
      18.70400      24.53519
      18.71420      24.53814
      18.72440      24.54111
      18.73450      24.54408
      18.74470      24.54710
      18.75490      24.55015
      18.76500      24.55319
      18.77520      24.55629
      18.78540      24.55942
      18.79550      24.56254
      18.80570      24.56572
      18.81590      24.56892
      18.82600      24.57212
      18.83620      24.57538
      18.84630      24.57863
      18.85650      24.58195
      18.86670      24.58529
      18.87680      24.58862
      18.88700      24.59202
      18.89720      24.59545
      18.90730      24.59888
      18.91750      24.60236
      18.92770      24.60588
      18.93780      24.60940
      18.94800      24.61297
      18.95820      24.61658
      18.96830      24.62019
      18.97850      24.62387
      18.98870      24.62757
      18.99880      24.63128
      19.00900      24.63505
      19.01910      24.63881
      19.02930      24.64265
      19.03950      24.64653
      19.04960      24.65040
      19.05980      24.65434
      19.07000      24.65832
      19.08010      24.66230
      19.09030      24.66635
      19.10050      24.67043
      19.11060      24.67452
      19.12080      24.67868
      19.13100      24.68288
      19.14110      24.68708
      19.15130      24.69136
      19.16140      24.69564
      19.17160      24.70000
      19.18180      24.70439
      19.19190      24.70879
      19.20210      24.71327
      19.21230      24.71779
      19.22240      24.72231
      19.23260      24.72692
      19.24280      24.73158
      19.25290      24.73623
      19.26310      24.74097
      19.27330      24.74575
      19.28340      24.75054
      19.29360      24.75542
      19.30380      24.76034
      19.31390      24.76527
      19.32410      24.77029
      19.33420      24.77531
      19.34440      24.78043
      19.35460      24.78560
      19.36470      24.79077
      19.37490      24.79604
      19.38510      24.80136
      19.39520      24.80669
      19.40540      24.81212
      19.41560      24.81761
      19.42570      24.82309
      19.43590      24.82869
      19.44610      24.83434
      19.45620      24.83999
      19.46640      24.84575
      19.47650      24.85152
      19.48670      24.85741
      19.49690      24.86335
      19.50700      24.86930
      19.51720      24.87537
      19.52740      24.88149
      19.53750      24.88763
      19.54770      24.89389
      19.55790      24.90021
      19.56800      24.90654
      19.57820      24.91299
      19.58840      24.91952
      19.59850      24.92604
      19.60870      24.93271
      19.61880      24.93938
      19.62900      24.94618
      19.63920      24.95306
      19.64930      24.95995
      19.65950      24.96698
      19.66970      24.97408
      19.67980      24.98119
      19.69000      24.98845
      19.70020      24.99579
      19.71030      25.00314
      19.72050      25.01064
      19.73070      25.01822
      19.74080      25.02582
      19.75100      25.03357
      19.76120      25.04141
      19.77130      25.04927
      19.78150      25.05729
      19.79160      25.06532
      19.80180      25.07352
      19.81200      25.08181
      19.82210      25.09012
      19.83230      25.09861
      19.84250      25.10719
      19.85260      25.11579
      19.86280      25.12458
      19.87300      25.13346
      19.88310      25.14237
      19.89330      25.15147
      19.90350      25.16067
      19.91360      25.16990
      19.92380      25.17932
      19.93390      25.18877
      19.94410      25.19843
      19.95430      25.20820
      19.96440      25.21799
      19.97460      25.22800
      19.98480      25.23814
      19.99490      25.24830
      20.00510      25.25869
      20.01530      25.26921
      20.02540      25.27975
      20.03560      25.29054
      20.04580      25.30146
      20.05590      25.31241
      20.06610      25.32361
      20.07630      25.33496
      20.08640      25.34635
      20.09660      25.35800
      20.10670      25.36969
      20.11690      25.38164
      20.12710      25.39376
      20.13720      25.40593
      20.14740      25.41838
      20.15760      25.43100
      20.16770      25.44367
      20.17790      25.45665
      20.18810      25.46980
      20.19820      25.48302
      20.20840      25.49656
      20.21860      25.51029
      20.22870      25.52409
      20.23890      25.53822
      20.24900      25.55243
      20.25920      25.56700
      20.26940      25.58179
      20.27950      25.59665
      20.28970      25.61191
      20.29990      25.62740
      20.31000      25.64299
      20.32020      25.65898
      20.33040      25.67524
      20.34050      25.69160
      20.35070      25.70841
      20.36090      25.72551
      20.37100      25.74273
      20.38120      25.76042
      20.39140      25.77843
      20.40150      25.79660
      20.41170      25.81527
      20.42180      25.83411
      20.43200      25.85349
      20.44220      25.87325
      20.45230      25.89320
      20.46250      25.91375
      20.47270      25.93472
      20.48280      25.95591
      20.49300      25.97776
      20.50320      26.00007
      20.51330      26.02264
      20.52350      26.04594
      20.53370      26.06977
      20.54380      26.09390
      20.55400      26.11884
      20.56410      26.14411
      20.57430      26.17024
      20.58450      26.19702
      20.59460      26.22420
      20.60480      26.25233
      20.61500      26.28120
      20.62510      26.31053
      20.63530      26.34094
      20.64550      26.37217
      20.65560      26.40395
      20.66580      26.43694
      20.67600      26.47087
      20.68610      26.50542
      20.69630      26.54134
      20.70650      26.57833
      20.71660      26.61606
      20.72680      26.65532
      20.73690      26.69539
      20.74710      26.73713
      20.75730      26.78019
      20.76740      26.82421
      20.77760      26.87009
      20.78780      26.91749
      20.79790      26.96597
      20.80810      27.01658
      20.81830      27.06891
      20.82840      27.12250
      20.83860      27.17848
      20.84880      27.23641
      20.85890      27.29578
      20.86910      27.35786
      20.87920      27.42151
      20.88940      27.48809
      20.89960      27.55707
      20.90970      27.62786
      20.91990      27.70194
      20.93010      27.77873
      20.94020      27.85757
      20.95040      27.94010
      20.96060      28.02571
      20.97070      28.11360
      20.98090      28.20567
      20.99110      28.30117
      21.00120      28.39925
      21.01140      28.50200
      21.02160      28.60859
      21.03170      28.71805
      21.04190      28.83273
      21.05200      28.95050
      21.06220      29.07386
      21.07240      29.20179
      21.08250      29.33320
      21.09270      29.47076
      21.10290      29.61344
      21.11300      29.75992
      21.12320      29.91321
      21.13340      30.07214
      21.14350      30.23520
      21.15370      30.40582
      21.16390      30.58260
      21.17400      30.76387
      21.18420      30.95345
      21.19430      31.14776
      21.20450      31.35089
      21.21470      31.56111
      21.22480      31.77643
      21.23500      32.00135
      21.24520      32.23391
      21.25530      32.47200
      21.26550      32.72042
      21.27570      32.97713
      21.28580      33.23969
      21.29600      33.51337
      21.30620      33.79594
      21.31630      34.08459
      21.32650      34.38530
      21.33660      34.69228
      21.34680      35.01186
      21.35700      35.34119
      21.36710      35.67703
      21.37730      36.02627
      21.38750      36.38576
      21.39760      36.75194
      21.40780      37.13230
      21.41800      37.52328
      21.42810      37.92123
      21.43830      38.33392
      21.44850      38.75779
      21.45860      39.18850
      21.46880      39.63478
      21.47900      40.09248
      21.48910      40.55697
      21.49930      41.03762
      21.50940      41.52498
      21.51960      42.02884
      21.52980      42.54444
      21.53990      43.06651
      21.55010      43.60552
      21.56030      44.15630
      21.57040      44.71321
      21.58060      45.28738
      21.59080      45.87312
      21.60090      46.46473
      21.61110      47.07354
      21.62130      47.69392
      21.63140      48.31935
      21.64160      48.96222
      21.65170      49.60963
      21.66190      50.27439
      21.67210      50.94991
      21.68220      51.62911
      21.69240      52.32539
      21.70260      53.03176
      21.71270      53.74081
      21.72290      54.46645
      21.73310      55.20134
      21.74320      55.93774
      21.75340      56.69004
      21.76360      57.45042
      21.77370      58.21125
      21.78390      58.98678
      21.79410      59.76943
      21.80420      60.55076
      21.81440      61.34591
      21.82450      62.13863
      21.83470      62.94427
      21.84490      63.75438
      21.85500      64.56026
      21.86520      65.37748
      21.87540      66.19734
      21.88550      67.01105
      21.89570      67.83421
      21.90590      68.65782
      21.91600      69.47347
      21.92620      70.29626
      21.93640      71.11726
      21.94650      71.92800
      21.95670      72.74329
      21.96680      73.54672
      21.97700      74.35291
      21.98720      75.15332
      21.99730      75.93906
      22.00750      76.72490
      22.01770      77.50197
      22.02780      78.26172
      22.03800      79.01835
      22.04820      79.76317
      22.05830      80.48794
      22.06850      81.20611
      22.07870      81.90915
      22.08880      82.58965
      22.09900      83.25972
      22.10920      83.91139
      22.11930      84.53776
      22.12950      85.14978
      22.13960      85.73472
      22.14980      86.30275
      22.16000      86.84718
      22.17010      87.36180
      22.18030      87.85592
      22.19050      88.32324
      22.20060      88.75858
      22.21080      89.16974
      22.22100      89.55132
      22.23110      89.89915
      22.24130      90.21945
      22.25150      90.50778
      22.26160      90.76126
      22.27180      90.98418
      22.28190      91.17178
      22.29210      91.32724
      22.30230      91.44817
      22.31240      91.53366
      22.32260      91.58514
      22.33280      91.60148
      22.34290      91.58302
      22.35310      91.52941
      22.36330      91.44080
      22.37340      91.31880
      22.38360      91.16125
      22.39380      90.96960
      22.40390      90.74668
      22.41410      90.48856
      22.42430      90.19797
      22.43440      89.87875
      22.44460      89.52547
      22.45470      89.14566
      22.46490      88.73283
      22.47510      88.29128
      22.48520      87.82674
      22.49540      87.33112
      22.50560      86.80970
      22.51570      86.26910
      22.52590      85.69955
      22.53610      85.10743
      22.54620      84.50000
      22.55640      83.86619
      22.56660      83.21307
      22.57670      82.54848
      22.58690      81.86023
      22.59700      81.16302
      22.60720      80.44397
      22.61740      79.71121
      22.62750      78.97283
      22.63770      78.21566
      22.64790      77.44764
      22.65800      76.67753
      22.66820      75.89133
      22.67840      75.09726
      22.68850      74.30437
      22.69870      73.49770
      22.70890      72.68609
      22.71900      71.87849
      22.72920      71.05959
      22.73940      70.23831
      22.74950      69.42359
      22.75970      68.59990
      22.76980      67.78431
      22.78000      66.96121
      22.79020      66.13963
      22.80030      65.32789
      22.81050      64.51101
      22.82070      63.69728
      22.83080      62.89548
      22.84100      62.09013
      22.85120      61.28981
      22.86130      60.50292
      22.87150      59.71419
      22.88170      58.93201
      22.89180      58.16449
      22.90200      57.39669
      22.91210      56.64423
      22.92230      55.89243
      22.93250      55.14924
      22.94260      54.42222
      22.95280      53.69715
      22.96300      52.98177
      22.97310      52.28292
      22.98330      51.58739
      22.99350      50.90207
      23.00360      50.23394
      23.01380      49.56982
      23.02400      48.91665
      23.03410      48.28088
      23.04430      47.64993
      23.05450      47.03035
      23.06460      46.42821
      23.07480      45.83155
      23.08490      45.25226
      23.09510      44.67881
      23.10530      44.11709
      23.11540      43.57253
      23.12560      43.03423
      23.13580      42.50780
      23.14590      41.99799
      23.15610      41.49492
      23.16630      41.00345
      23.17640      40.52831
      23.18660      40.05993
      23.19680      39.60303
      23.20690      39.16191
      23.21710      38.72763
      23.22720      38.30868
      23.23740      37.89658
      23.24760      37.49544
      23.25770      37.10895
      23.26790      36.72924
      23.27810      36.36015
      23.28820      36.00482
      23.29840      35.65620
      23.30860      35.31771
      23.31870      34.99223
      23.32890      34.67329
      23.33910      34.36386
      23.34920      34.06673
      23.35940      33.77578
      23.36950      33.49659
      23.37970      33.22338
      23.38990      32.95881
      23.40000      32.70518
      23.41020      32.45721
      23.42040      32.21730
      23.43050      31.98751
      23.44070      31.76305
      23.45090      31.54609
      23.46100      31.33838
      23.47120      31.13568
      23.48140      30.93990
      23.49150      30.75260
      23.50170      30.56997
      23.51190      30.39363
      23.52200      30.22509
      23.53220      30.06078
      23.54230      29.90380
      23.55250      29.75081
      23.56270      29.60324
      23.57280      29.46231
      23.58300      29.32502
      23.59320      29.19264
      23.60330      29.06626
      23.61350      28.94317
      23.62370      28.82453
      23.63380      28.71124
      23.64400      28.60096
      23.65420      28.49465
      23.66430      28.39314
      23.67450      28.29434
      23.68460      28.19999
      23.69480      28.10815
      23.70500      28.01958
      23.71510      27.93503
      23.72530      27.85266
      23.73550      27.77324
      23.74560      27.69738
      23.75580      27.62346
      23.76600      27.55214
      23.77610      27.48399
      23.78630      27.41755
      23.79650      27.35343
      23.80660      27.29209
      23.81680      27.23227
      23.82700      27.17448
      23.83710      27.11917
      23.84730      27.06518
      23.85740      27.01347
      23.86760      26.96297
      23.87780      26.91410
      23.88790      26.86727
      23.89810      26.82147
      23.90830      26.77712
      23.91840      26.73457
      23.92860      26.69291
      23.93880      26.65251
      23.94890      26.61372
      23.95910      26.57569
      23.96930      26.53878
      23.97940      26.50328
      23.98960      26.46845
      23.99970      26.43491
      24.00990      26.40199
      24.02010      26.36995
      24.03020      26.33908
      24.04040      26.30872
      24.05060      26.27915
      24.06070      26.25061
      24.07090      26.22252
      24.08110      26.19511
      24.09120      26.16864
      24.10140      26.14254
      24.11160      26.11706
      24.12170      26.09241
      24.13190      26.06807
      24.14210      26.04429
      24.15220      26.02125
      24.16240      25.99849
      24.17250      25.97642
      24.18270      25.95460
      24.19290      25.93323
      24.20300      25.91250
      24.21320      25.89198
      24.22340      25.87185
      24.23350      25.85231
      24.24370      25.83295
      24.25390      25.81395
      24.26400      25.79548
      24.27420      25.77716
      24.28440      25.75917
      24.29450      25.74166
      24.30470      25.72429
      24.31480      25.70739
      24.32500      25.69060
      24.33520      25.67409
      24.34530      25.65800
      24.35550      25.64203
      24.36570      25.62630
      24.37580      25.61098
      24.38600      25.59574
      24.39620      25.58074
      24.40630      25.56611
      24.41650      25.55156
      24.42670      25.53722
      24.43680      25.52324
      24.44700      25.50932
      24.45720      25.49560
      24.46730      25.48220
      24.47750      25.46887
      24.48760      25.45585
      24.49780      25.44289
      24.50800      25.43011
      24.51810      25.41762
      24.52830      25.40518
      24.53850      25.39291
      24.54860      25.38092
      24.55880      25.36897
      24.56900      25.35717
      24.57910      25.34565
      24.58930      25.33416
      24.59950      25.32282
      24.60960      25.31174
      24.61980      25.30069
      24.62990      25.28988
      24.64010      25.27910
      24.65030      25.26846
      24.66040      25.25805
      24.67060      25.24767
      24.68080      25.23742
      24.69090      25.22739
      24.70110      25.21739
      24.71130      25.20751
      24.72140      25.19784
      24.73160      25.18819
      24.74180      25.17866
      24.75190      25.16933
      24.76210      25.16002
      24.77230      25.15082
      24.78240      25.14182
      24.79260      25.13284
      24.80270      25.12404
      24.81290      25.11526
      24.82310      25.10659
      24.83320      25.09809
      24.84340      25.08961
      24.85360      25.08123
      24.86370      25.07302
      24.87390      25.06482
      24.88410      25.05672
      24.89420      25.04878
      24.90440      25.04086
      24.91460      25.03303
      24.92470      25.02535
      24.93490      25.01769
      24.94500      25.01018
      24.95520      25.00269
      24.96540      24.99527
      24.97550      24.98801
      24.98570      24.98075
      24.99590      24.97358
      25.00600      24.96655
      25.01620      24.95952
      25.02640      24.95258
      25.03650      24.94577
      25.04670      24.93897
      25.05690      24.93224
      25.06700      24.92564
      25.07720      24.91906
      25.08740      24.91253
      25.09750      24.90615
      25.10770      24.89976
      25.11780      24.89351
      25.12800      24.88725
      25.13820      24.88106
      25.14830      24.87500
      25.15850      24.86893
      25.16870      24.86293
      25.17880      24.85705
      25.18900      24.85117
      25.19920      24.84535
      25.20930      24.83964
      25.21950      24.83394
      25.22970      24.82829
      25.23980      24.82275
      25.25000      24.81722
      25.26010      24.81179
      25.27030      24.80636
      25.28050      24.80099
      25.29060      24.79572
      25.30080      24.79045
      25.31100      24.78523
      25.32110      24.78012
      25.33130      24.77500
      25.34150      24.76994
      25.35160      24.76497
      25.36180      24.76000
      25.37200      24.75507
      25.38210      24.75025
      25.39230      24.74542
      25.40240      24.74068
      25.41260      24.73594
      25.42280      24.73125
      25.43290      24.72664
      25.44310      24.72204
      25.45330      24.71747
      25.46340      24.71300
      25.47360      24.70852
      25.48380      24.70408
      25.49390      24.69973
      25.50410      24.69537
      25.51430      24.69106
      25.52440      24.68682
      25.53460      24.68259
      25.54480      24.67839
      25.55490      24.67427
      25.56510      24.67015
      25.57520      24.66610
      25.58540      24.66205
      25.59560      24.65804
      25.60570      24.65410
      25.61590      24.65016
      25.62610      24.64626
      25.63620      24.64242
      25.64640      24.63858
      25.65660      24.63478
      25.66670      24.63105
      25.67690      24.62731
      25.68710      24.62361
      25.69720      24.61997
      25.70740      24.61633
      25.71750      24.61276
      25.72770      24.60918
      25.73790      24.60563
      25.74800      24.60215
      25.75820      24.59867
      25.76840      24.59521
      25.77850      24.59182
      25.78870      24.58842
      25.79890      24.58505
      25.80900      24.58174
      25.81920      24.57843
      25.82940      24.57515
      25.83950      24.57192
      25.84970      24.56869
      25.85990      24.56549
      25.87000      24.56235
      25.88020      24.55920
      25.89030      24.55611
      25.90050      24.55301
      25.91070      24.54994
      25.92080      24.54692
      25.93100      24.54390
      25.94120      24.54090
      25.95130      24.53796
      25.96150      24.53501
      25.97170      24.53208
      25.98180      24.52921
      25.99200      24.52633
      26.00220      24.52348
      26.01230      24.52068
      26.02250      24.51787
      26.03260      24.51511
      26.04280      24.51234
      26.05300      24.50960
      26.06310      24.50691
      26.07330      24.50421
      26.08350      24.50153
      26.09360      24.49890
      26.10380      24.49626
      26.11400      24.49365
      26.12410      24.49108
      26.13430      24.48850
      26.14450      24.48595
      26.15460      24.48344
      26.16480      24.48092
      26.17500      24.47843
      26.18510      24.47598
      26.19530      24.47352
      26.20540      24.47110
      26.21560      24.46868
      26.22580      24.46628
      26.23590      24.46392
      26.24610      24.46155
      26.25630      24.45921
      26.26640      24.45690
      26.27660      24.45458
      26.28680      24.45229
      26.29690      24.45003
      26.30710      24.44777
      26.31730      24.44553
      26.32740      24.44332
      26.33760      24.44111
      26.34770      24.43894
      26.35790      24.43676
      26.36810      24.43460
      26.37820      24.43247
      26.38840      24.43034
      26.39860      24.42822
      26.40870      24.42614
      26.41890      24.42406
      26.42910      24.42199
      26.43920      24.41995
      26.44940      24.41791
      26.45960      24.41589
      26.46970      24.41390
      26.47990      24.41190
      26.49010      24.40992
      26.50020      24.40797
      26.51040      24.40602
      26.52050      24.40409
      26.53070      24.40217
      26.54090      24.40026
      26.55100      24.39838
      26.56120      24.39649
      26.57140      24.39462
      26.58150      24.39278
      26.59170      24.39093
      26.60190      24.38910
      26.61200      24.38729
      26.62220      24.38548
      26.63240      24.38369
      26.64250      24.38192
      26.65270      24.38015
      26.66280      24.37841
      26.67300      24.37666
      26.68320      24.37493
      26.69330      24.37322
      26.70350      24.37151
      26.71370      24.36981
      26.72380      24.36814
      26.73400      24.36646
      26.74420      24.36480
      26.75430      24.36316
      26.76450      24.36152
      26.77470      24.35988
      26.78480      24.35828
      26.79500      24.35667
      26.80520      24.35507
      26.81530      24.35350
      26.82550      24.35192
      26.83560      24.35037
      26.84580      24.34881
      26.85600      24.34726
      26.86610      24.34574
      26.87630      24.34421
      26.88650      24.34270
      26.89660      24.34120
      26.90680      24.33971
      26.91700      24.33822
      26.92710      24.33676
      26.93730      24.33529
      26.94750      24.33383
      26.95760      24.33239
      26.96780      24.33095
      26.97790      24.32954
      26.98810      24.32812
      26.99830      24.32670
      27.00840      24.32531
      27.01860      24.32392
      27.02880      24.32253
      27.03890      24.32117
      27.04910      24.31980
      27.05930      24.31844
      27.06940      24.31711
      27.07960      24.31576
      27.08980      24.31443
      27.09990      24.31312
      27.11010      24.31180
      27.12020      24.31050
      27.13040      24.30920
      27.14060      24.30791
      27.15070      24.30664
      27.16090      24.30536
      27.17110      24.30409
      27.18120      24.30284
      27.19140      24.30159
      27.20160      24.30034
      27.21170      24.29912
      27.22190      24.29789
      27.23210      24.29667
      27.24220      24.29546
      27.25240      24.29425
      27.26260      24.29305
      27.27270      24.29187
      27.28290      24.29069
      27.29300      24.28952
      27.30320      24.28835
      27.31340      24.28718
      27.32350      24.28604
      27.33370      24.28489
      27.34390      24.28374
      27.35400      24.28262
      27.36420      24.28148
      27.37440      24.28036
      27.38450      24.27925
      27.39470      24.27814
      27.40490      24.27704
      27.41500      24.27595
      27.42520      24.27486
      27.43530      24.27379
      27.44550      24.27271
      27.45570      24.27164
      27.46580      24.27058
      27.47600      24.26953
      27.48620      24.26847
      27.49630      24.26744
      27.50650      24.26639
      27.51670      24.26536
      27.52680      24.26434
      27.53700      24.26332
      27.54720      24.26230
      27.55730      24.26130
      27.56750      24.26029
      27.57770      24.25929
      27.58780      24.25831
      27.59800      24.25732
      27.60810      24.25635
      27.61830      24.25537
      27.62850      24.25440
      27.63860      24.25344
      27.64880      24.25248
      27.65900      24.25153
      27.66910      24.25059
      27.67930      24.24964
      27.68950      24.24870
      27.69960      24.24778
      27.70980      24.24685
      27.72000      24.24592
      27.73010      24.24501
      27.74030      24.24410
      27.75040      24.24320
      27.76060      24.24230
      27.77080      24.24140
      27.78090      24.24051
      27.79110      24.23963
      27.80130      24.23874
      27.81140      24.23787
      27.82160      24.23700
      27.83180      24.23613
      27.84190      24.23527
      27.85210      24.23441
      27.86230      24.23356
      27.87240      24.23272
      27.88260      24.23187
      27.89280      24.23103
      27.90290      24.23020
      27.91310      24.22937
      27.92320      24.22855
      27.93340      24.22773
      27.94360      24.22691
      27.95370      24.22610
      27.96390      24.22529
      27.97410      24.22448
      27.98420      24.22369
      27.99440      24.22289
      28.00460      24.22210
      28.01470      24.22132
      28.02490      24.22053
      28.03510      24.21975
      28.04520      24.21898
      28.05540      24.21821
      28.06550      24.21745
      28.07570      24.21669
      28.08590      24.21593
      28.09600      24.21518
      28.10620      24.21443
      28.11640      24.21368
      28.12650      24.21294
      28.13670      24.21220
      28.14690      24.21146
      28.15700      24.21074
      28.16720      24.21001
      28.17740      24.20928
      28.18750      24.20857
      28.19770      24.20785
      28.20790      24.20713
      28.21800      24.20643
      28.22820      24.20572
      28.23830      24.20503
      28.24850      24.20433
      28.25870      24.20363
      28.26880      24.20294
      28.27900      24.20225
      28.28920      24.20157
      28.29930      24.20089
      28.30950      24.20021
      28.31970      24.19954
      28.32980      24.19887
      28.34000      24.19820
      28.35020      24.19754
      28.36030      24.19688
      28.37050      24.19622
      28.38060      24.19557
      28.39080      24.19492
      28.40100      24.19427
      28.41110      24.19363
      28.42130      24.19299
      28.43150      24.19235
      28.44160      24.19172
      28.45180      24.19109
      28.46200      24.19046
      28.47210      24.18984
      28.48230      24.18921
      28.49250      24.18859
      28.50260      24.18798
      28.51280      24.18736
      28.52300      24.18675
      28.53310      24.18615
      28.54330      24.18554
      28.55340      24.18495
      28.56360      24.18435
      28.57380      24.18375
      28.58390      24.18316
      28.59410      24.18257
      28.60430      24.18198
      28.61440      24.18140
      28.62460      24.18082
      28.63480      24.18024
      28.64490      24.17967
      28.65510      24.17909
      28.66530      24.17852
      28.67540      24.17796
      28.68560      24.17739
      28.69570      24.17683
      28.70590      24.17627
      28.71610      24.17571
      28.72620      24.17516
      28.73640      24.17461
      28.74660      24.17406
      28.75670      24.17352
      28.76690      24.17297
      28.77710      24.17243
      28.78720      24.17189
      28.79740      24.17135
      28.80760      24.17082
      28.81770      24.17029
      28.82790      24.16976
      28.83810      24.16923
      28.84820      24.16871
      28.85840      24.16819
      28.86850      24.16767
      28.87870      24.16715
      28.88890      24.16664
      28.89900      24.16613
      28.90920      24.16562
      28.91940      24.16511
      28.92950      24.16461
      28.93970      24.16410
      28.94990      24.16360
      28.96000      24.16311
      28.97020      24.16261
      28.98040      24.16212
      28.99050      24.16163
      29.00070      24.16114
      29.01080      24.16065
      29.02100      24.16017
      29.03120      24.15968
      29.04130      24.15921
      29.05150      24.15873
      29.06170      24.15825
      29.07180      24.15778
      29.08200      24.15731
      29.09220      24.15684
      29.10230      24.15637
      29.11250      24.15590
      29.12270      24.15544
      29.13280      24.15498
      29.14300      24.15452
      29.15310      24.15407
      29.16330      24.15361
      29.17350      24.15315
      29.18360      24.15271
      29.19380      24.15226
      29.20400      24.15181
      29.21410      24.15137
      29.22430      24.15092
      29.23450      24.15048
      29.24460      24.15004
      29.25480      24.14960
      29.26500      24.14916
      29.27510      24.14873
      29.28530      24.14830
      29.29550      24.14787
      29.30560      24.14744
      29.31580      24.14702
      29.32590      24.14660
      29.33610      24.14617
      29.34630      24.14575
      29.35640      24.14533
      29.36660      24.14491
      29.37680      24.14450
      29.38690      24.14409
      29.39710      24.14367
      29.40730      24.14326
      29.41740      24.14286
      29.42760      24.14245
      29.43780      24.14204
      29.44790      24.14164
      29.45810      24.14124
      29.46820      24.14084
      29.47840      24.14044
      29.48860      24.14005
      29.49870      24.13965
      29.50890      24.13926
      29.51910      24.13887
      29.52920      24.13848
      29.53940      24.13809
      29.54960      24.13770
      29.55970      24.13732
      29.56990      24.13694
      29.58010      24.13655
      29.59020      24.13618
      29.60040      24.13580
      29.61060      24.13542
      29.62070      24.13504
      29.63090      24.13467
      29.64100      24.13430
      29.65120      24.13393
      29.66140      24.13356
      29.67150      24.13319
      29.68170      24.13283
      29.69190      24.13246
      29.70200      24.13210
      29.71220      24.13174
      29.72240      24.13137
      29.73250      24.13102
      29.74270      24.13066
      29.75290      24.13030
      29.76300      24.12995
      29.77320      24.12960
      29.78330      24.12925
      29.79350      24.12890
      29.80370      24.12855
      29.81380      24.12820
      29.82400      24.12786
      29.83420      24.12751
      29.84430      24.12717
      29.85450      24.12683
      29.86470      24.12649
      29.87480      24.12615
      29.88500      24.12581
      29.89520      24.12547
      29.90530      24.12514
      29.91550      24.12481
      29.92570      24.12447
      29.93580      24.12414
      29.94600      24.12381
      29.95610      24.12349
      29.96630      24.12316
      29.97650      24.12283
      29.98660      24.12251
      29.99680      24.12219
      30.00700      24.12186
      30.01710      24.12155
      30.02730      24.12123
      30.03750      24.12090
      30.04760      24.12059
      30.05780      24.12027
      30.06800      24.11996
      30.07810      24.11965
      30.08830      24.11934
      30.09840      24.11903
      30.10860      24.11872
      30.11880      24.11841
      30.12890      24.11810
      30.13910      24.11780
      30.14930      24.11749
      30.15940      24.11719
      30.16960      24.11688
      30.17980      24.11658
      30.18990      24.11629
      30.20010      24.11599
      30.21030      24.11569
      30.22040      24.11539
      30.23060      24.11510
      30.24080      24.11480
      30.25090      24.11451
      30.26110      24.11422
      30.27120      24.11393
      30.28140      24.11364
      30.29160      24.11335
      30.30170      24.11306
      30.31190      24.11277
      30.32210      24.11249
      30.33220      24.11221
      30.34240      24.11192
      30.35260      24.11164
      30.36270      24.11136
      30.37290      24.11108
      30.38310      24.11080
      30.39320      24.11052
      30.40340      24.11024
      30.41350      24.10997
      30.42370      24.10969
      30.43390      24.10942
      30.44400      24.10915
      30.45420      24.10888
      30.46440      24.10860
      30.47450      24.10834
      30.48470      24.10807
      30.49490      24.10780
      30.50500      24.10753
      30.51520      24.10727
      30.52540      24.10700
      30.53550      24.10674
      30.54570      24.10647
      30.55590      24.10621
      30.56600      24.10595
      30.57620      24.10569
      30.58630      24.10543
      30.59650      24.10518
      30.60670      24.10492
      30.61680      24.10466
      30.62700      24.10441
      30.63720      24.10415
      30.64730      24.10390
      30.65750      24.10365
      30.66770      24.10339
      30.67780      24.10315
      30.68800      24.10290
      30.69820      24.10265
      30.70830      24.10240
      30.71850      24.10215
      30.72860      24.10191
      30.73880      24.10166
      30.74900      24.10142
      30.75910      24.10117
      30.76930      24.10093
      30.77950      24.10069
      30.78960      24.10045
      30.79980      24.10021
      30.81000      24.09997
      30.82010      24.09973
      30.83030      24.09949
      30.84050      24.09925
      30.85060      24.09902
      30.86080      24.09879
      30.87100      24.09855
      30.88110      24.09832
      30.89130      24.09809
      30.90140      24.09786
      30.91160      24.09762
      30.92180      24.09739
      30.93190      24.09717
      30.94210      24.09694
      30.95230      24.09671
      30.96240      24.09648
      30.97260      24.09626
      30.98280      24.09603
      30.99290      24.09581
      31.00310      24.09558
      31.01330      24.09536
      31.02340      24.09514
      31.03360      24.09492
      31.04370      24.09470
      31.05390      24.09448
      31.06410      24.09426
      31.07420      24.09404
      31.08440      24.09382
      31.09460      24.09361
      31.10470      24.09339
      31.11490      24.09318
      31.12510      24.09296
      31.13520      24.09275
      31.14540      24.09253
      31.15560      24.09232
      31.16570      24.09211
      31.17590      24.09190
      31.18600      24.09169
      31.19620      24.09148
      31.20640      24.09127
      31.21650      24.09106
      31.22670      24.09086
      31.23690      24.09065
      31.24700      24.09044
      31.25720      24.09024
      31.26740      24.09003
      31.27750      24.08983
      31.28770      24.08963
      31.29790      24.08942
      31.30800      24.08922
      31.31820      24.08902
      31.32840      24.08882
      31.33850      24.08862
      31.34870      24.08842
      31.35880      24.08823
      31.36900      24.08803
      31.37920      24.08783
      31.38930      24.08764
      31.39950      24.08744
      31.40970      24.08724
      31.41980      24.08705
      31.43000      24.08686
      31.44020      24.08666
      31.45030      24.08647
      31.46050      24.08628
      31.47070      24.08609
      31.48080      24.08590
      31.49100      24.08571
      31.50110      24.08552
      31.51130      24.08533
      31.52150      24.08514
      31.53160      24.08496
      31.54180      24.08477
      31.55200      24.08458
      31.56210      24.08440
      31.57230      24.08421
      31.58250      24.08403
      31.59260      24.08385
      31.60280      24.08366
      31.61300      24.08348
      31.62310      24.08330
      31.63330      24.08311
      31.64350      24.08293
      31.65360      24.08275
      31.66380      24.08257
      31.67390      24.08240
      31.68410      24.08222
      31.69430      24.08204
      31.70440      24.08186
      31.71460      24.08169
      31.72480      24.08151
      31.73490      24.08134
      31.74510      24.08116
      31.75530      24.08098
      31.76540      24.08081
      31.77560      24.08064
      31.78580      24.08047
      31.79590      24.08029
      31.80610      24.08012
      31.81620      24.07995
      31.82640      24.07978
      31.83660      24.07961
      31.84670      24.07944
      31.85690      24.07927
      31.86710      24.07910
      31.87720      24.07894
      31.88740      24.07877
      31.89760      24.07860
      31.90770      24.07844
      31.91790      24.07827
      31.92810      24.07810
      31.93820      24.07794
      31.94840      24.07778
      31.95860      24.07761
      31.96870      24.07745
      31.97890      24.07729
      31.98900      24.07713
      31.99920      24.07696
      32.00940      24.07680
      32.01950      24.07664
      32.02970      24.07648
      32.03990      24.07632
      32.05000      24.07616
      32.06020      24.07600
      32.07040      24.07585
      32.08050      24.07569
      32.09070      24.07553
      32.10090      24.07537
      32.11100      24.07522
      32.12120      24.07506
      32.13130      24.07491
      32.14150      24.07475
      32.15170      24.07460
      32.16180      24.07445
      32.17200      24.07429
      32.18220      24.07414
      32.19230      24.07399
      32.20250      24.07384
      32.21270      24.07368
      32.22280      24.07353
      32.23300      24.07338
      32.24320      24.07323
      32.25330      24.07308
      32.26350      24.07293
      32.27370      24.07278
      32.28380      24.07264
      32.29400      24.07249
      32.30410      24.07234
      32.31430      24.07220
      32.32450      24.07205
      32.33460      24.07190
      32.34480      24.07176
      32.35500      24.07161
      32.36510      24.07147
      32.37530      24.07132
      32.38550      24.07118
      32.39560      24.07104
      32.40580      24.07089
      32.41600      24.07075
      32.42610      24.07061
      32.43630      24.07047
      32.44640      24.07033
      32.45660      24.07019
      32.46680      24.07005
      32.47690      24.06991
      32.48710      24.06977
      32.49730      24.06963
      32.50740      24.06949
      32.51760      24.06935
      32.52780      24.06921
      32.53790      24.06908
      32.54810      24.06894
      32.55830      24.06880
      32.56840      24.06867
      32.57860      24.06853
      32.58880      24.06839
      32.59890      24.06826
      32.60910      24.06812
      32.61920      24.06799
      32.62940      24.06786
      32.63960      24.06772
      32.64970      24.06759
      32.65990      24.06746
      32.67010      24.06733
      32.68020      24.06720
      32.69040      24.06706
      32.70060      24.06693
      32.71070      24.06680
      32.72090      24.06667
      32.73110      24.06654
      32.74120      24.06641
      32.75140      24.06628
      32.76150      24.06615
      32.77170      24.06603
      32.78190      24.06590
      32.79200      24.06577
      32.80220      24.06564
      32.81240      24.06552
      32.82250      24.06539
      32.83270      24.06526
      32.84290      24.06514
      32.85300      24.06501
      32.86320      24.06489
      32.87340      24.06476
      32.88350      24.06464
      32.89370      24.06451
      32.90390      24.06439
      32.91400      24.06427
      32.92420      24.06414
      32.93430      24.06402
      32.94450      24.06390
      32.95470      24.06378
      32.96480      24.06366
      32.97500      24.06353
      32.98520      24.06341
      32.99530      24.06329
      33.00550      24.06317
      33.01570      24.06305
      33.02580      24.06293
      33.03600      24.06281
      33.04620      24.06269
      33.05630      24.06258
      33.06650      24.06246
      33.07660      24.06234
      33.08680      24.06222
      33.09700      24.06211
      33.10710      24.06199
      33.11730      24.06187
      33.12750      24.06176
      33.13760      24.06164
      33.14780      24.06153
      33.15800      24.06141
      33.16810      24.06130
      33.17830      24.06118
      33.18850      24.06107
      33.19860      24.06095
      33.20880      24.06084
      33.21890      24.06073
      33.22910      24.06061
      33.23930      24.06050
      33.24940      24.06039
      33.25960      24.06028
      33.26980      24.06017
      33.27990      24.06005
      33.29010      24.05994
      33.30030      24.05983
      33.31040      24.05972
      33.32060      24.05961
      33.33080      24.05950
      33.34090      24.05939
      33.35110      24.05928
      33.36130      24.05917
      33.37140      24.05906
      33.38160      24.05896
      33.39170      24.05885
      33.40190      24.05874
      33.41210      24.05863
      33.42220      24.05853
      33.43240      24.05842
      33.44260      24.05831
      33.45270      24.05821
      33.46290      24.05810
      33.47310      24.05799
      33.48320      24.05789
      33.49340      24.05779
      33.50360      24.05768
      33.51370      24.05758
      33.52390      24.05747
      33.53400      24.05737
      33.54420      24.05726
      33.55440      24.05716
      33.56450      24.05706
      33.57470      24.05695
      33.58490      24.05685
      33.59500      24.05675
      33.60520      24.05665
      33.61540      24.05655
      33.62550      24.05644
      33.63570      24.05634
      33.64590      24.05624
      33.65600      24.05614
      33.66620      24.05604
      33.67640      24.05594
      33.68650      24.05584
      33.69670      24.05574
      33.70680      24.05564
      33.71700      24.05554
      33.72720      24.05544
      33.73730      24.05535
      33.74750      24.05525
      33.75770      24.05515
      33.76780      24.05505
      33.77800      24.05495
      33.78820      24.05486
      33.79830      24.05476
      33.80850      24.05466
      33.81870      24.05457
      33.82880      24.05447
      33.83900      24.05437
      33.84910      24.05428
      33.85930      24.05418
      33.86950      24.05409
      33.87960      24.05399
      33.88980      24.05390
      33.90000      24.05380
      33.91010      24.05371
      33.92030      24.05362
      33.93050      24.05352
      33.94060      24.05343
      33.95080      24.05334
      33.96100      24.05324
      33.97110      24.05315
      33.98130      24.05306
      33.99150      24.05296
      34.00160      24.05287
      34.01180      24.05278
      34.02190      24.05269
      34.03210      24.05260
      34.04230      24.05251
      34.05240      24.05242
      34.06260      24.05232
      34.07280      24.05223
      34.08290      24.05215
      34.09310      24.05206
      34.10330      24.05196
      34.11340      24.05188
      34.12360      24.05179
      34.13380      24.05170
      34.14390      24.05161
      34.15410      24.05152
      34.16420      24.05143
      34.17440      24.05134
      34.18460      24.05126
      34.19470      24.05117
      34.20490      24.05108
      34.21510      24.05099
      34.22520      24.05091
      34.23540      24.05082
      34.24560      24.05073
      34.25570      24.05065
      34.26590      24.05056
      34.27610      24.05048
      34.28620      24.05039
      34.29640      24.05030
      34.30660      24.05022
      34.31670      24.05013
      34.32690      24.05005
      34.33700      24.04996
      34.34720      24.04988
      34.35740      24.04980
      34.36750      24.04971
      34.37770      24.04963
      34.38790      24.04955
      34.39800      24.04946
      34.40820      24.04938
      34.41840      24.04930
      34.42850      24.04921
      34.43870      24.04913
      34.44890      24.04905
      34.45900      24.04897
      34.46920      24.04889
      34.47930      24.04880
      34.48950      24.04872
      34.49970      24.04864
      34.50980      24.04856
      34.52000      24.04848
      34.53020      24.04840
      34.54030      24.04832
      34.55050      24.04824
      34.56070      24.04816
      34.57080      24.04808
      34.58100      24.04800
      34.59120      24.04792
      34.60130      24.04784
      34.61150      24.04776
      34.62170      24.04768
      34.63180      24.04760
      34.64200      24.04753
      34.65210      24.04745
      34.66230      24.04737
      34.67250      24.04729
      34.68260      24.04721
      34.69280      24.04714
      34.70300      24.04706
      34.71310      24.04698
      34.72330      24.04691
      34.73350      24.04683
      34.74360      24.04675
      34.75380      24.04667
      34.76400      24.04660
      34.77410      24.04652
      34.78430      24.04645
      34.79440      24.04637
      34.80460      24.04630
      34.81480      24.04622
      34.82490      24.04615
      34.83510      24.04607
      34.84530      24.04600
      34.85540      24.04592
      34.86560      24.04585
      34.87580      24.04577
      34.88590      24.04570
      34.89610      24.04563
      34.90630      24.04555
      34.91640      24.04548
      34.92660      24.04541
      34.93670      24.04533
      34.94690      24.04526
      34.95710      24.04519
      34.96720      24.04511
      34.97740      24.04504
      34.98760      24.04497
      34.99770      24.04490
      35.00790      24.04483
      35.01810      24.04475
      35.02820      24.04468
      35.03840      24.04461
      35.04860      24.04454
      35.05870      24.04447
      35.06890      24.04440
      35.07910      24.04433
      35.08920      24.04426
      35.09940      24.04419
      35.10950      24.04412
      35.11970      24.04405
      35.12990      24.04398
      35.14000      24.04391
      35.15020      24.04384
      35.16040      24.04377
      35.17050      24.04370
      35.18070      24.04363
      35.19090      24.04356
      35.20100      24.04349
      35.21120      24.04342
      35.22140      24.04336
      35.23150      24.04329
      35.24170      24.04322
      35.25180      24.04315
      35.26200      24.04309
      35.27220      24.04302
      35.28230      24.04295
      35.29250      24.04288
      35.30270      24.04282
      35.31280      24.04275
      35.32300      24.04268
      35.33320      24.04262
      35.34330      24.04255
      35.35350      24.04248
      35.36370      24.04242
      35.37380      24.04235
      35.38400      24.04228
      35.39420      24.04222
      35.40430      24.04215
      35.41450      24.04209
      35.42460      24.04202
      35.43480      24.04196
      35.44500      24.04189
      35.45510      24.04183
      35.46530      24.04176
      35.47550      24.04170
      35.48560      24.04164
      35.49580      24.04157
      35.50600      24.04151
      35.51610      24.04144
      35.52630      24.04138
      35.53650      24.04132
      35.54660      24.04125
      35.55680      24.04119
      35.56690      24.04113
      35.57710      24.04106
      35.58730      24.04100
      35.59740      24.04094
      35.60760      24.04087
      35.61780      24.04081
      35.62790      24.04075
      35.63810      24.04069
      35.64830      24.04063
      35.65840      24.04056
      35.66860      24.04050
      35.67880      24.04044
      35.68890      24.04038
      35.69910      24.04032
      35.70930      24.04026
      35.71940      24.04020
      35.72960      24.04013
      35.73970      24.04008
      35.74990      24.04001
      35.76010      24.03995
      35.77020      24.03989
      35.78040      24.03983
      35.79060      24.03977
      35.80070      24.03971
      35.81090      24.03965
      35.82110      24.03959
      35.83120      24.03953
      35.84140      24.03947
      35.85160      24.03942
      35.86170      24.03936
      35.87190      24.03930
      35.88200      24.03924
      35.89220      24.03918
      35.90240      24.03912
      35.91250      24.03906
      35.92270      24.03901
      35.93290      24.03895
      35.94300      24.03889
      35.95320      24.03883
      35.96340      24.03877
      35.97350      24.03872
      35.98370      24.03866
      35.99390      24.03860
