! TITLE: Yobs                                                                                                                                                                                                                                                            
! peaks position
      18.51076      -4.22100
      20.25317      -4.22100
      22.33244      -4.22100
      28.25645      -4.22100
      29.75146      -4.22100
      33.32811      -4.22100
      17.50000      -4.22100
      19.95091      -4.22100
