! TITLE: Yobs                                                                                                                                                                                                                                                            
! Peak:  2
       6.00860      24.00001
       6.01870      24.00001
       6.02890      24.00001
       6.03910      24.00001
       6.04920      24.00001
       6.05940      24.00001
       6.06960      24.00001
       6.07970      24.00001
       6.08990      24.00001
       6.10010      24.00001
       6.11020      24.00001
       6.12040      24.00001
       6.13060      24.00001
       6.14070      24.00001
       6.15090      24.00001
       6.16110      24.00001
       6.17120      24.00001
       6.18140      24.00001
       6.19150      24.00001
       6.20170      24.00001
       6.21190      24.00001
       6.22200      24.00001
       6.23220      24.00001
       6.24240      24.00001
       6.25250      24.00001
       6.26270      24.00001
       6.27290      24.00001
       6.28300      24.00001
       6.29320      24.00001
       6.30340      24.00001
       6.31350      24.00001
       6.32370      24.00001
       6.33380      24.00001
       6.34400      24.00001
       6.35420      24.00001
       6.36430      24.00001
       6.37450      24.00001
       6.38470      24.00001
       6.39480      24.00001
       6.40500      24.00001
       6.41520      24.00001
       6.42530      24.00001
       6.43550      24.00001
       6.44570      24.00001
       6.45580      24.00001
       6.46600      24.00001
       6.47620      24.00001
       6.48630      24.00001
       6.49650      24.00001
       6.50660      24.00001
       6.51680      24.00001
       6.52700      24.00001
       6.53710      24.00001
       6.54730      24.00001
       6.55750      24.00001
       6.56760      24.00001
       6.57780      24.00001
       6.58800      24.00001
       6.59810      24.00001
       6.60830      24.00001
       6.61850      24.00001
       6.62860      24.00001
       6.63880      24.00001
       6.64890      24.00001
       6.65910      24.00001
       6.66930      24.00001
       6.67940      24.00001
       6.68960      24.00001
       6.69980      24.00001
       6.70990      24.00001
       6.72010      24.00001
       6.73030      24.00001
       6.74040      24.00001
       6.75060      24.00001
       6.76080      24.00001
       6.77090      24.00001
       6.78110      24.00001
       6.79130      24.00001
       6.80140      24.00001
       6.81160      24.00001
       6.82170      24.00001
       6.83190      24.00001
       6.84210      24.00001
       6.85220      24.00001
       6.86240      24.00001
       6.87260      24.00001
       6.88270      24.00001
       6.89290      24.00001
       6.90310      24.00001
       6.91320      24.00001
       6.92340      24.00001
       6.93360      24.00001
       6.94370      24.00001
       6.95390      24.00001
       6.96400      24.00001
       6.97420      24.00001
       6.98440      24.00001
       6.99450      24.00001
       7.00470      24.00001
       7.01490      24.00001
       7.02500      24.00001
       7.03520      24.00001
       7.04540      24.00001
       7.05550      24.00001
       7.06570      24.00001
       7.07590      24.00001
       7.08600      24.00001
       7.09620      24.00001
       7.10640      24.00001
       7.11650      24.00001
       7.12670      24.00001
       7.13680      24.00001
       7.14700      24.00001
       7.15720      24.00001
       7.16730      24.00001
       7.17750      24.00001
       7.18770      24.00001
       7.19780      24.00001
       7.20800      24.00001
       7.21820      24.00001
       7.22830      24.00001
       7.23850      24.00001
       7.24870      24.00001
       7.25880      24.00001
       7.26900      24.00001
       7.27910      24.00001
       7.28930      24.00001
       7.29950      24.00001
       7.30960      24.00001
       7.31980      24.00001
       7.33000      24.00001
       7.34010      24.00001
       7.35030      24.00001
       7.36050      24.00001
       7.37060      24.00001
       7.38080      24.00001
       7.39100      24.00001
       7.40110      24.00001
       7.41130      24.00001
       7.42150      24.00001
       7.43160      24.00001
       7.44180      24.00001
       7.45190      24.00001
       7.46210      24.00001
       7.47230      24.00001
       7.48240      24.00001
       7.49260      24.00001
       7.50280      24.00001
       7.51290      24.00001
       7.52310      24.00001
       7.53330      24.00001
       7.54340      24.00001
       7.55360      24.00001
       7.56380      24.00001
       7.57390      24.00001
       7.58410      24.00001
       7.59420      24.00001
       7.60440      24.00001
       7.61460      24.00001
       7.62470      24.00001
       7.63490      24.00001
       7.64510      24.00001
       7.65520      24.00001
       7.66540      24.00001
       7.67560      24.00001
       7.68570      24.00001
       7.69590      24.00001
       7.70610      24.00001
       7.71620      24.00001
       7.72640      24.00001
       7.73650      24.00001
       7.74670      24.00001
       7.75690      24.00001
       7.76700      24.00001
       7.77720      24.00001
       7.78740      24.00001
       7.79750      24.00001
       7.80770      24.00001
       7.81790      24.00001
       7.82800      24.00001
       7.83820      24.00001
       7.84840      24.00001
       7.85850      24.00001
       7.86870      24.00001
       7.87890      24.00001
       7.88900      24.00001
       7.89920      24.00001
       7.90930      24.00001
       7.91950      24.00001
       7.92970      24.00001
       7.93980      24.00001
       7.95000      24.00001
       7.96020      24.00001
       7.97030      24.00001
       7.98050      24.00001
       7.99070      24.00001
       8.00080      24.00001
       8.01100      24.00001
       8.02120      24.00001
       8.03130      24.00001
       8.04150      24.00001
       8.05160      24.00001
       8.06180      24.00001
       8.07200      24.00001
       8.08210      24.00001
       8.09230      24.00001
       8.10250      24.00001
       8.11260      24.00001
       8.12280      24.00001
       8.13300      24.00001
       8.14310      24.00001
       8.15330      24.00001
       8.16350      24.00001
       8.17360      24.00001
       8.18380      24.00001
       8.19400      24.00001
       8.20410      24.00001
       8.21430      24.00001
       8.22440      24.00001
       8.23460      24.00001
       8.24480      24.00001
       8.25490      24.00001
       8.26510      24.00001
       8.27530      24.00001
       8.28540      24.00001
       8.29560      24.00001
       8.30580      24.00001
       8.31590      24.00001
       8.32610      24.00001
       8.33630      24.00001
       8.34640      24.00001
       8.35660      24.00001
       8.36670      24.00001
       8.37690      24.00001
       8.38710      24.00001
       8.39720      24.00001
       8.40740      24.00001
       8.41760      24.00001
       8.42770      24.00001
       8.43790      24.00001
       8.44810      24.00001
       8.45820      24.00001
       8.46840      24.00001
       8.47860      24.00001
       8.48870      24.00001
       8.49890      24.00001
       8.50910      24.00001
       8.51920      24.00001
       8.52940      24.00001
       8.53950      24.00001
       8.54970      24.00001
       8.55990      24.00001
       8.57000      24.00001
       8.58020      24.00001
       8.59040      24.00001
       8.60050      24.00001
       8.61070      24.00001
       8.62090      24.00001
       8.63100      24.00001
       8.64120      24.00001
       8.65140      24.00001
       8.66150      24.00001
       8.67170      24.00001
       8.68180      24.00001
       8.69200      24.00001
       8.70220      24.00001
       8.71230      24.00001
       8.72250      24.00001
       8.73270      24.00001
       8.74280      24.00001
       8.75300      24.00001
       8.76320      24.00001
       8.77330      24.00002
       8.78350      24.00002
       8.79370      24.00002
       8.80380      24.00002
       8.81400      24.00002
       8.82420      24.00002
       8.83430      24.00002
       8.84450      24.00002
       8.85460      24.00002
       8.86480      24.00002
       8.87500      24.00002
       8.88510      24.00002
       8.89530      24.00002
       8.90550      24.00002
       8.91560      24.00002
       8.92580      24.00002
       8.93600      24.00002
       8.94610      24.00002
       8.95630      24.00002
       8.96650      24.00002
       8.97660      24.00002
       8.98680      24.00002
       8.99690      24.00002
       9.00710      24.00002
       9.01730      24.00002
       9.02740      24.00002
       9.03760      24.00002
       9.04780      24.00002
       9.05790      24.00002
       9.06810      24.00002
       9.07830      24.00002
       9.08840      24.00002
       9.09860      24.00002
       9.10880      24.00002
       9.11890      24.00002
       9.12910      24.00002
       9.13930      24.00002
       9.14940      24.00002
       9.15960      24.00002
       9.16970      24.00002
       9.17990      24.00002
       9.19010      24.00002
       9.20020      24.00002
       9.21040      24.00002
       9.22060      24.00002
       9.23070      24.00002
       9.24090      24.00002
       9.25110      24.00002
       9.26120      24.00002
       9.27140      24.00002
       9.28160      24.00002
       9.29170      24.00002
       9.30190      24.00002
       9.31200      24.00002
       9.32220      24.00002
       9.33240      24.00002
       9.34250      24.00002
       9.35270      24.00002
       9.36290      24.00002
       9.37300      24.00002
       9.38320      24.00002
       9.39340      24.00002
       9.40350      24.00002
       9.41370      24.00002
       9.42390      24.00002
       9.43400      24.00002
       9.44420      24.00002
       9.45440      24.00002
       9.46450      24.00002
       9.47470      24.00002
       9.48480      24.00002
       9.49500      24.00002
       9.50520      24.00002
       9.51530      24.00002
       9.52550      24.00002
       9.53570      24.00002
       9.54580      24.00002
       9.55600      24.00002
       9.56620      24.00002
       9.57630      24.00002
       9.58650      24.00002
       9.59670      24.00002
       9.60680      24.00002
       9.61700      24.00002
       9.62710      24.00002
       9.63730      24.00002
       9.64750      24.00002
       9.65760      24.00002
       9.66780      24.00002
       9.67800      24.00002
       9.68810      24.00002
       9.69830      24.00002
       9.70850      24.00002
       9.71860      24.00002
       9.72880      24.00002
       9.73900      24.00002
       9.74910      24.00002
       9.75930      24.00002
       9.76940      24.00002
       9.77960      24.00002
       9.78980      24.00002
       9.79990      24.00002
       9.81010      24.00002
       9.82030      24.00002
       9.83040      24.00002
       9.84060      24.00002
       9.85080      24.00002
       9.86090      24.00002
       9.87110      24.00002
       9.88130      24.00002
       9.89140      24.00002
       9.90160      24.00002
       9.91180      24.00002
       9.92190      24.00002
       9.93210      24.00002
       9.94220      24.00002
       9.95240      24.00002
       9.96260      24.00002
       9.97270      24.00002
       9.98290      24.00002
       9.99310      24.00002
      10.00320      24.00002
      10.01340      24.00002
      10.02360      24.00002
      10.03370      24.00002
      10.04390      24.00002
      10.05410      24.00002
      10.06420      24.00002
      10.07440      24.00002
      10.08450      24.00002
      10.09470      24.00002
      10.10490      24.00002
      10.11500      24.00002
      10.12520      24.00002
      10.13540      24.00002
      10.14550      24.00002
      10.15570      24.00002
      10.16590      24.00002
      10.17600      24.00002
      10.18620      24.00002
      10.19640      24.00002
      10.20650      24.00002
      10.21670      24.00002
      10.22690      24.00002
      10.23700      24.00002
      10.24720      24.00002
      10.25730      24.00002
      10.26750      24.00002
      10.27770      24.00002
      10.28780      24.00002
      10.29800      24.00002
      10.30820      24.00002
      10.31830      24.00002
      10.32850      24.00002
      10.33870      24.00002
      10.34880      24.00002
      10.35900      24.00002
      10.36920      24.00002
      10.37930      24.00002
      10.38950      24.00002
      10.39960      24.00002
      10.40980      24.00002
      10.42000      24.00002
      10.43010      24.00002
      10.44030      24.00002
      10.45050      24.00002
      10.46060      24.00002
      10.47080      24.00002
      10.48100      24.00002
      10.49110      24.00002
      10.50130      24.00002
      10.51150      24.00002
      10.52160      24.00002
      10.53180      24.00002
      10.54200      24.00002
      10.55210      24.00002
      10.56230      24.00002
      10.57240      24.00002
      10.58260      24.00002
      10.59280      24.00002
      10.60290      24.00002
      10.61310      24.00002
      10.62330      24.00002
      10.63340      24.00002
      10.64360      24.00002
      10.65380      24.00002
      10.66390      24.00002
      10.67410      24.00002
      10.68430      24.00002
      10.69440      24.00002
      10.70460      24.00002
      10.71470      24.00002
      10.72490      24.00002
      10.73510      24.00002
      10.74520      24.00002
      10.75540      24.00002
      10.76560      24.00002
      10.77570      24.00002
      10.78590      24.00002
      10.79610      24.00002
      10.80620      24.00002
      10.81640      24.00002
      10.82660      24.00002
      10.83670      24.00002
      10.84690      24.00002
      10.85710      24.00002
      10.86720      24.00002
      10.87740      24.00002
      10.88750      24.00002
      10.89770      24.00002
      10.90790      24.00002
      10.91800      24.00002
      10.92820      24.00002
      10.93840      24.00002
      10.94850      24.00002
      10.95870      24.00002
      10.96890      24.00002
      10.97900      24.00002
      10.98920      24.00002
      10.99940      24.00002
      11.00950      24.00002
      11.01970      24.00002
      11.02980      24.00002
      11.04000      24.00002
      11.05020      24.00002
      11.06030      24.00002
      11.07050      24.00002
      11.08070      24.00002
      11.09080      24.00002
      11.10100      24.00002
      11.11120      24.00002
      11.12130      24.00002
      11.13150      24.00002
      11.14170      24.00002
      11.15180      24.00002
      11.16200      24.00002
      11.17220      24.00002
      11.18230      24.00002
      11.19250      24.00002
      11.20260      24.00002
      11.21280      24.00002
      11.22300      24.00002
      11.23310      24.00002
      11.24330      24.00002
      11.25350      24.00002
      11.26360      24.00002
      11.27380      24.00002
      11.28400      24.00002
      11.29410      24.00002
      11.30430      24.00002
      11.31450      24.00002
      11.32460      24.00002
      11.33480      24.00002
      11.34490      24.00002
      11.35510      24.00002
      11.36530      24.00002
      11.37540      24.00002
      11.38560      24.00002
      11.39580      24.00002
      11.40590      24.00002
      11.41610      24.00002
      11.42630      24.00002
      11.43640      24.00002
      11.44660      24.00002
      11.45680      24.00002
      11.46690      24.00002
      11.47710      24.00002
      11.48730      24.00002
      11.49740      24.00002
      11.50760      24.00002
      11.51770      24.00002
      11.52790      24.00002
      11.53810      24.00002
      11.54820      24.00002
      11.55840      24.00002
      11.56860      24.00002
      11.57870      24.00002
      11.58890      24.00002
      11.59910      24.00002
      11.60920      24.00002
      11.61940      24.00002
      11.62960      24.00002
      11.63970      24.00002
      11.64990      24.00002
      11.66000      24.00002
      11.67020      24.00002
      11.68040      24.00002
      11.69050      24.00002
      11.70070      24.00002
      11.71090      24.00003
      11.72100      24.00003
      11.73120      24.00003
      11.74140      24.00003
      11.75150      24.00003
      11.76170      24.00003
      11.77190      24.00003
      11.78200      24.00003
      11.79220      24.00003
      11.80230      24.00003
      11.81250      24.00003
      11.82270      24.00003
      11.83280      24.00003
      11.84300      24.00003
      11.85320      24.00003
      11.86330      24.00003
      11.87350      24.00003
      11.88370      24.00003
      11.89380      24.00003
      11.90400      24.00003
      11.91420      24.00003
      11.92430      24.00003
      11.93450      24.00003
      11.94470      24.00003
      11.95480      24.00003
      11.96500      24.00003
      11.97510      24.00003
      11.98530      24.00003
      11.99550      24.00003
      12.00560      24.00003
      12.01580      24.00003
      12.02600      24.00003
      12.03610      24.00003
      12.04630      24.00003
      12.05650      24.00003
      12.06660      24.00003
      12.07680      24.00003
      12.08700      24.00003
      12.09710      24.00003
      12.10730      24.00003
      12.11740      24.00003
      12.12760      24.00003
      12.13780      24.00003
      12.14790      24.00003
      12.15810      24.00003
      12.16830      24.00003
      12.17840      24.00003
      12.18860      24.00003
      12.19880      24.00003
      12.20890      24.00003
      12.21910      24.00003
      12.22930      24.00003
      12.23940      24.00003
      12.24960      24.00003
      12.25980      24.00003
      12.26990      24.00003
      12.28010      24.00003
      12.29020      24.00003
      12.30040      24.00003
      12.31060      24.00003
      12.32070      24.00003
      12.33090      24.00003
      12.34110      24.00003
      12.35120      24.00003
      12.36140      24.00003
      12.37160      24.00003
      12.38170      24.00003
      12.39190      24.00003
      12.40210      24.00003
      12.41220      24.00003
      12.42240      24.00003
      12.43250      24.00003
      12.44270      24.00003
      12.45290      24.00003
      12.46300      24.00003
      12.47320      24.00003
      12.48340      24.00003
      12.49350      24.00003
      12.50370      24.00003
      12.51390      24.00003
      12.52400      24.00003
      12.53420      24.00003
      12.54440      24.00003
      12.55450      24.00003
      12.56470      24.00003
      12.57490      24.00003
      12.58500      24.00003
      12.59520      24.00003
      12.60530      24.00003
      12.61550      24.00003
      12.62570      24.00003
      12.63580      24.00003
      12.64600      24.00003
      12.65620      24.00003
      12.66630      24.00003
      12.67650      24.00003
      12.68670      24.00003
      12.69680      24.00003
      12.70700      24.00003
      12.71720      24.00003
      12.72730      24.00003
      12.73750      24.00003
      12.74760      24.00003
      12.75780      24.00003
      12.76800      24.00003
      12.77810      24.00003
      12.78830      24.00003
      12.79850      24.00003
      12.80860      24.00003
      12.81880      24.00003
      12.82900      24.00003
      12.83910      24.00003
      12.84930      24.00003
      12.85950      24.00003
      12.86960      24.00003
      12.87980      24.00003
      12.89000      24.00003
      12.90010      24.00003
      12.91030      24.00003
      12.92040      24.00003
      12.93060      24.00003
      12.94080      24.00003
      12.95090      24.00003
      12.96110      24.00003
      12.97130      24.00004
      12.98140      24.00004
      12.99160      24.00004
      13.00180      24.00004
      13.01190      24.00004
      13.02210      24.00004
      13.03230      24.00004
      13.04240      24.00004
      13.05260      24.00004
      13.06270      24.00004
      13.07290      24.00004
      13.08310      24.00004
      13.09320      24.00004
      13.10340      24.00004
      13.11360      24.00004
      13.12370      24.00004
      13.13390      24.00004
      13.14410      24.00004
      13.15420      24.00004
      13.16440      24.00004
      13.17460      24.00004
      13.18470      24.00004
      13.19490      24.00004
      13.20510      24.00004
      13.21520      24.00004
      13.22540      24.00004
      13.23550      24.00004
      13.24570      24.00004
      13.25590      24.00004
      13.26600      24.00004
      13.27620      24.00004
      13.28640      24.00004
      13.29650      24.00004
      13.30670      24.00004
      13.31690      24.00004
      13.32700      24.00004
      13.33720      24.00004
      13.34740      24.00004
      13.35750      24.00004
      13.36770      24.00004
      13.37780      24.00004
      13.38800      24.00004
      13.39820      24.00004
      13.40830      24.00004
      13.41850      24.00004
      13.42870      24.00004
      13.43880      24.00004
      13.44900      24.00004
      13.45920      24.00004
      13.46930      24.00004
      13.47950      24.00004
      13.48970      24.00004
      13.49980      24.00004
      13.51000      24.00004
      13.52010      24.00004
      13.53030      24.00004
      13.54050      24.00004
      13.55060      24.00004
      13.56080      24.00004
      13.57100      24.00004
      13.58110      24.00004
      13.59130      24.00004
      13.60150      24.00004
      13.61160      24.00004
      13.62180      24.00004
      13.63200      24.00004
      13.64210      24.00004
      13.65230      24.00004
      13.66250      24.00004
      13.67260      24.00004
      13.68280      24.00004
      13.69290      24.00004
      13.70310      24.00004
      13.71330      24.00004
      13.72340      24.00004
      13.73360      24.00004
      13.74380      24.00004
      13.75390      24.00004
      13.76410      24.00004
      13.77430      24.00004
      13.78440      24.00004
      13.79460      24.00004
      13.80480      24.00005
      13.81490      24.00005
      13.82510      24.00005
      13.83520      24.00005
      13.84540      24.00005
      13.85560      24.00005
      13.86570      24.00005
      13.87590      24.00005
      13.88610      24.00005
      13.89620      24.00005
      13.90640      24.00005
      13.91660      24.00005
      13.92670      24.00005
      13.93690      24.00005
      13.94710      24.00005
      13.95720      24.00005
      13.96740      24.00005
      13.97760      24.00005
      13.98770      24.00005
      13.99790      24.00005
      14.00800      24.00005
      14.01820      24.00005
      14.02840      24.00005
      14.03850      24.00005
      14.04870      24.00005
      14.05890      24.00005
      14.06900      24.00005
      14.07920      24.00005
      14.08940      24.00005
      14.09950      24.00005
      14.10970      24.00005
      14.11990      24.00005
      14.13000      24.00005
      14.14020      24.00005
      14.15030      24.00005
      14.16050      24.00005
      14.17070      24.00005
      14.18080      24.00005
      14.19100      24.00005
      14.20120      24.00005
      14.21130      24.00005
      14.22150      24.00005
      14.23170      24.00005
      14.24180      24.00005
      14.25200      24.00005
      14.26220      24.00005
      14.27230      24.00005
      14.28250      24.00005
      14.29270      24.00005
      14.30280      24.00005
      14.31300      24.00005
      14.32310      24.00005
      14.33330      24.00005
      14.34350      24.00005
      14.35360      24.00005
      14.36380      24.00005
      14.37400      24.00005
      14.38410      24.00005
      14.39430      24.00005
      14.40450      24.00005
      14.41460      24.00006
      14.42480      24.00006
      14.43500      24.00006
      14.44510      24.00006
      14.45530      24.00006
      14.46540      24.00006
      14.47560      24.00006
      14.48580      24.00006
      14.49590      24.00006
      14.50610      24.00006
      14.51630      24.00006
      14.52640      24.00006
      14.53660      24.00006
      14.54680      24.00006
      14.55690      24.00006
      14.56710      24.00006
      14.57730      24.00006
      14.58740      24.00006
      14.59760      24.00006
      14.60780      24.00006
      14.61790      24.00006
      14.62810      24.00006
      14.63820      24.00006
      14.64840      24.00006
      14.65860      24.00006
      14.66870      24.00006
      14.67890      24.00006
      14.68910      24.00006
      14.69920      24.00006
      14.70940      24.00006
      14.71960      24.00006
      14.72970      24.00006
      14.73990      24.00006
      14.75010      24.00006
      14.76020      24.00006
      14.77040      24.00006
      14.78050      24.00006
      14.79070      24.00006
      14.80090      24.00006
      14.81100      24.00006
      14.82120      24.00006
      14.83140      24.00006
      14.84150      24.00006
      14.85170      24.00006
      14.86190      24.00006
      14.87200      24.00006
      14.88220      24.00006
      14.89240      24.00006
      14.90250      24.00006
      14.91270      24.00006
      14.92290      24.00006
      14.93300      24.00006
      14.94320      24.00006
      14.95330      24.00007
      14.96350      24.00007
      14.97370      24.00007
      14.98380      24.00007
      14.99400      24.00007
      15.00420      24.00007
      15.01430      24.00007
      15.02450      24.00007
      15.03470      24.00007
      15.04480      24.00007
      15.05500      24.00007
      15.06520      24.00007
      15.07530      24.00007
      15.08550      24.00007
      15.09560      24.00007
      15.10580      24.00007
      15.11600      24.00007
      15.12610      24.00007
      15.13630      24.00007
      15.14650      24.00007
      15.15660      24.00007
      15.16680      24.00007
      15.17700      24.00007
      15.18710      24.00007
      15.19730      24.00007
      15.20750      24.00007
      15.21760      24.00007
      15.22780      24.00007
      15.23800      24.00007
      15.24810      24.00007
      15.25830      24.00007
      15.26840      24.00007
      15.27860      24.00007
      15.28880      24.00007
      15.29890      24.00007
      15.30910      24.00007
      15.31930      24.00008
      15.32940      24.00008
      15.33960      24.00008
      15.34980      24.00008
      15.35990      24.00008
      15.37010      24.00008
      15.38030      24.00008
      15.39040      24.00008
      15.40060      24.00008
      15.41070      24.00008
      15.42090      24.00008
      15.43110      24.00008
      15.44120      24.00008
      15.45140      24.00008
      15.46160      24.00008
      15.47170      24.00008
      15.48190      24.00008
      15.49210      24.00008
      15.50220      24.00008
      15.51240      24.00008
      15.52260      24.00008
      15.53270      24.00008
      15.54290      24.00008
      15.55300      24.00008
      15.56320      24.00008
      15.57340      24.00008
      15.58350      24.00008
      15.59370      24.00008
      15.60390      24.00009
      15.61400      24.00009
      15.62420      24.00009
      15.63440      24.00009
      15.64450      24.00009
      15.65470      24.00009
      15.66490      24.00009
      15.67500      24.00009
      15.68520      24.00009
      15.69540      24.00009
      15.70550      24.00009
      15.71570      24.00009
      15.72580      24.00009
      15.73600      24.00009
      15.74620      24.00009
      15.75630      24.00009
      15.76650      24.00009
      15.77670      24.00009
      15.78680      24.00009
      15.79700      24.00009
      15.80720      24.00009
      15.81730      24.00009
      15.82750      24.00009
      15.83770      24.00010
      15.84780      24.00010
      15.85800      24.00010
      15.86810      24.00010
      15.87830      24.00010
      15.88850      24.00010
      15.89860      24.00010
      15.90880      24.00010
      15.91900      24.00010
      15.92910      24.00010
      15.93930      24.00010
      15.94950      24.00010
      15.95960      24.00010
      15.96980      24.00010
      15.98000      24.00010
      15.99010      24.00010
      16.00030      24.00010
      16.01050      24.00010
      16.02060      24.00010
      16.03080      24.00011
      16.04090      24.00011
      16.05110      24.00011
      16.06130      24.00011
      16.07140      24.00011
      16.08160      24.00011
      16.09180      24.00011
      16.10190      24.00011
      16.11210      24.00011
      16.12230      24.00011
      16.13240      24.00011
      16.14260      24.00012
      16.15280      24.00012
      16.16290      24.00012
      16.17310      24.00012
      16.18320      24.00012
      16.19340      24.00012
      16.20360      24.00012
      16.21370      24.00013
      16.22390      24.00013
      16.23410      24.00013
      16.24420      24.00013
      16.25440      24.00013
      16.26460      24.00014
      16.27470      24.00014
      16.28490      24.00014
      16.29510      24.00014
      16.30520      24.00014
      16.31540      24.00015
      16.32560      24.00015
      16.33570      24.00015
      16.34590      24.00016
      16.35600      24.00016
      16.36620      24.00016
      16.37640      24.00017
      16.38650      24.00017
      16.39670      24.00018
      16.40690      24.00018
      16.41700      24.00019
      16.42720      24.00019
      16.43740      24.00020
      16.44750      24.00020
      16.45770      24.00021
      16.46790      24.00022
      16.47800      24.00022
      16.48820      24.00023
      16.49830      24.00024
      16.50850      24.00025
      16.51870      24.00026
      16.52880      24.00027
      16.53900      24.00028
      16.54920      24.00029
      16.55930      24.00030
      16.56950      24.00031
      16.57970      24.00033
      16.58980      24.00034
      16.60000      24.00035
      16.61020      24.00037
      16.62030      24.00039
      16.63050      24.00041
      16.64070      24.00043
      16.65080      24.00044
      16.66100      24.00047
      16.67110      24.00049
      16.68130      24.00051
      16.69150      24.00054
      16.70160      24.00057
      16.71180      24.00060
      16.72200      24.00063
      16.73210      24.00066
      16.74230      24.00070
      16.75250      24.00073
      16.76260      24.00077
      16.77280      24.00082
      16.78300      24.00086
      16.79310      24.00091
      16.80330      24.00096
      16.81340      24.00101
      16.82360      24.00107
      16.83380      24.00113
      16.84390      24.00119
      16.85410      24.00126
      16.86430      24.00133
      16.87440      24.00141
      16.88460      24.00149
      16.89480      24.00157
      16.90490      24.00167
      16.91510      24.00176
      16.92530      24.00186
      16.93540      24.00197
      16.94560      24.00208
      16.95580      24.00220
      16.96590      24.00233
      16.97610      24.00247
      16.98620      24.00261
      16.99640      24.00276
      17.00660      24.00292
      17.01670      24.00309
      17.02690      24.00327
      17.03710      24.00346
      17.04720      24.00366
      17.05740      24.00387
      17.06760      24.00410
      17.07770      24.00433
      17.08790      24.00458
      17.09810      24.00484
      17.10820      24.00512
      17.11840      24.00541
      17.12850      24.00572
      17.13870      24.00605
      17.14890      24.00640
      17.15900      24.00676
      17.16920      24.00714
      17.17940      24.00755
      17.18950      24.00797
      17.19970      24.00842
      17.20990      24.00890
      17.22000      24.00939
      17.23020      24.00992
      17.24040      24.01048
      17.25050      24.01106
      17.26070      24.01167
      17.27090      24.01232
      17.28100      24.01300
      17.29120      24.01372
      17.30130      24.01446
      17.31150      24.01526
      17.32170      24.01609
      17.33180      24.01696
      17.34200      24.01789
      17.35220      24.01886
      17.36230      24.01987
      17.37250      24.02094
      17.38270      24.02206
      17.39280      24.02323
      17.40300      24.02448
      17.41320      24.02578
      17.42330      24.02713
      17.43350      24.02857
      17.44360      24.03006
      17.45380      24.03164
      17.46400      24.03329
      17.47410      24.03501
      17.48430      24.03683
      17.49450      24.03874
      17.50460      24.04072
      17.51480      24.04281
      17.52500      24.04500
      17.53510      24.04728
      17.54530      24.04968
      17.55550      24.05220
      17.56560      24.05481
      17.57580      24.05757
      17.58590      24.06043
      17.59610      24.06344
      17.60630      24.06660
      17.61640      24.06987
      17.62660      24.07332
      17.63680      24.07692
      17.64690      24.08065
      17.65710      24.08459
      17.66730      24.08870
      17.67740      24.09295
      17.68760      24.09744
      17.69780      24.10212
      17.70790      24.10695
      17.71810      24.11205
      17.72830      24.11737
      17.73840      24.12286
      17.74860      24.12865
      17.75870      24.13462
      17.76890      24.14091
      17.77910      24.14746
      17.78920      24.15422
      17.79940      24.16134
      17.80960      24.16875
      17.81970      24.17639
      17.82990      24.18442
      17.84010      24.19279
      17.85020      24.20141
      17.86040      24.21046
      17.87060      24.21989
      17.88070      24.22959
      17.89090      24.23979
      17.90100      24.25028
      17.91120      24.26129
      17.92140      24.27274
      17.93150      24.28452
      17.94170      24.29687
      17.95190      24.30971
      17.96200      24.32290
      17.97220      24.33674
      17.98240      24.35110
      17.99250      24.36586
      18.00270      24.38132
      18.01290      24.39736
      18.02300      24.41384
      18.03320      24.43109
      18.04340      24.44898
      18.05350      24.46733
      18.06370      24.48654
      18.07380      24.50625
      18.08400      24.52686
      18.09420      24.54821
      18.10430      24.57010
      18.11450      24.59299
      18.12470      24.61667
      18.13480      24.64094
      18.14500      24.66630
      18.15520      24.69252
      18.16530      24.71938
      18.17550      24.74742
      18.18570      24.77640
      18.19580      24.80607
      18.20600      24.83702
      18.21610      24.86868
      18.22630      24.90169
      18.23650      24.93579
      18.24660      24.97065
      18.25680      25.00698
      18.26700      25.04448
      18.27710      25.08279
      18.28730      25.12269
      18.29750      25.16385
      18.30760      25.20586
      18.31780      25.24961
      18.32800      25.29468
      18.33810      25.34068
      18.34830      25.38854
      18.35850      25.43782
      18.36860      25.48809
      18.37880      25.54033
      18.38890      25.59359
      18.39910      25.64893
      18.40930      25.70587
      18.41940      25.76387
      18.42960      25.82411
      18.43980      25.88605
      18.44990      25.94909
      18.46010      26.01452
      18.47030      26.08177
      18.48040      26.15016
      18.49060      26.22110
      18.50080      26.29394
      18.51090      26.36800
      18.52110      26.44475
      18.53120      26.52275
      18.54140      26.60356
      18.55160      26.68643
      18.56170      26.77061
      18.57190      26.85774
      18.58210      26.94707
      18.59220      27.03771
      18.60240      27.13151
      18.61260      27.22759
      18.62270      27.32502
      18.63290      27.42576
      18.64310      27.52890
      18.65320      27.63341
      18.66340      27.74140
      18.67360      27.85187
      18.68370      27.96376
      18.69390      28.07926
      18.70400      28.19621
      18.71420      28.31688
      18.72440      28.44022
      18.73450      28.56498
      18.74470      28.69363
      18.75490      28.82503
      18.76500      28.95783
      18.77520      29.09472
      18.78540      29.23441
      18.79550      29.37550
      18.80570      29.52083
      18.81590      29.66903
      18.82600      29.81861
      18.83620      29.97257
      18.84630      30.12790
      18.85650      30.28770
      18.86670      30.45044
      18.87680      30.61455
      18.88700      30.78321
      18.89720      30.95491
      18.90730      31.12790
      18.91750      31.30556
      18.92770      31.48629
      18.93780      31.66821
      18.94800      31.85497
      18.95820      32.04478
      18.96830      32.23571
      18.97850      32.43157
      18.98870      32.63047
      18.99880      32.83040
      19.00900      33.03534
      19.01910      33.24124
      19.02930      33.45219
      19.03950      33.66611
      19.04960      33.88094
      19.05980      34.10080
      19.07000      34.32365
      19.08010      34.54720
      19.09030      34.77589
      19.10050      35.00747
      19.11060      35.23959
      19.12080      35.47686
      19.13100      35.71695
      19.14110      35.95739
      19.15130      36.20298
      19.16140      36.44880
      19.17160      36.69975
      19.18180      36.95332
      19.19190      37.20693
      19.20210      37.46561
      19.21230      37.72674
      19.22240      37.98779
      19.23260      38.25372
      19.24280      38.52205
      19.25290      38.78996
      19.26310      39.06276
      19.27330      39.33773
      19.28340      39.61202
      19.29360      39.89109
      19.30380      40.17211
      19.31390      40.45220
      19.32410      40.73690
      19.33420      41.02050
      19.34440      41.30858
      19.35460      41.59824
      19.36470      41.88650
      19.37490      42.17905
      19.38510      42.47288
      19.39520      42.76511
      19.40540      43.06130
      19.41560      43.35860
      19.42570      43.65388
      19.43590      43.95298
      19.44610      44.25283
      19.45620      44.55035
      19.46640      44.85141
      19.47650      45.14992
      19.48670      45.45176
      19.49690      45.75382
      19.50700      46.05302
      19.51720      46.35521
      19.52740      46.65725
      19.53750      46.95620
      19.54770      47.25774
      19.55790      47.55877
      19.56800      47.85637
      19.57820      48.15615
      19.58840      48.45517
      19.59850      48.75030
      19.60870      49.04733
      19.61880      49.34025
      19.62900      49.63480
      19.63920      49.92792
      19.64930      50.21660
      19.65950      50.50648
      19.66970      50.79456
      19.67980      51.07786
      19.69000      51.36193
      19.70020      51.64376
      19.71030      51.92060
      19.72050      52.19772
      19.73070      52.47220
      19.74080      52.74139
      19.75100      53.01035
      19.76120      53.27639
      19.77130      53.53675
      19.78150      53.79650
      19.79160      54.05039
      19.80180      54.30336
      19.81200      54.55274
      19.82210      54.79598
      19.83230      55.03784
      19.84250      55.27574
      19.85260      55.50726
      19.86280      55.73691
      19.87300      55.96222
      19.88310      56.18100
      19.89330      56.39738
      19.90350      56.60914
      19.91360      56.81415
      19.92380      57.01628
      19.93390      57.21158
      19.94410      57.40371
      19.95430      57.59069
      19.96440      57.77061
      19.97460      57.94699
      19.98480      58.11790
      19.99490      58.28162
      20.00510      58.44137
      20.01530      58.59537
      20.02540      58.74212
      20.03560      58.88446
      20.04580      59.02079
      20.05590      59.14987
      20.06610      59.27409
      20.07630      59.39215
      20.08640      59.50286
      20.09660      59.60840
      20.10670      59.70663
      20.11690      59.79941
      20.12710      59.88572
      20.13720      59.96474
      20.14740      60.03801
      20.15760      60.10466
      20.16770      60.16410
      20.17790      60.21748
      20.18810      60.26414
      20.19820      60.30370
      20.20840      60.33693
      20.21860      60.36336
      20.22870      60.38284
      20.23890      60.39574
      20.24900      60.40180
      20.25920      60.40113
      20.26940      60.39364
      20.27950      60.37952
      20.28970      60.35847
      20.29990      60.33064
      20.31000      60.29639
      20.32020      60.25508
      20.33040      60.20703
      20.34050      60.15285
      20.35070      60.09147
      20.36090      60.02345
      20.37100      59.94960
      20.38120      59.86847
      20.39140      59.78083
      20.40150      59.68766
      20.41170      59.58719
      20.42180      59.48142
      20.43200      59.36835
      20.44220      59.24902
      20.45230      59.12478
      20.46250      58.99321
      20.47270      58.85561
      20.48280      58.71350
      20.49300      58.56411
      20.50320      58.40892
      20.51330      58.24962
      20.52350      58.08313
      20.53370      57.91109
      20.54380      57.73539
      20.55400      57.55259
      20.56410      57.36642
      20.57430      57.17325
      20.58450      56.97506
      20.59460      56.77388
      20.60480      56.56593
      20.61500      56.35320
      20.62510      56.13802
      20.63530      55.91618
      20.64550      55.68994
      20.65560      55.46171
      20.66580      55.22705
      20.67600      54.98832
      20.68610      54.74809
      20.69630      54.50166
      20.70650      54.25157
      20.71660      54.00036
      20.72680      53.74325
      20.73690      53.48542
      20.74710      53.22182
      20.75730      52.95521
      20.76740      52.68824
      20.77760      52.41590
      20.78780      52.14082
      20.79790      51.86596
      20.80810      51.58591
      20.81830      51.30357
      20.82840      51.02189
      20.83860      50.73535
      20.84880      50.44690
      20.85890      50.15953
      20.86910      49.86765
      20.87920      49.57713
      20.88940      49.28232
      20.89960      48.98627
      20.90970      48.69191
      20.91990      48.39362
      20.93010      48.09448
      20.94020      47.79742
      20.95040      47.49683
      20.96060      47.19564
      20.97070      46.89701
      20.98090      46.59508
      20.99110      46.29295
      21.00120      45.99374
      21.01140      45.69157
      21.02160      45.38953
      21.03170      45.09075
      21.04190      44.78933
      21.05200      44.49136
      21.06220      44.19098
      21.07240      43.89133
      21.08250      43.59531
      21.09270      43.29731
      21.10290      43.00023
      21.11300      42.70708
      21.12320      42.41227
      21.13340      42.11866
      21.14350      41.82928
      21.15370      41.53843
      21.16390      41.24908
      21.17400      40.96418
      21.18420      40.67809
      21.19430      40.39657
      21.20450      40.11404
      21.21470      39.83342
      21.22480      39.55752
      21.23500      39.28090
      21.24520      39.00642
      21.25530      38.73671
      21.26550      38.46662
      21.27570      38.19877
      21.28580      37.93584
      21.29600      37.67277
      21.30620      37.41210
      21.31630      37.15649
      21.32650      36.90085
      21.33660      36.65031
      21.34680      36.39989
      21.35700      36.15215
      21.36710      35.90954
      21.37730      35.66724
      21.38750      35.42774
      21.39760      35.19338
      21.40780      34.95951
      21.41800      34.72857
      21.42810      34.50268
      21.43830      34.27753
      21.44850      34.05528
      21.45860      33.83815
      21.46880      33.62182
      21.47900      33.40848
      21.48910      33.20021
      21.49930      32.99286
      21.50940      32.79055
      21.51960      32.58924
      21.52980      32.39096
      21.53990      32.19764
      21.55010      32.00542
      21.56030      31.81624
      21.57040      31.63193
      21.58060      31.44880
      21.59080      31.26874
      21.60090      31.09337
      21.61110      30.91932
      21.62130      30.74824
      21.63140      30.58181
      21.64160      30.41669
      21.65170      30.25612
      21.66190      30.09690
      21.67210      29.94061
      21.68220      29.78875
      21.69240      29.63826
      21.70260      29.49065
      21.71270      29.34733
      21.72290      29.20540
      21.73310      29.06629
      21.74320      28.93130
      21.75340      28.79773
      21.76360      28.66692
      21.77370      28.54004
      21.78390      28.41461
      21.79410      28.29182
      21.80420      28.17285
      21.81440      28.05527
      21.82450      27.94140
      21.83470      27.82891
      21.84490      27.71895
      21.85500      27.61251
      21.86520      27.50745
      21.87540      27.40481
      21.88550      27.30553
      21.89570      27.20761
      21.90590      27.11201
      21.91600      27.01958
      21.92620      26.92848
      21.93640      26.83962
      21.94650      26.75375
      21.95670      26.66920
      21.96680      26.58753
      21.97700      26.50714
      21.98720      26.42878
      21.99730      26.35318
      22.00750      26.27878
      22.01770      26.20633
      22.02780      26.13646
      22.03800      26.06776
      22.04820      26.00089
      22.05830      25.93646
      22.06850      25.87314
      22.07870      25.81157
      22.08880      25.75225
      22.09900      25.69401
      22.10920      25.63740
      22.11930      25.58291
      22.12950      25.52945
      22.13960      25.47801
      22.14980      25.42756
      22.16000      25.37856
      22.17010      25.33146
      22.18030      25.28529
      22.19050      25.24048
      22.20060      25.19744
      22.21080      25.15526
      22.22100      25.11437
      22.23110      25.07511
      22.24130      25.03666
      22.25150      24.99941
      22.26160      24.96366
      22.27180      24.92868
      22.28190      24.89513
      22.29210      24.86232
      22.30230      24.83056
      22.31240      24.80011
      22.32260      24.77036
      22.33280      24.74157
      22.34290      24.71399
      22.35310      24.68705
      22.36330      24.66100
      22.37340      24.63607
      22.38360      24.61172
      22.39380      24.58821
      22.40390      24.56570
      22.41410      24.54375
      22.42430      24.52256
      22.43440      24.50229
      22.44460      24.48253
      22.45470      24.46364
      22.46490      24.44524
      22.47510      24.42748
      22.48520      24.41053
      22.49540      24.39401
      22.50560      24.37809
      22.51570      24.36289
      22.52590      24.34810
      22.53610      24.33384
      22.54620      24.32025
      22.55640      24.30702
      22.56660      24.29429
      22.57670      24.28215
      22.58690      24.27034
      22.59700      24.25910
      22.60720      24.24817
      22.61740      24.23765
      22.62750      24.22764
      22.63770      24.21792
      22.64790      24.20857
      22.65800      24.19967
      22.66820      24.19104
      22.67840      24.18274
      22.68850      24.17485
      22.69870      24.16720
      22.70890      24.15985
      22.71900      24.15286
      22.72920      24.14609
      22.73940      24.13959
      22.74950      24.13342
      22.75970      24.12744
      22.76980      24.12176
      22.78000      24.11626
      22.79020      24.11098
      22.80030      24.10598
      22.81050      24.10114
      22.82070      24.09650
      22.83080      24.09210
      22.84100      24.08784
      22.85120      24.08377
      22.86130      24.07990
      22.87150      24.07617
      22.88170      24.07259
      22.89180      24.06921
      22.90200      24.06594
      22.91210      24.06284
      22.92230      24.05985
      22.93250      24.05699
      22.94260      24.05429
      22.95280      24.05167
      22.96300      24.04918
      22.97310      24.04682
      22.98330      24.04454
      22.99350      24.04237
      23.00360      24.04032
      23.01380      24.03834
      23.02400      24.03645
      23.03410      24.03466
      23.04430      24.03294
      23.05450      24.03130
      23.06460      24.02976
      23.07480      24.02826
      23.08490      24.02686
      23.09510      24.02551
      23.10530      24.02421
      23.11540      24.02300
      23.12560      24.02183
      23.13580      24.02071
      23.14590      24.01966
      23.15610      24.01865
      23.16630      24.01769
      23.17640      24.01679
      23.18660      24.01592
      23.19680      24.01509
      23.20690      24.01431
      23.21710      24.01356
      23.22720      24.01286
      23.23740      24.01218
      23.24760      24.01154
      23.25770      24.01094
      23.26790      24.01036
      23.27810      24.00981
      23.28820      24.00929
      23.29840      24.00880
      23.30860      24.00833
      23.31870      24.00789
      23.32890      24.00746
      23.33910      24.00706
      23.34920      24.00668
      23.35940      24.00632
      23.36950      24.00598
      23.37970      24.00566
      23.38990      24.00535
      23.40000      24.00506
      23.41020      24.00479
      23.42040      24.00453
      23.43050      24.00428
      23.44070      24.00405
      23.45090      24.00383
      23.46100      24.00362
      23.47120      24.00342
      23.48140      24.00323
      23.49150      24.00306
      23.50170      24.00289
      23.51190      24.00273
      23.52200      24.00258
      23.53220      24.00244
      23.54230      24.00231
      23.55250      24.00218
      23.56270      24.00206
      23.57280      24.00195
      23.58300      24.00184
      23.59320      24.00174
      23.60330      24.00165
      23.61350      24.00156
      23.62370      24.00147
      23.63380      24.00139
      23.64400      24.00132
      23.65420      24.00125
      23.66430      24.00118
      23.67450      24.00112
      23.68460      24.00106
      23.69480      24.00100
      23.70500      24.00095
      23.71510      24.00090
      23.72530      24.00085
      23.73550      24.00081
      23.74560      24.00076
      23.75580      24.00073
      23.76600      24.00069
      23.77610      24.00065
      23.78630      24.00062
      23.79650      24.00059
      23.80660      24.00056
      23.81680      24.00053
      23.82700      24.00051
      23.83710      24.00048
      23.84730      24.00046
      23.85740      24.00044
      23.86760      24.00042
      23.87780      24.00040
      23.88790      24.00038
      23.89810      24.00037
      23.90830      24.00035
      23.91840      24.00034
      23.92860      24.00032
      23.93880      24.00031
      23.94890      24.00030
      23.95910      24.00029
      23.96930      24.00027
      23.97940      24.00027
      23.98960      24.00026
      23.99970      24.00025
      24.00990      24.00024
      24.02010      24.00023
      24.03020      24.00022
      24.04040      24.00022
      24.05060      24.00021
      24.06070      24.00020
      24.07090      24.00020
      24.08110      24.00019
      24.09120      24.00019
      24.10140      24.00018
      24.11160      24.00018
      24.12170      24.00017
      24.13190      24.00017
      24.14210      24.00016
      24.15220      24.00016
      24.16240      24.00016
      24.17250      24.00015
      24.18270      24.00015
      24.19290      24.00015
      24.20300      24.00014
      24.21320      24.00014
      24.22340      24.00014
      24.23350      24.00014
      24.24370      24.00014
      24.25390      24.00013
      24.26400      24.00013
      24.27420      24.00013
      24.28440      24.00013
      24.29450      24.00013
      24.30470      24.00012
      24.31480      24.00012
      24.32500      24.00012
      24.33520      24.00012
      24.34530      24.00012
      24.35550      24.00012
      24.36570      24.00012
      24.37580      24.00011
      24.38600      24.00011
      24.39620      24.00011
      24.40630      24.00011
      24.41650      24.00011
      24.42670      24.00011
      24.43680      24.00011
      24.44700      24.00011
      24.45720      24.00011
      24.46730      24.00011
      24.47750      24.00010
      24.48760      24.00010
      24.49780      24.00010
      24.50800      24.00010
      24.51810      24.00010
      24.52830      24.00010
      24.53850      24.00010
      24.54860      24.00010
      24.55880      24.00010
      24.56900      24.00010
      24.57910      24.00010
      24.58930      24.00010
      24.59950      24.00010
      24.60960      24.00010
      24.61980      24.00010
      24.62990      24.00010
      24.64010      24.00010
      24.65030      24.00010
      24.66040      24.00010
      24.67060      24.00010
      24.68080      24.00009
      24.69090      24.00009
      24.70110      24.00009
      24.71130      24.00009
      24.72140      24.00009
      24.73160      24.00009
      24.74180      24.00009
      24.75190      24.00009
      24.76210      24.00009
      24.77230      24.00009
      24.78240      24.00009
      24.79260      24.00009
      24.80270      24.00009
      24.81290      24.00009
      24.82310      24.00009
      24.83320      24.00009
      24.84340      24.00009
      24.85360      24.00009
      24.86370      24.00009
      24.87390      24.00009
      24.88410      24.00009
      24.89420      24.00009
      24.90440      24.00009
      24.91460      24.00008
      24.92470      24.00008
      24.93490      24.00008
      24.94500      24.00008
      24.95520      24.00008
      24.96540      24.00008
      24.97550      24.00008
      24.98570      24.00008
      24.99590      24.00008
      25.00600      24.00008
      25.01620      24.00008
      25.02640      24.00008
      25.03650      24.00008
      25.04670      24.00008
      25.05690      24.00008
      25.06700      24.00008
      25.07720      24.00008
      25.08740      24.00008
      25.09750      24.00008
      25.10770      24.00008
      25.11780      24.00008
      25.12800      24.00008
      25.13820      24.00008
      25.14830      24.00008
      25.15850      24.00008
      25.16870      24.00008
      25.17880      24.00008
      25.18900      24.00008
      25.19920      24.00007
      25.20930      24.00007
      25.21950      24.00007
      25.22970      24.00007
      25.23980      24.00007
      25.25000      24.00007
      25.26010      24.00007
      25.27030      24.00007
      25.28050      24.00007
      25.29060      24.00007
      25.30080      24.00007
      25.31100      24.00007
      25.32110      24.00007
      25.33130      24.00007
      25.34150      24.00007
      25.35160      24.00007
      25.36180      24.00007
      25.37200      24.00007
      25.38210      24.00007
      25.39230      24.00007
      25.40240      24.00007
      25.41260      24.00007
      25.42280      24.00007
      25.43290      24.00007
      25.44310      24.00007
      25.45330      24.00007
      25.46340      24.00007
      25.47360      24.00007
      25.48380      24.00007
      25.49390      24.00007
      25.50410      24.00007
      25.51430      24.00007
      25.52440      24.00007
      25.53460      24.00007
      25.54480      24.00007
      25.55490      24.00006
      25.56510      24.00006
      25.57520      24.00006
      25.58540      24.00006
      25.59560      24.00006
      25.60570      24.00006
      25.61590      24.00006
      25.62610      24.00006
      25.63620      24.00006
      25.64640      24.00006
      25.65660      24.00006
      25.66670      24.00006
      25.67690      24.00006
      25.68710      24.00006
      25.69720      24.00006
      25.70740      24.00006
      25.71750      24.00006
      25.72770      24.00006
      25.73790      24.00006
      25.74800      24.00006
      25.75820      24.00006
      25.76840      24.00006
      25.77850      24.00006
      25.78870      24.00006
      25.79890      24.00006
      25.80900      24.00006
      25.81920      24.00006
      25.82940      24.00006
      25.83950      24.00006
      25.84970      24.00006
      25.85990      24.00006
      25.87000      24.00006
      25.88020      24.00006
      25.89030      24.00006
      25.90050      24.00006
      25.91070      24.00006
      25.92080      24.00006
      25.93100      24.00006
      25.94120      24.00006
      25.95130      24.00006
      25.96150      24.00006
      25.97170      24.00006
      25.98180      24.00006
      25.99200      24.00006
      26.00220      24.00006
      26.01230      24.00006
      26.02250      24.00006
      26.03260      24.00006
      26.04280      24.00006
      26.05300      24.00006
      26.06310      24.00006
      26.07330      24.00006
      26.08350      24.00006
      26.09360      24.00006
      26.10380      24.00005
      26.11400      24.00005
      26.12410      24.00005
      26.13430      24.00005
      26.14450      24.00005
      26.15460      24.00005
      26.16480      24.00005
      26.17500      24.00005
      26.18510      24.00005
      26.19530      24.00005
      26.20540      24.00005
      26.21560      24.00005
      26.22580      24.00005
      26.23590      24.00005
      26.24610      24.00005
      26.25630      24.00005
      26.26640      24.00005
      26.27660      24.00005
      26.28680      24.00005
      26.29690      24.00005
      26.30710      24.00005
      26.31730      24.00005
      26.32740      24.00005
      26.33760      24.00005
      26.34770      24.00005
      26.35790      24.00005
      26.36810      24.00005
      26.37820      24.00005
      26.38840      24.00005
      26.39860      24.00005
      26.40870      24.00005
      26.41890      24.00005
      26.42910      24.00005
      26.43920      24.00005
      26.44940      24.00005
      26.45960      24.00005
      26.46970      24.00005
      26.47990      24.00005
      26.49010      24.00005
      26.50020      24.00005
      26.51040      24.00005
      26.52050      24.00005
      26.53070      24.00005
      26.54090      24.00005
      26.55100      24.00005
      26.56120      24.00005
      26.57140      24.00005
      26.58150      24.00005
      26.59170      24.00005
      26.60190      24.00005
      26.61200      24.00005
      26.62220      24.00005
      26.63240      24.00005
      26.64250      24.00005
      26.65270      24.00005
      26.66280      24.00005
      26.67300      24.00005
      26.68320      24.00005
      26.69330      24.00005
      26.70350      24.00004
      26.71370      24.00004
      26.72380      24.00004
      26.73400      24.00004
      26.74420      24.00004
      26.75430      24.00004
      26.76450      24.00004
      26.77470      24.00004
      26.78480      24.00004
      26.79500      24.00004
      26.80520      24.00004
      26.81530      24.00004
      26.82550      24.00004
      26.83560      24.00004
      26.84580      24.00004
      26.85600      24.00004
      26.86610      24.00004
      26.87630      24.00004
      26.88650      24.00004
      26.89660      24.00004
      26.90680      24.00004
      26.91700      24.00004
      26.92710      24.00004
      26.93730      24.00004
      26.94750      24.00004
      26.95760      24.00004
      26.96780      24.00004
      26.97790      24.00004
      26.98810      24.00004
      26.99830      24.00004
      27.00840      24.00004
      27.01860      24.00004
      27.02880      24.00004
      27.03890      24.00004
      27.04910      24.00004
      27.05930      24.00004
      27.06940      24.00004
      27.07960      24.00004
      27.08980      24.00004
      27.09990      24.00004
      27.11010      24.00004
      27.12020      24.00004
      27.13040      24.00004
      27.14060      24.00004
      27.15070      24.00004
      27.16090      24.00004
      27.17110      24.00004
      27.18120      24.00004
      27.19140      24.00004
      27.20160      24.00004
      27.21170      24.00004
      27.22190      24.00004
      27.23210      24.00004
      27.24220      24.00004
      27.25240      24.00004
      27.26260      24.00004
      27.27270      24.00004
      27.28290      24.00004
      27.29300      24.00004
      27.30320      24.00004
      27.31340      24.00004
      27.32350      24.00004
      27.33370      24.00004
      27.34390      24.00004
      27.35400      24.00004
      27.36420      24.00004
      27.37440      24.00004
      27.38450      24.00004
      27.39470      24.00004
      27.40490      24.00004
      27.41500      24.00004
      27.42520      24.00004
      27.43530      24.00004
      27.44550      24.00004
      27.45570      24.00004
      27.46580      24.00004
      27.47600      24.00004
      27.48620      24.00004
      27.49630      24.00004
      27.50650      24.00004
      27.51670      24.00004
      27.52680      24.00004
      27.53700      24.00003
      27.54720      24.00003
      27.55730      24.00003
      27.56750      24.00003
      27.57770      24.00003
      27.58780      24.00003
      27.59800      24.00003
      27.60810      24.00003
      27.61830      24.00003
      27.62850      24.00003
      27.63860      24.00003
      27.64880      24.00003
      27.65900      24.00003
      27.66910      24.00003
      27.67930      24.00003
      27.68950      24.00003
      27.69960      24.00003
      27.70980      24.00003
      27.72000      24.00003
      27.73010      24.00003
      27.74030      24.00003
      27.75040      24.00003
      27.76060      24.00003
      27.77080      24.00003
      27.78090      24.00003
      27.79110      24.00003
      27.80130      24.00003
      27.81140      24.00003
      27.82160      24.00003
      27.83180      24.00003
      27.84190      24.00003
      27.85210      24.00003
      27.86230      24.00003
      27.87240      24.00003
      27.88260      24.00003
      27.89280      24.00003
      27.90290      24.00003
      27.91310      24.00003
      27.92320      24.00003
      27.93340      24.00003
      27.94360      24.00003
      27.95370      24.00003
      27.96390      24.00003
      27.97410      24.00003
      27.98420      24.00003
      27.99440      24.00003
      28.00460      24.00003
      28.01470      24.00003
      28.02490      24.00003
      28.03510      24.00003
      28.04520      24.00003
      28.05540      24.00003
      28.06550      24.00003
      28.07570      24.00003
      28.08590      24.00003
      28.09600      24.00003
      28.10620      24.00003
      28.11640      24.00003
      28.12650      24.00003
      28.13670      24.00003
      28.14690      24.00003
      28.15700      24.00003
      28.16720      24.00003
      28.17740      24.00003
      28.18750      24.00003
      28.19770      24.00003
      28.20790      24.00003
      28.21800      24.00003
      28.22820      24.00003
      28.23830      24.00003
      28.24850      24.00003
      28.25870      24.00003
      28.26880      24.00003
      28.27900      24.00003
      28.28920      24.00003
      28.29930      24.00003
      28.30950      24.00003
      28.31970      24.00003
      28.32980      24.00003
      28.34000      24.00003
      28.35020      24.00003
      28.36030      24.00003
      28.37050      24.00003
      28.38060      24.00003
      28.39080      24.00003
      28.40100      24.00003
      28.41110      24.00003
      28.42130      24.00003
      28.43150      24.00003
      28.44160      24.00003
      28.45180      24.00003
      28.46200      24.00003
      28.47210      24.00003
      28.48230      24.00003
      28.49250      24.00003
      28.50260      24.00003
      28.51280      24.00003
      28.52300      24.00003
      28.53310      24.00003
      28.54330      24.00003
      28.55340      24.00003
      28.56360      24.00003
      28.57380      24.00003
      28.58390      24.00003
      28.59410      24.00003
      28.60430      24.00003
      28.61440      24.00003
      28.62460      24.00003
      28.63480      24.00003
      28.64490      24.00003
      28.65510      24.00003
      28.66530      24.00003
      28.67540      24.00003
      28.68560      24.00003
      28.69570      24.00003
      28.70590      24.00003
      28.71610      24.00003
      28.72620      24.00003
      28.73640      24.00003
      28.74660      24.00003
      28.75670      24.00003
      28.76690      24.00003
      28.77710      24.00003
      28.78720      24.00003
      28.79740      24.00002
      28.80760      24.00002
      28.81770      24.00002
      28.82790      24.00002
      28.83810      24.00002
      28.84820      24.00002
      28.85840      24.00002
      28.86850      24.00002
      28.87870      24.00002
      28.88890      24.00002
      28.89900      24.00002
      28.90920      24.00002
      28.91940      24.00002
      28.92950      24.00002
      28.93970      24.00002
      28.94990      24.00002
      28.96000      24.00002
      28.97020      24.00002
      28.98040      24.00002
      28.99050      24.00002
      29.00070      24.00002
      29.01080      24.00002
      29.02100      24.00002
      29.03120      24.00002
      29.04130      24.00002
      29.05150      24.00002
      29.06170      24.00002
      29.07180      24.00002
      29.08200      24.00002
      29.09220      24.00002
      29.10230      24.00002
      29.11250      24.00002
      29.12270      24.00002
      29.13280      24.00002
      29.14300      24.00002
      29.15310      24.00002
      29.16330      24.00002
      29.17350      24.00002
      29.18360      24.00002
      29.19380      24.00002
      29.20400      24.00002
      29.21410      24.00002
      29.22430      24.00002
      29.23450      24.00002
      29.24460      24.00002
      29.25480      24.00002
      29.26500      24.00002
      29.27510      24.00002
      29.28530      24.00002
      29.29550      24.00002
      29.30560      24.00002
      29.31580      24.00002
      29.32590      24.00002
      29.33610      24.00002
      29.34630      24.00002
      29.35640      24.00002
      29.36660      24.00002
      29.37680      24.00002
      29.38690      24.00002
      29.39710      24.00002
      29.40730      24.00002
      29.41740      24.00002
      29.42760      24.00002
      29.43780      24.00002
      29.44790      24.00002
      29.45810      24.00002
      29.46820      24.00002
      29.47840      24.00002
      29.48860      24.00002
      29.49870      24.00002
      29.50890      24.00002
      29.51910      24.00002
      29.52920      24.00002
      29.53940      24.00002
      29.54960      24.00002
      29.55970      24.00002
      29.56990      24.00002
      29.58010      24.00002
      29.59020      24.00002
      29.60040      24.00002
      29.61060      24.00002
      29.62070      24.00002
      29.63090      24.00002
      29.64100      24.00002
      29.65120      24.00002
      29.66140      24.00002
      29.67150      24.00002
      29.68170      24.00002
      29.69190      24.00002
      29.70200      24.00002
      29.71220      24.00002
      29.72240      24.00002
      29.73250      24.00002
      29.74270      24.00002
      29.75290      24.00002
      29.76300      24.00002
      29.77320      24.00002
      29.78330      24.00002
      29.79350      24.00002
      29.80370      24.00002
      29.81380      24.00002
      29.82400      24.00002
      29.83420      24.00002
      29.84430      24.00002
      29.85450      24.00002
      29.86470      24.00002
      29.87480      24.00002
      29.88500      24.00002
      29.89520      24.00002
      29.90530      24.00002
      29.91550      24.00002
      29.92570      24.00002
      29.93580      24.00002
      29.94600      24.00002
      29.95610      24.00002
      29.96630      24.00002
      29.97650      24.00002
      29.98660      24.00002
      29.99680      24.00002
      30.00700      24.00002
      30.01710      24.00002
      30.02730      24.00002
      30.03750      24.00002
      30.04760      24.00002
      30.05780      24.00002
      30.06800      24.00002
      30.07810      24.00002
      30.08830      24.00002
      30.09840      24.00002
      30.10860      24.00002
      30.11880      24.00002
      30.12890      24.00002
      30.13910      24.00002
      30.14930      24.00002
      30.15940      24.00002
      30.16960      24.00002
      30.17980      24.00002
      30.18990      24.00002
      30.20010      24.00002
      30.21030      24.00002
      30.22040      24.00002
      30.23060      24.00002
      30.24080      24.00002
      30.25090      24.00002
      30.26110      24.00002
      30.27120      24.00002
      30.28140      24.00002
      30.29160      24.00002
      30.30170      24.00002
      30.31190      24.00002
      30.32210      24.00002
      30.33220      24.00002
      30.34240      24.00002
      30.35260      24.00002
      30.36270      24.00002
      30.37290      24.00002
      30.38310      24.00002
      30.39320      24.00002
      30.40340      24.00002
      30.41350      24.00002
      30.42370      24.00002
      30.43390      24.00002
      30.44400      24.00002
      30.45420      24.00002
      30.46440      24.00002
      30.47450      24.00002
      30.48470      24.00002
      30.49490      24.00002
      30.50500      24.00002
      30.51520      24.00002
      30.52540      24.00002
      30.53550      24.00002
      30.54570      24.00002
      30.55590      24.00002
      30.56600      24.00002
      30.57620      24.00002
      30.58630      24.00002
      30.59650      24.00002
      30.60670      24.00002
      30.61680      24.00002
      30.62700      24.00002
      30.63720      24.00002
      30.64730      24.00002
      30.65750      24.00002
      30.66770      24.00002
      30.67780      24.00002
      30.68800      24.00002
      30.69820      24.00002
      30.70830      24.00002
      30.71850      24.00002
      30.72860      24.00002
      30.73880      24.00002
      30.74900      24.00002
      30.75910      24.00002
      30.76930      24.00002
      30.77950      24.00002
      30.78960      24.00002
      30.79980      24.00002
      30.81000      24.00002
      30.82010      24.00002
      30.83030      24.00002
      30.84050      24.00002
      30.85060      24.00002
      30.86080      24.00002
      30.87100      24.00002
      30.88110      24.00002
      30.89130      24.00002
      30.90140      24.00002
      30.91160      24.00002
      30.92180      24.00002
      30.93190      24.00002
      30.94210      24.00002
      30.95230      24.00002
      30.96240      24.00002
      30.97260      24.00002
      30.98280      24.00002
      30.99290      24.00002
      31.00310      24.00002
      31.01330      24.00002
      31.02340      24.00002
      31.03360      24.00002
      31.04370      24.00002
      31.05390      24.00002
      31.06410      24.00002
      31.07420      24.00002
      31.08440      24.00002
      31.09460      24.00002
      31.10470      24.00002
      31.11490      24.00002
      31.12510      24.00002
      31.13520      24.00002
      31.14540      24.00002
      31.15560      24.00002
      31.16570      24.00002
      31.17590      24.00002
      31.18600      24.00002
      31.19620      24.00002
      31.20640      24.00002
      31.21650      24.00002
      31.22670      24.00002
      31.23690      24.00002
      31.24700      24.00002
      31.25720      24.00002
      31.26740      24.00002
      31.27750      24.00002
      31.28770      24.00002
      31.29790      24.00002
      31.30800      24.00002
      31.31820      24.00002
      31.32840      24.00002
      31.33850      24.00002
      31.34870      24.00002
      31.35880      24.00002
      31.36900      24.00002
      31.37920      24.00002
      31.38930      24.00002
      31.39950      24.00002
      31.40970      24.00002
      31.41980      24.00002
      31.43000      24.00002
      31.44020      24.00002
      31.45030      24.00002
      31.46050      24.00002
      31.47070      24.00002
      31.48080      24.00002
      31.49100      24.00002
      31.50110      24.00002
      31.51130      24.00002
      31.52150      24.00002
      31.53160      24.00002
      31.54180      24.00002
      31.55200      24.00002
      31.56210      24.00002
      31.57230      24.00002
      31.58250      24.00002
      31.59260      24.00002
      31.60280      24.00002
      31.61300      24.00002
      31.62310      24.00002
      31.63330      24.00002
      31.64350      24.00002
      31.65360      24.00002
      31.66380      24.00002
      31.67390      24.00002
      31.68410      24.00002
      31.69430      24.00002
      31.70440      24.00002
      31.71460      24.00002
      31.72480      24.00002
      31.73490      24.00002
      31.74510      24.00001
      31.75530      24.00001
      31.76540      24.00001
      31.77560      24.00001
      31.78580      24.00001
      31.79590      24.00001
      31.80610      24.00001
      31.81620      24.00001
      31.82640      24.00001
      31.83660      24.00001
      31.84670      24.00001
      31.85690      24.00001
      31.86710      24.00001
      31.87720      24.00001
      31.88740      24.00001
      31.89760      24.00001
      31.90770      24.00001
      31.91790      24.00001
      31.92810      24.00001
      31.93820      24.00001
      31.94840      24.00001
      31.95860      24.00001
      31.96870      24.00001
      31.97890      24.00001
      31.98900      24.00001
      31.99920      24.00001
      32.00940      24.00001
      32.01950      24.00001
      32.02970      24.00001
      32.03990      24.00001
      32.05000      24.00001
      32.06020      24.00001
      32.07040      24.00001
      32.08050      24.00001
      32.09070      24.00001
      32.10090      24.00001
      32.11100      24.00001
      32.12120      24.00001
      32.13130      24.00001
      32.14150      24.00001
      32.15170      24.00001
      32.16180      24.00001
      32.17200      24.00001
      32.18220      24.00001
      32.19230      24.00001
      32.20250      24.00001
      32.21270      24.00001
      32.22280      24.00001
      32.23300      24.00001
      32.24320      24.00001
      32.25330      24.00001
      32.26350      24.00001
      32.27370      24.00001
      32.28380      24.00001
      32.29400      24.00001
      32.30410      24.00001
      32.31430      24.00001
      32.32450      24.00001
      32.33460      24.00001
      32.34480      24.00001
      32.35500      24.00001
      32.36510      24.00001
      32.37530      24.00001
      32.38550      24.00001
      32.39560      24.00001
      32.40580      24.00001
      32.41600      24.00001
      32.42610      24.00001
      32.43630      24.00001
      32.44640      24.00001
      32.45660      24.00001
      32.46680      24.00001
      32.47690      24.00001
      32.48710      24.00001
      32.49730      24.00001
      32.50740      24.00001
      32.51760      24.00001
      32.52780      24.00001
      32.53790      24.00001
      32.54810      24.00001
      32.55830      24.00001
      32.56840      24.00001
      32.57860      24.00001
      32.58880      24.00001
      32.59890      24.00001
      32.60910      24.00001
      32.61920      24.00001
      32.62940      24.00001
      32.63960      24.00001
      32.64970      24.00001
      32.65990      24.00001
      32.67010      24.00001
      32.68020      24.00001
      32.69040      24.00001
      32.70060      24.00001
      32.71070      24.00001
      32.72090      24.00001
      32.73110      24.00001
      32.74120      24.00001
      32.75140      24.00001
      32.76150      24.00001
      32.77170      24.00001
      32.78190      24.00001
      32.79200      24.00001
      32.80220      24.00001
      32.81240      24.00001
      32.82250      24.00001
      32.83270      24.00001
      32.84290      24.00001
      32.85300      24.00001
      32.86320      24.00001
      32.87340      24.00001
      32.88350      24.00001
      32.89370      24.00001
      32.90390      24.00001
      32.91400      24.00001
      32.92420      24.00001
      32.93430      24.00001
      32.94450      24.00001
      32.95470      24.00001
      32.96480      24.00001
      32.97500      24.00001
      32.98520      24.00001
      32.99530      24.00001
      33.00550      24.00001
      33.01570      24.00001
      33.02580      24.00001
      33.03600      24.00001
      33.04620      24.00001
      33.05630      24.00001
      33.06650      24.00001
      33.07660      24.00001
      33.08680      24.00001
      33.09700      24.00001
      33.10710      24.00001
      33.11730      24.00001
      33.12750      24.00001
      33.13760      24.00001
      33.14780      24.00001
      33.15800      24.00001
      33.16810      24.00001
      33.17830      24.00001
      33.18850      24.00001
      33.19860      24.00001
      33.20880      24.00001
      33.21890      24.00001
      33.22910      24.00001
      33.23930      24.00001
      33.24940      24.00001
      33.25960      24.00001
      33.26980      24.00001
      33.27990      24.00001
      33.29010      24.00001
      33.30030      24.00001
      33.31040      24.00001
      33.32060      24.00001
      33.33080      24.00001
      33.34090      24.00001
      33.35110      24.00001
      33.36130      24.00001
      33.37140      24.00001
      33.38160      24.00001
      33.39170      24.00001
      33.40190      24.00001
      33.41210      24.00001
      33.42220      24.00001
      33.43240      24.00001
      33.44260      24.00001
      33.45270      24.00001
      33.46290      24.00001
      33.47310      24.00001
      33.48320      24.00001
      33.49340      24.00001
      33.50360      24.00001
      33.51370      24.00001
      33.52390      24.00001
      33.53400      24.00001
      33.54420      24.00001
      33.55440      24.00001
      33.56450      24.00001
      33.57470      24.00001
      33.58490      24.00001
      33.59500      24.00001
      33.60520      24.00001
      33.61540      24.00001
      33.62550      24.00001
      33.63570      24.00001
      33.64590      24.00001
      33.65600      24.00001
      33.66620      24.00001
      33.67640      24.00001
      33.68650      24.00001
      33.69670      24.00001
      33.70680      24.00001
      33.71700      24.00001
      33.72720      24.00001
      33.73730      24.00001
      33.74750      24.00001
      33.75770      24.00001
      33.76780      24.00001
      33.77800      24.00001
      33.78820      24.00001
      33.79830      24.00001
      33.80850      24.00001
      33.81870      24.00001
      33.82880      24.00001
      33.83900      24.00001
      33.84910      24.00001
      33.85930      24.00001
      33.86950      24.00001
      33.87960      24.00001
      33.88980      24.00001
      33.90000      24.00001
      33.91010      24.00001
      33.92030      24.00001
      33.93050      24.00001
      33.94060      24.00001
      33.95080      24.00001
      33.96100      24.00001
      33.97110      24.00001
      33.98130      24.00001
      33.99150      24.00001
      34.00160      24.00001
      34.01180      24.00001
      34.02190      24.00001
      34.03210      24.00001
      34.04230      24.00001
      34.05240      24.00001
      34.06260      24.00001
      34.07280      24.00001
      34.08290      24.00001
      34.09310      24.00001
      34.10330      24.00001
      34.11340      24.00001
      34.12360      24.00001
      34.13380      24.00001
      34.14390      24.00001
      34.15410      24.00001
      34.16420      24.00001
      34.17440      24.00001
      34.18460      24.00001
      34.19470      24.00001
      34.20490      24.00001
      34.21510      24.00001
      34.22520      24.00001
      34.23540      24.00001
      34.24560      24.00001
      34.25570      24.00001
      34.26590      24.00001
      34.27610      24.00001
      34.28620      24.00001
      34.29640      24.00001
      34.30660      24.00001
      34.31670      24.00001
      34.32690      24.00001
      34.33700      24.00001
      34.34720      24.00001
      34.35740      24.00001
      34.36750      24.00001
      34.37770      24.00001
      34.38790      24.00001
      34.39800      24.00001
      34.40820      24.00001
      34.41840      24.00001
      34.42850      24.00001
      34.43870      24.00001
      34.44890      24.00001
      34.45900      24.00001
      34.46920      24.00001
      34.47930      24.00001
      34.48950      24.00001
      34.49970      24.00001
      34.50980      24.00001
      34.52000      24.00001
      34.53020      24.00001
      34.54030      24.00001
      34.55050      24.00001
      34.56070      24.00001
      34.57080      24.00001
      34.58100      24.00001
      34.59120      24.00001
      34.60130      24.00001
      34.61150      24.00001
      34.62170      24.00001
      34.63180      24.00001
      34.64200      24.00001
      34.65210      24.00001
      34.66230      24.00001
      34.67250      24.00001
      34.68260      24.00001
      34.69280      24.00001
      34.70300      24.00001
      34.71310      24.00001
      34.72330      24.00001
      34.73350      24.00001
      34.74360      24.00001
      34.75380      24.00001
      34.76400      24.00001
      34.77410      24.00001
      34.78430      24.00001
      34.79440      24.00001
      34.80460      24.00001
      34.81480      24.00001
      34.82490      24.00001
      34.83510      24.00001
      34.84530      24.00001
      34.85540      24.00001
      34.86560      24.00001
      34.87580      24.00001
      34.88590      24.00001
      34.89610      24.00001
      34.90630      24.00001
      34.91640      24.00001
      34.92660      24.00001
      34.93670      24.00001
      34.94690      24.00001
      34.95710      24.00001
      34.96720      24.00001
      34.97740      24.00001
      34.98760      24.00001
      34.99770      24.00001
      35.00790      24.00001
      35.01810      24.00001
      35.02820      24.00001
      35.03840      24.00001
      35.04860      24.00001
      35.05870      24.00001
      35.06890      24.00001
      35.07910      24.00001
      35.08920      24.00001
      35.09940      24.00001
      35.10950      24.00001
      35.11970      24.00001
      35.12990      24.00001
      35.14000      24.00001
      35.15020      24.00001
      35.16040      24.00001
      35.17050      24.00001
      35.18070      24.00001
      35.19090      24.00001
      35.20100      24.00001
      35.21120      24.00001
      35.22140      24.00001
      35.23150      24.00001
      35.24170      24.00001
      35.25180      24.00001
      35.26200      24.00001
      35.27220      24.00001
      35.28230      24.00001
      35.29250      24.00001
      35.30270      24.00001
      35.31280      24.00001
      35.32300      24.00001
      35.33320      24.00001
      35.34330      24.00001
      35.35350      24.00001
      35.36370      24.00001
      35.37380      24.00001
      35.38400      24.00001
      35.39420      24.00001
      35.40430      24.00001
      35.41450      24.00001
      35.42460      24.00001
      35.43480      24.00001
      35.44500      24.00001
      35.45510      24.00001
      35.46530      24.00001
      35.47550      24.00001
      35.48560      24.00001
      35.49580      24.00001
      35.50600      24.00001
      35.51610      24.00001
      35.52630      24.00001
      35.53650      24.00001
      35.54660      24.00001
      35.55680      24.00001
      35.56690      24.00001
      35.57710      24.00001
      35.58730      24.00001
      35.59740      24.00001
      35.60760      24.00001
      35.61780      24.00001
      35.62790      24.00001
      35.63810      24.00001
      35.64830      24.00001
      35.65840      24.00001
      35.66860      24.00001
      35.67880      24.00001
      35.68890      24.00001
      35.69910      24.00001
      35.70930      24.00001
      35.71940      24.00001
      35.72960      24.00001
      35.73970      24.00001
      35.74990      24.00001
      35.76010      24.00001
      35.77020      24.00001
      35.78040      24.00001
      35.79060      24.00001
      35.80070      24.00001
      35.81090      24.00001
      35.82110      24.00001
      35.83120      24.00001
      35.84140      24.00001
      35.85160      24.00001
      35.86170      24.00001
      35.87190      24.00001
      35.88200      24.00001
      35.89220      24.00001
      35.90240      24.00001
      35.91250      24.00001
      35.92270      24.00001
      35.93290      24.00001
      35.94300      24.00001
      35.95320      24.00001
      35.96340      24.00001
      35.97350      24.00001
      35.98370      24.00001
      35.99390      24.00001
