! TITLE: Yobs                                                                                                                                                                                                                                                            
! Peak:  1
       6.00860      24.00000
       6.01870      24.00000
       6.02890      24.00000
       6.03910      24.00000
       6.04920      24.00000
       6.05940      24.00000
       6.06960      24.00000
       6.07970      24.00000
       6.08990      24.00000
       6.10010      24.00000
       6.11020      24.00000
       6.12040      24.00000
       6.13060      24.00000
       6.14070      24.00000
       6.15090      24.00000
       6.16110      24.00000
       6.17120      24.00000
       6.18140      24.00000
       6.19150      24.00000
       6.20170      24.00000
       6.21190      24.00000
       6.22200      24.00000
       6.23220      24.00000
       6.24240      24.00000
       6.25250      24.00000
       6.26270      24.00000
       6.27290      24.00000
       6.28300      24.00000
       6.29320      24.00000
       6.30340      24.00000
       6.31350      24.00000
       6.32370      24.00000
       6.33380      24.00000
       6.34400      24.00000
       6.35420      24.00000
       6.36430      24.00000
       6.37450      24.00001
       6.38470      24.00001
       6.39480      24.00001
       6.40500      24.00001
       6.41520      24.00001
       6.42530      24.00001
       6.43550      24.00001
       6.44570      24.00001
       6.45580      24.00001
       6.46600      24.00001
       6.47620      24.00001
       6.48630      24.00001
       6.49650      24.00001
       6.50660      24.00001
       6.51680      24.00001
       6.52700      24.00001
       6.53710      24.00001
       6.54730      24.00001
       6.55750      24.00001
       6.56760      24.00001
       6.57780      24.00001
       6.58800      24.00001
       6.59810      24.00001
       6.60830      24.00001
       6.61850      24.00001
       6.62860      24.00001
       6.63880      24.00001
       6.64890      24.00001
       6.65910      24.00001
       6.66930      24.00001
       6.67940      24.00001
       6.68960      24.00001
       6.69980      24.00001
       6.70990      24.00001
       6.72010      24.00001
       6.73030      24.00001
       6.74040      24.00001
       6.75060      24.00001
       6.76080      24.00001
       6.77090      24.00001
       6.78110      24.00001
       6.79130      24.00001
       6.80140      24.00001
       6.81160      24.00001
       6.82170      24.00001
       6.83190      24.00001
       6.84210      24.00001
       6.85220      24.00001
       6.86240      24.00001
       6.87260      24.00001
       6.88270      24.00001
       6.89290      24.00002
       6.90310      24.00002
       6.91320      24.00002
       6.92340      24.00002
       6.93360      24.00002
       6.94370      24.00002
       6.95390      24.00002
       6.96400      24.00002
       6.97420      24.00002
       6.98440      24.00002
       6.99450      24.00002
       7.00470      24.00002
       7.01490      24.00002
       7.02500      24.00002
       7.03520      24.00002
       7.04540      24.00002
       7.05550      24.00002
       7.06570      24.00002
       7.07590      24.00002
       7.08600      24.00002
       7.09620      24.00002
       7.10640      24.00002
       7.11650      24.00002
       7.12670      24.00002
       7.13680      24.00002
       7.14700      24.00002
       7.15720      24.00002
       7.16730      24.00002
       7.17750      24.00002
       7.18770      24.00002
       7.19780      24.00002
       7.20800      24.00002
       7.21820      24.00002
       7.22830      24.00002
       7.23850      24.00002
       7.24870      24.00002
       7.25880      24.00002
       7.26900      24.00002
       7.27910      24.00002
       7.28930      24.00002
       7.29950      24.00002
       7.30960      24.00002
       7.31980      24.00002
       7.33000      24.00002
       7.34010      24.00002
       7.35030      24.00002
       7.36050      24.00002
       7.37060      24.00002
       7.38080      24.00002
       7.39100      24.00002
       7.40110      24.00002
       7.41130      24.00002
       7.42150      24.00002
       7.43160      24.00002
       7.44180      24.00002
       7.45190      24.00002
       7.46210      24.00002
       7.47230      24.00002
       7.48240      24.00002
       7.49260      24.00002
       7.50280      24.00002
       7.51290      24.00002
       7.52310      24.00002
       7.53330      24.00002
       7.54340      24.00002
       7.55360      24.00002
       7.56380      24.00002
       7.57390      24.00002
       7.58410      24.00002
       7.59420      24.00002
       7.60440      24.00002
       7.61460      24.00002
       7.62470      24.00002
       7.63490      24.00002
       7.64510      24.00002
       7.65520      24.00002
       7.66540      24.00002
       7.67560      24.00002
       7.68570      24.00002
       7.69590      24.00002
       7.70610      24.00002
       7.71620      24.00002
       7.72640      24.00002
       7.73650      24.00002
       7.74670      24.00002
       7.75690      24.00002
       7.76700      24.00002
       7.77720      24.00002
       7.78740      24.00002
       7.79750      24.00002
       7.80770      24.00002
       7.81790      24.00002
       7.82800      24.00002
       7.83820      24.00002
       7.84840      24.00002
       7.85850      24.00002
       7.86870      24.00002
       7.87890      24.00002
       7.88900      24.00002
       7.89920      24.00002
       7.90930      24.00002
       7.91950      24.00002
       7.92970      24.00002
       7.93980      24.00002
       7.95000      24.00002
       7.96020      24.00002
       7.97030      24.00002
       7.98050      24.00002
       7.99070      24.00002
       8.00080      24.00002
       8.01100      24.00002
       8.02120      24.00002
       8.03130      24.00002
       8.04150      24.00002
       8.05160      24.00002
       8.06180      24.00002
       8.07200      24.00002
       8.08210      24.00002
       8.09230      24.00002
       8.10250      24.00002
       8.11260      24.00002
       8.12280      24.00002
       8.13300      24.00002
       8.14310      24.00002
       8.15330      24.00002
       8.16350      24.00002
       8.17360      24.00002
       8.18380      24.00002
       8.19400      24.00002
       8.20410      24.00002
       8.21430      24.00002
       8.22440      24.00002
       8.23460      24.00002
       8.24480      24.00002
       8.25490      24.00002
       8.26510      24.00002
       8.27530      24.00002
       8.28540      24.00002
       8.29560      24.00002
       8.30580      24.00002
       8.31590      24.00002
       8.32610      24.00002
       8.33630      24.00002
       8.34640      24.00002
       8.35660      24.00002
       8.36670      24.00002
       8.37690      24.00002
       8.38710      24.00002
       8.39720      24.00002
       8.40740      24.00002
       8.41760      24.00002
       8.42770      24.00002
       8.43790      24.00002
       8.44810      24.00002
       8.45820      24.00002
       8.46840      24.00002
       8.47860      24.00002
       8.48870      24.00002
       8.49890      24.00002
       8.50910      24.00002
       8.51920      24.00002
       8.52940      24.00002
       8.53950      24.00002
       8.54970      24.00002
       8.55990      24.00002
       8.57000      24.00002
       8.58020      24.00002
       8.59040      24.00002
       8.60050      24.00002
       8.61070      24.00002
       8.62090      24.00002
       8.63100      24.00002
       8.64120      24.00002
       8.65140      24.00002
       8.66150      24.00002
       8.67170      24.00002
       8.68180      24.00002
       8.69200      24.00002
       8.70220      24.00002
       8.71230      24.00002
       8.72250      24.00002
       8.73270      24.00002
       8.74280      24.00002
       8.75300      24.00002
       8.76320      24.00002
       8.77330      24.00002
       8.78350      24.00002
       8.79370      24.00002
       8.80380      24.00002
       8.81400      24.00002
       8.82420      24.00002
       8.83430      24.00002
       8.84450      24.00002
       8.85460      24.00002
       8.86480      24.00002
       8.87500      24.00002
       8.88510      24.00002
       8.89530      24.00002
       8.90550      24.00002
       8.91560      24.00002
       8.92580      24.00002
       8.93600      24.00002
       8.94610      24.00002
       8.95630      24.00002
       8.96650      24.00002
       8.97660      24.00002
       8.98680      24.00002
       8.99690      24.00002
       9.00710      24.00002
       9.01730      24.00002
       9.02740      24.00002
       9.03760      24.00002
       9.04780      24.00002
       9.05790      24.00002
       9.06810      24.00002
       9.07830      24.00002
       9.08840      24.00002
       9.09860      24.00002
       9.10880      24.00002
       9.11890      24.00002
       9.12910      24.00002
       9.13930      24.00002
       9.14940      24.00002
       9.15960      24.00002
       9.16970      24.00002
       9.17990      24.00002
       9.19010      24.00002
       9.20020      24.00002
       9.21040      24.00002
       9.22060      24.00002
       9.23070      24.00002
       9.24090      24.00002
       9.25110      24.00002
       9.26120      24.00002
       9.27140      24.00002
       9.28160      24.00002
       9.29170      24.00002
       9.30190      24.00002
       9.31200      24.00002
       9.32220      24.00002
       9.33240      24.00002
       9.34250      24.00002
       9.35270      24.00002
       9.36290      24.00002
       9.37300      24.00002
       9.38320      24.00002
       9.39340      24.00002
       9.40350      24.00002
       9.41370      24.00002
       9.42390      24.00002
       9.43400      24.00002
       9.44420      24.00002
       9.45440      24.00002
       9.46450      24.00002
       9.47470      24.00002
       9.48480      24.00002
       9.49500      24.00002
       9.50520      24.00002
       9.51530      24.00002
       9.52550      24.00002
       9.53570      24.00002
       9.54580      24.00002
       9.55600      24.00002
       9.56620      24.00002
       9.57630      24.00002
       9.58650      24.00002
       9.59670      24.00002
       9.60680      24.00002
       9.61700      24.00002
       9.62710      24.00002
       9.63730      24.00002
       9.64750      24.00002
       9.65760      24.00002
       9.66780      24.00002
       9.67800      24.00002
       9.68810      24.00002
       9.69830      24.00002
       9.70850      24.00002
       9.71860      24.00002
       9.72880      24.00002
       9.73900      24.00002
       9.74910      24.00002
       9.75930      24.00002
       9.76940      24.00002
       9.77960      24.00002
       9.78980      24.00002
       9.79990      24.00002
       9.81010      24.00002
       9.82030      24.00002
       9.83040      24.00002
       9.84060      24.00002
       9.85080      24.00002
       9.86090      24.00002
       9.87110      24.00003
       9.88130      24.00003
       9.89140      24.00003
       9.90160      24.00003
       9.91180      24.00003
       9.92190      24.00003
       9.93210      24.00003
       9.94220      24.00003
       9.95240      24.00003
       9.96260      24.00003
       9.97270      24.00003
       9.98290      24.00003
       9.99310      24.00003
      10.00320      24.00003
      10.01340      24.00003
      10.02360      24.00003
      10.03370      24.00003
      10.04390      24.00003
      10.05410      24.00003
      10.06420      24.00003
      10.07440      24.00003
      10.08450      24.00003
      10.09470      24.00003
      10.10490      24.00003
      10.11500      24.00003
      10.12520      24.00003
      10.13540      24.00003
      10.14550      24.00003
      10.15570      24.00003
      10.16590      24.00003
      10.17600      24.00003
      10.18620      24.00003
      10.19640      24.00003
      10.20650      24.00003
      10.21670      24.00003
      10.22690      24.00003
      10.23700      24.00003
      10.24720      24.00003
      10.25730      24.00003
      10.26750      24.00003
      10.27770      24.00003
      10.28780      24.00003
      10.29800      24.00003
      10.30820      24.00003
      10.31830      24.00003
      10.32850      24.00003
      10.33870      24.00003
      10.34880      24.00003
      10.35900      24.00003
      10.36920      24.00003
      10.37930      24.00003
      10.38950      24.00003
      10.39960      24.00003
      10.40980      24.00003
      10.42000      24.00003
      10.43010      24.00003
      10.44030      24.00003
      10.45050      24.00003
      10.46060      24.00003
      10.47080      24.00003
      10.48100      24.00003
      10.49110      24.00003
      10.50130      24.00003
      10.51150      24.00003
      10.52160      24.00003
      10.53180      24.00003
      10.54200      24.00003
      10.55210      24.00003
      10.56230      24.00003
      10.57240      24.00003
      10.58260      24.00003
      10.59280      24.00003
      10.60290      24.00003
      10.61310      24.00003
      10.62330      24.00003
      10.63340      24.00003
      10.64360      24.00003
      10.65380      24.00003
      10.66390      24.00003
      10.67410      24.00003
      10.68430      24.00003
      10.69440      24.00003
      10.70460      24.00003
      10.71470      24.00003
      10.72490      24.00003
      10.73510      24.00003
      10.74520      24.00003
      10.75540      24.00003
      10.76560      24.00003
      10.77570      24.00003
      10.78590      24.00003
      10.79610      24.00003
      10.80620      24.00003
      10.81640      24.00003
      10.82660      24.00003
      10.83670      24.00003
      10.84690      24.00003
      10.85710      24.00003
      10.86720      24.00003
      10.87740      24.00003
      10.88750      24.00003
      10.89770      24.00003
      10.90790      24.00003
      10.91800      24.00003
      10.92820      24.00003
      10.93840      24.00003
      10.94850      24.00003
      10.95870      24.00003
      10.96890      24.00003
      10.97900      24.00003
      10.98920      24.00003
      10.99940      24.00003
      11.00950      24.00003
      11.01970      24.00003
      11.02980      24.00003
      11.04000      24.00003
      11.05020      24.00003
      11.06030      24.00003
      11.07050      24.00003
      11.08070      24.00003
      11.09080      24.00003
      11.10100      24.00003
      11.11120      24.00003
      11.12130      24.00003
      11.13150      24.00003
      11.14170      24.00004
      11.15180      24.00004
      11.16200      24.00004
      11.17220      24.00004
      11.18230      24.00004
      11.19250      24.00004
      11.20260      24.00004
      11.21280      24.00004
      11.22300      24.00004
      11.23310      24.00004
      11.24330      24.00004
      11.25350      24.00004
      11.26360      24.00004
      11.27380      24.00004
      11.28400      24.00004
      11.29410      24.00004
      11.30430      24.00004
      11.31450      24.00004
      11.32460      24.00004
      11.33480      24.00004
      11.34490      24.00004
      11.35510      24.00004
      11.36530      24.00004
      11.37540      24.00004
      11.38560      24.00004
      11.39580      24.00004
      11.40590      24.00004
      11.41610      24.00004
      11.42630      24.00004
      11.43640      24.00004
      11.44660      24.00004
      11.45680      24.00004
      11.46690      24.00004
      11.47710      24.00004
      11.48730      24.00004
      11.49740      24.00004
      11.50760      24.00004
      11.51770      24.00004
      11.52790      24.00004
      11.53810      24.00004
      11.54820      24.00004
      11.55840      24.00004
      11.56860      24.00004
      11.57870      24.00004
      11.58890      24.00004
      11.59910      24.00004
      11.60920      24.00004
      11.61940      24.00004
      11.62960      24.00004
      11.63970      24.00004
      11.64990      24.00004
      11.66000      24.00004
      11.67020      24.00004
      11.68040      24.00004
      11.69050      24.00004
      11.70070      24.00004
      11.71090      24.00004
      11.72100      24.00004
      11.73120      24.00004
      11.74140      24.00004
      11.75150      24.00004
      11.76170      24.00004
      11.77190      24.00004
      11.78200      24.00004
      11.79220      24.00004
      11.80230      24.00004
      11.81250      24.00004
      11.82270      24.00004
      11.83280      24.00004
      11.84300      24.00004
      11.85320      24.00004
      11.86330      24.00004
      11.87350      24.00004
      11.88370      24.00004
      11.89380      24.00004
      11.90400      24.00004
      11.91420      24.00004
      11.92430      24.00004
      11.93450      24.00004
      11.94470      24.00004
      11.95480      24.00004
      11.96500      24.00004
      11.97510      24.00005
      11.98530      24.00005
      11.99550      24.00005
      12.00560      24.00005
      12.01580      24.00005
      12.02600      24.00005
      12.03610      24.00005
      12.04630      24.00005
      12.05650      24.00005
      12.06660      24.00005
      12.07680      24.00005
      12.08700      24.00005
      12.09710      24.00005
      12.10730      24.00005
      12.11740      24.00005
      12.12760      24.00005
      12.13780      24.00005
      12.14790      24.00005
      12.15810      24.00005
      12.16830      24.00005
      12.17840      24.00005
      12.18860      24.00005
      12.19880      24.00005
      12.20890      24.00005
      12.21910      24.00005
      12.22930      24.00005
      12.23940      24.00005
      12.24960      24.00005
      12.25980      24.00005
      12.26990      24.00005
      12.28010      24.00005
      12.29020      24.00005
      12.30040      24.00005
      12.31060      24.00005
      12.32070      24.00005
      12.33090      24.00005
      12.34110      24.00005
      12.35120      24.00005
      12.36140      24.00005
      12.37160      24.00005
      12.38170      24.00005
      12.39190      24.00005
      12.40210      24.00005
      12.41220      24.00005
      12.42240      24.00005
      12.43250      24.00005
      12.44270      24.00005
      12.45290      24.00005
      12.46300      24.00005
      12.47320      24.00005
      12.48340      24.00005
      12.49350      24.00005
      12.50370      24.00005
      12.51390      24.00005
      12.52400      24.00005
      12.53420      24.00005
      12.54440      24.00005
      12.55450      24.00005
      12.56470      24.00005
      12.57490      24.00005
      12.58500      24.00006
      12.59520      24.00006
      12.60530      24.00006
      12.61550      24.00006
      12.62570      24.00006
      12.63580      24.00006
      12.64600      24.00006
      12.65620      24.00006
      12.66630      24.00006
      12.67650      24.00006
      12.68670      24.00006
      12.69680      24.00006
      12.70700      24.00006
      12.71720      24.00006
      12.72730      24.00006
      12.73750      24.00006
      12.74760      24.00006
      12.75780      24.00006
      12.76800      24.00006
      12.77810      24.00006
      12.78830      24.00006
      12.79850      24.00006
      12.80860      24.00006
      12.81880      24.00006
      12.82900      24.00006
      12.83910      24.00006
      12.84930      24.00006
      12.85950      24.00006
      12.86960      24.00006
      12.87980      24.00006
      12.89000      24.00006
      12.90010      24.00006
      12.91030      24.00006
      12.92040      24.00006
      12.93060      24.00006
      12.94080      24.00006
      12.95090      24.00006
      12.96110      24.00006
      12.97130      24.00006
      12.98140      24.00006
      12.99160      24.00006
      13.00180      24.00006
      13.01190      24.00006
      13.02210      24.00006
      13.03230      24.00006
      13.04240      24.00006
      13.05260      24.00006
      13.06270      24.00006
      13.07290      24.00006
      13.08310      24.00006
      13.09320      24.00006
      13.10340      24.00006
      13.11360      24.00006
      13.12370      24.00006
      13.13390      24.00007
      13.14410      24.00007
      13.15420      24.00007
      13.16440      24.00007
      13.17460      24.00007
      13.18470      24.00007
      13.19490      24.00007
      13.20510      24.00007
      13.21520      24.00007
      13.22540      24.00007
      13.23550      24.00007
      13.24570      24.00007
      13.25590      24.00007
      13.26600      24.00007
      13.27620      24.00007
      13.28640      24.00007
      13.29650      24.00007
      13.30670      24.00007
      13.31690      24.00007
      13.32700      24.00007
      13.33720      24.00007
      13.34740      24.00007
      13.35750      24.00007
      13.36770      24.00007
      13.37780      24.00007
      13.38800      24.00007
      13.39820      24.00007
      13.40830      24.00007
      13.41850      24.00007
      13.42870      24.00007
      13.43880      24.00007
      13.44900      24.00007
      13.45920      24.00007
      13.46930      24.00007
      13.47950      24.00007
      13.48970      24.00008
      13.49980      24.00008
      13.51000      24.00008
      13.52010      24.00008
      13.53030      24.00008
      13.54050      24.00008
      13.55060      24.00008
      13.56080      24.00008
      13.57100      24.00008
      13.58110      24.00008
      13.59130      24.00008
      13.60150      24.00008
      13.61160      24.00008
      13.62180      24.00008
      13.63200      24.00008
      13.64210      24.00008
      13.65230      24.00008
      13.66250      24.00008
      13.67260      24.00008
      13.68280      24.00008
      13.69290      24.00008
      13.70310      24.00008
      13.71330      24.00008
      13.72340      24.00008
      13.73360      24.00008
      13.74380      24.00008
      13.75390      24.00008
      13.76410      24.00008
      13.77430      24.00008
      13.78440      24.00009
      13.79460      24.00009
      13.80480      24.00009
      13.81490      24.00009
      13.82510      24.00009
      13.83520      24.00009
      13.84540      24.00009
      13.85560      24.00009
      13.86570      24.00009
      13.87590      24.00009
      13.88610      24.00009
      13.89620      24.00009
      13.90640      24.00009
      13.91660      24.00009
      13.92670      24.00009
      13.93690      24.00009
      13.94710      24.00009
      13.95720      24.00009
      13.96740      24.00009
      13.97760      24.00009
      13.98770      24.00009
      13.99790      24.00009
      14.00800      24.00009
      14.01820      24.00009
      14.02840      24.00010
      14.03850      24.00010
      14.04870      24.00010
      14.05890      24.00010
      14.06900      24.00010
      14.07920      24.00010
      14.08940      24.00010
      14.09950      24.00010
      14.10970      24.00010
      14.11990      24.00010
      14.13000      24.00010
      14.14020      24.00010
      14.15030      24.00010
      14.16050      24.00010
      14.17070      24.00010
      14.18080      24.00010
      14.19100      24.00010
      14.20120      24.00010
      14.21130      24.00010
      14.22150      24.00010
      14.23170      24.00010
      14.24180      24.00010
      14.25200      24.00010
      14.26220      24.00010
      14.27230      24.00010
      14.28250      24.00011
      14.29270      24.00011
      14.30280      24.00011
      14.31300      24.00011
      14.32310      24.00011
      14.33330      24.00011
      14.34350      24.00011
      14.35360      24.00011
      14.36380      24.00011
      14.37400      24.00011
      14.38410      24.00011
      14.39430      24.00011
      14.40450      24.00011
      14.41460      24.00011
      14.42480      24.00011
      14.43500      24.00011
      14.44510      24.00011
      14.45530      24.00011
      14.46540      24.00012
      14.47560      24.00012
      14.48580      24.00012
      14.49590      24.00012
      14.50610      24.00012
      14.51630      24.00012
      14.52640      24.00012
      14.53660      24.00012
      14.54680      24.00012
      14.55690      24.00012
      14.56710      24.00012
      14.57730      24.00012
      14.58740      24.00012
      14.59760      24.00012
      14.60780      24.00012
      14.61790      24.00012
      14.62810      24.00013
      14.63820      24.00013
      14.64840      24.00013
      14.65860      24.00013
      14.66870      24.00013
      14.67890      24.00013
      14.68910      24.00013
      14.69920      24.00013
      14.70940      24.00013
      14.71960      24.00013
      14.72970      24.00013
      14.73990      24.00013
      14.75010      24.00013
      14.76020      24.00013
      14.77040      24.00014
      14.78050      24.00014
      14.79070      24.00014
      14.80090      24.00014
      14.81100      24.00014
      14.82120      24.00014
      14.83140      24.00014
      14.84150      24.00014
      14.85170      24.00014
      14.86190      24.00014
      14.87200      24.00014
      14.88220      24.00014
      14.89240      24.00014
      14.90250      24.00014
      14.91270      24.00014
      14.92290      24.00015
      14.93300      24.00015
      14.94320      24.00015
      14.95330      24.00015
      14.96350      24.00015
      14.97370      24.00015
      14.98380      24.00015
      14.99400      24.00015
      15.00420      24.00015
      15.01430      24.00015
      15.02450      24.00015
      15.03470      24.00015
      15.04480      24.00016
      15.05500      24.00016
      15.06520      24.00016
      15.07530      24.00016
      15.08550      24.00016
      15.09560      24.00016
      15.10580      24.00016
      15.11600      24.00016
      15.12610      24.00016
      15.13630      24.00016
      15.14650      24.00017
      15.15660      24.00017
      15.16680      24.00017
      15.17700      24.00017
      15.18710      24.00017
      15.19730      24.00017
      15.20750      24.00017
      15.21760      24.00017
      15.22780      24.00017
      15.23800      24.00018
      15.24810      24.00018
      15.25830      24.00018
      15.26840      24.00018
      15.27860      24.00018
      15.28880      24.00018
      15.29890      24.00018
      15.30910      24.00018
      15.31930      24.00018
      15.32940      24.00019
      15.33960      24.00019
      15.34980      24.00019
      15.35990      24.00019
      15.37010      24.00019
      15.38030      24.00019
      15.39040      24.00019
      15.40060      24.00019
      15.41070      24.00019
      15.42090      24.00019
      15.43110      24.00020
      15.44120      24.00020
      15.45140      24.00020
      15.46160      24.00020
      15.47170      24.00020
      15.48190      24.00020
      15.49210      24.00020
      15.50220      24.00021
      15.51240      24.00021
      15.52260      24.00021
      15.53270      24.00021
      15.54290      24.00021
      15.55300      24.00021
      15.56320      24.00021
      15.57340      24.00022
      15.58350      24.00022
      15.59370      24.00022
      15.60390      24.00022
      15.61400      24.00022
      15.62420      24.00022
      15.63440      24.00023
      15.64450      24.00023
      15.65470      24.00023
      15.66490      24.00023
      15.67500      24.00023
      15.68520      24.00023
      15.69540      24.00023
      15.70550      24.00023
      15.71570      24.00024
      15.72580      24.00024
      15.73600      24.00024
      15.74620      24.00024
      15.75630      24.00024
      15.76650      24.00025
      15.77670      24.00025
      15.78680      24.00025
      15.79700      24.00025
      15.80720      24.00025
      15.81730      24.00025
      15.82750      24.00026
      15.83770      24.00026
      15.84780      24.00026
      15.85800      24.00026
      15.86810      24.00026
      15.87830      24.00027
      15.88850      24.00027
      15.89860      24.00027
      15.90880      24.00027
      15.91900      24.00027
      15.92910      24.00028
      15.93930      24.00028
      15.94950      24.00028
      15.95960      24.00028
      15.96980      24.00028
      15.98000      24.00029
      15.99010      24.00029
      16.00030      24.00029
      16.01050      24.00029
      16.02060      24.00030
      16.03080      24.00030
      16.04090      24.00030
      16.05110      24.00030
      16.06130      24.00031
      16.07140      24.00031
      16.08160      24.00031
      16.09180      24.00031
      16.10190      24.00032
      16.11210      24.00032
      16.12230      24.00032
      16.13240      24.00033
      16.14260      24.00033
      16.15280      24.00033
      16.16290      24.00034
      16.17310      24.00034
      16.18320      24.00035
      16.19340      24.00035
      16.20360      24.00035
      16.21370      24.00036
      16.22390      24.00037
      16.23410      24.00037
      16.24420      24.00038
      16.25440      24.00038
      16.26460      24.00039
      16.27470      24.00040
      16.28490      24.00041
      16.29510      24.00042
      16.30520      24.00043
      16.31540      24.00044
      16.32560      24.00045
      16.33570      24.00046
      16.34590      24.00048
      16.35600      24.00049
      16.36620      24.00051
      16.37640      24.00053
      16.38650      24.00056
      16.39670      24.00058
      16.40690      24.00061
      16.41700      24.00064
      16.42720      24.00067
      16.43740      24.00071
      16.44750      24.00075
      16.45770      24.00080
      16.46790      24.00085
      16.47800      24.00091
      16.48820      24.00098
      16.49830      24.00105
      16.50850      24.00114
      16.51870      24.00123
      16.52880      24.00134
      16.53900      24.00145
      16.54920      24.00158
      16.55930      24.00173
      16.56950      24.00189
      16.57970      24.00207
      16.58980      24.00227
      16.60000      24.00249
      16.61020      24.00274
      16.62030      24.00302
      16.63050      24.00333
      16.64070      24.00368
      16.65080      24.00406
      16.66100      24.00448
      16.67110      24.00495
      16.68130      24.00548
      16.69150      24.00607
      16.70160      24.00671
      16.71180      24.00743
      16.72200      24.00822
      16.73210      24.00910
      16.74230      24.01007
      16.75250      24.01115
      16.76260      24.01234
      16.77280      24.01366
      16.78300      24.01511
      16.79310      24.01670
      16.80330      24.01847
      16.81340      24.02041
      16.82360      24.02256
      16.83380      24.02493
      16.84390      24.02750
      16.85410      24.03036
      16.86430      24.03351
      16.87440      24.03693
      16.88460      24.04071
      16.89480      24.04487
      16.90490      24.04938
      16.91510      24.05436
      16.92530      24.05982
      16.93540      24.06573
      16.94560      24.07225
      16.95580      24.07938
      16.96590      24.08708
      16.97610      24.09557
      16.98620      24.10473
      16.99640      24.11481
      17.00660      24.12579
      17.01670      24.13762
      17.02690      24.15061
      17.03710      24.16473
      17.04720      24.17992
      17.05740      24.19656
      17.06760      24.21462
      17.07770      24.23400
      17.08790      24.25520
      17.09810      24.27815
      17.10820      24.30274
      17.11840      24.32958
      17.12850      24.35829
      17.13870      24.38960
      17.14890      24.42339
      17.15900      24.45947
      17.16920      24.49873
      17.17940      24.54101
      17.18950      24.58607
      17.19970      24.63500
      17.20990      24.68761
      17.22000      24.74354
      17.23020      24.80418
      17.24040      24.86924
      17.25050      24.93827
      17.26070      25.01296
      17.27090      25.09293
      17.28100      25.17762
      17.29120      25.26907
      17.30130      25.36578
      17.31150      25.47006
      17.32170      25.58132
      17.33180      25.69880
      17.34200      25.82517
      17.35220      25.95978
      17.36230      26.10160
      17.37250      26.25384
      17.38270      26.41567
      17.39280      26.58580
      17.40300      26.76812
      17.41320      26.96150
      17.42330      27.16437
      17.43350      27.38134
      17.44360      27.60864
      17.45380      27.85141
      17.46400      28.10801
      17.47410      28.37628
      17.48430      28.66221
      17.49450      28.96373
      17.50460      29.27844
      17.51480      29.61302
      17.52500      29.96525
      17.53510      30.33204
      17.54530      30.72117
      17.55550      31.12995
      17.56560      31.55464
      17.57580      32.00442
      17.58590      32.47103
      17.59610      32.96450
      17.60630      33.48094
      17.61640      34.01556
      17.62660      34.57973
      17.63680      35.16888
      17.64690      35.77744
      17.65710      36.41823
      17.66730      37.08578
      17.67740      37.77407
      17.68760      38.49694
      17.69780      39.24861
      17.70790      40.02160
      17.71810      40.83191
      17.72830      41.67243
      17.73840      42.53485
      17.74860      43.43685
      17.75870      44.36092
      17.76890      45.32593
      17.77910      46.32307
      17.78920      47.34224
      17.79940      48.40406
      17.80960      49.49865
      17.81970      50.61478
      17.82990      51.77485
      17.84010      52.96761
      17.85020      54.18135
      17.86040      55.43933
      17.87060      56.73006
      17.88070      58.03975
      17.89090      59.39431
      17.90100      60.76648
      17.91120      62.18323
      17.92140      63.63044
      17.93150      65.09267
      17.94170      66.59848
      17.95190      68.13259
      17.96200      69.67849
      17.97220      71.26619
      17.98240      72.87930
      17.99250      74.50033
      18.00270      76.16055
      18.01290      77.84222
      18.02300      79.52796
      18.03320      81.24878
      18.04340      82.98734
      18.05350      84.72421
      18.06370      86.49252
      18.07380      88.25544
      18.08400      90.04646
      18.09420      91.84607
      18.10430      93.63435
      18.11450      95.44506
      18.12470      97.25823
      18.13480      99.05370
      18.14500     100.86521
      18.15520     102.67219
      18.16530     104.45548
      18.17550     106.24744
      18.18570     108.02779
      18.19580     109.77764
      18.20600     111.52825
      18.21610     113.24382
      18.22630     114.95487
      18.23650     116.64262
      18.24660     118.28790
      18.25680     119.92116
      18.26700     121.52328
      18.27710     123.07641
      18.28730     124.60921
      18.29750     126.10350
      18.30760     127.54269
      18.31780     128.95325
      18.32800     130.31799
      18.33810     131.62260
      18.34830     132.89024
      18.35850     134.10550
      18.36860     135.25574
      18.37880     136.36111
      18.38890     137.39871
      18.39910     138.38667
      18.40930     139.31317
      18.41940     140.16814
      18.42960     140.96719
      18.43980     141.70003
      18.44990     142.35907
      18.46010     142.95631
      18.47030     143.48380
      18.48040     143.93633
      18.49060     144.32219
      18.50080     144.63573
      18.51090     144.87451
      18.52110     145.04269
      18.53120     145.13676
      18.54140     145.15839
      18.55160     145.10622
      18.56170     144.98193
      18.57190     144.78336
      18.58210     144.51166
      18.59220     144.17110
      18.60240     143.75552
      18.61260     143.26868
      18.62270     142.71736
      18.63290     142.09151
      18.64310     141.39743
      18.65320     140.64421
      18.66340     139.81813
      18.67360     138.92807
      18.68370     137.98479
      18.69390     136.97180
      18.70400     135.91016
      18.71420     134.78125
      18.72440     133.59676
      18.73450     132.37119
      18.74470     131.08281
      18.75490     129.74509
      18.76500     128.37444
      18.77520     126.94568
      18.78540     125.47466
      18.79550     123.97889
      18.80570     122.43088
      18.81590     120.84781
      18.82600     119.24834
      18.83620     117.60292
      18.84630     115.94662
      18.85650     114.24878
      18.86670     112.52868
      18.87680     110.80518
      18.88700     109.04758
      18.89720     107.27449
      18.90730     105.50616
      18.91750     103.71056
      18.92770     101.90673
      18.93780     100.11532
      18.94800      98.30272
      18.95820      96.48913
      18.96830      94.69470
      18.97850      92.88561
      18.98870      91.08197
      18.99880      89.30351
      19.00900      87.51662
      19.01910      85.75853
      19.02930      83.99586
      19.03950      82.24834
      19.04960      80.53373
      19.05980      78.82057
      19.07000      77.12666
      19.08010      75.47021
      19.09030      73.81940
      19.10050      72.19217
      19.11060      70.60546
      19.12080      69.02859
      19.13100      67.47860
      19.14110      65.97134
      19.15130      64.47748
      19.16140      63.02739
      19.17160      61.59272
      19.18180      60.18875
      19.19190      58.82944
      19.20210      57.48806
      19.21230      56.17897
      19.22240      54.91426
      19.23260      53.66980
      19.24280      52.45789
      19.25290      51.29039
      19.26310      50.14396
      19.27330      49.03045
      19.28340      47.96032
      19.29360      46.91202
      19.30380      45.89625
      19.31390      44.92237
      19.32410      43.97058
      19.33420      43.05947
      19.34440      42.17040
      19.35460      41.31226
      19.36470      40.49266
      19.37490      39.69473
      19.38510      38.92645
      19.39520      38.19405
      19.40540      37.48289
      19.41560      36.79943
      19.42570      36.14960
      19.43590      35.51977
      19.44610      34.91594
      19.45620      34.34308
      19.46640      33.78906
      19.47650      33.26421
      19.48670      32.75737
      19.49690      32.27322
      19.50700      31.81555
      19.51720      31.37453
      19.52740      30.95423
      19.53750      30.55763
      19.54770      30.17634
      19.55790      29.81375
      19.56800      29.47233
      19.57820      29.14483
      19.58840      28.83394
      19.59850      28.54192
      19.60870      28.26230
      19.61880      28.00002
      19.62900      27.74922
      19.63920      27.51201
      19.64930      27.28997
      19.65950      27.07809
      19.66970      26.87811
      19.67980      26.69130
      19.69000      26.51340
      19.70020      26.34587
      19.71030      26.18964
      19.72050      26.04120
      19.73070      25.90169
      19.74080      25.77185
      19.75100      25.64876
      19.76120      25.53327
      19.77130      25.42604
      19.78150      25.32455
      19.79160      25.23045
      19.80180      25.14151
      19.81200      25.05835
      19.82210      24.98140
      19.83230      24.90882
      19.84250      24.84109
      19.85260      24.77855
      19.86280      24.71966
      19.87300      24.66484
      19.88310      24.61430
      19.89330      24.56683
      19.90350      24.52270
      19.91360      24.48211
      19.92380      24.44405
      19.93390      24.40908
      19.94410      24.37634
      19.95430      24.34601
      19.96440      24.31821
      19.97460      24.29222
      19.98480      24.26819
      19.99490      24.24621
      20.00510      24.22570
      20.01530      24.20678
      20.02540      24.18950
      20.03560      24.17341
      20.04580      24.15860
      20.05590      24.14510
      20.06610      24.13255
      20.07630      24.12102
      20.08640      24.11053
      20.09660      24.10081
      20.10670      24.09196
      20.11690      24.08378
      20.12710      24.07628
      20.13720      24.06948
      20.14740      24.06319
      20.15760      24.05744
      20.16770      24.05224
      20.17790      24.04744
      20.18810      24.04306
      20.19820      24.03910
      20.20840      24.03546
      20.21860      24.03214
      20.22870      24.02915
      20.23890      24.02640
      20.24900      24.02392
      20.25920      24.02164
      20.26940      24.01958
      20.27950      24.01772
      20.28970      24.01602
      20.29990      24.01448
      20.31000      24.01309
      20.32020      24.01183
      20.33040      24.01068
      20.34050      24.00966
      20.35070      24.00872
      20.36090      24.00788
      20.37100      24.00712
      20.38120      24.00643
      20.39140      24.00581
      20.40150      24.00525
      20.41170      24.00475
      20.42180      24.00430
      20.43200      24.00389
      20.44220      24.00352
      20.45230      24.00320
      20.46250      24.00290
      20.47270      24.00263
      20.48280      24.00240
      20.49300      24.00218
      20.50320      24.00199
      20.51330      24.00182
      20.52350      24.00166
      20.53370      24.00153
      20.54380      24.00140
      20.55400      24.00129
      20.56410      24.00119
      20.57430      24.00110
      20.58450      24.00102
      20.59460      24.00095
      20.60480      24.00089
      20.61500      24.00083
      20.62510      24.00078
      20.63530      24.00073
      20.64550      24.00069
      20.65560      24.00066
      20.66580      24.00063
      20.67600      24.00060
      20.68610      24.00057
      20.69630      24.00055
      20.70650      24.00052
      20.71660      24.00051
      20.72680      24.00049
      20.73690      24.00047
      20.74710      24.00046
      20.75730      24.00044
      20.76740      24.00043
      20.77760      24.00042
      20.78780      24.00041
      20.79790      24.00040
      20.80810      24.00039
      20.81830      24.00039
      20.82840      24.00038
      20.83860      24.00038
      20.84880      24.00037
      20.85890      24.00036
      20.86910      24.00036
      20.87920      24.00035
      20.88940      24.00035
      20.89960      24.00035
      20.90970      24.00034
      20.91990      24.00034
      20.93010      24.00033
      20.94020      24.00033
      20.95040      24.00033
      20.96060      24.00032
      20.97070      24.00032
      20.98090      24.00032
      20.99110      24.00031
      21.00120      24.00031
      21.01140      24.00031
      21.02160      24.00031
      21.03170      24.00030
      21.04190      24.00030
      21.05200      24.00030
      21.06220      24.00030
      21.07240      24.00029
      21.08250      24.00029
      21.09270      24.00029
      21.10290      24.00029
      21.11300      24.00028
      21.12320      24.00028
      21.13340      24.00028
      21.14350      24.00028
      21.15370      24.00027
      21.16390      24.00027
      21.17400      24.00027
      21.18420      24.00027
      21.19430      24.00027
      21.20450      24.00027
      21.21470      24.00026
      21.22480      24.00026
      21.23500      24.00026
      21.24520      24.00026
      21.25530      24.00026
      21.26550      24.00025
      21.27570      24.00025
      21.28580      24.00025
      21.29600      24.00025
      21.30620      24.00025
      21.31630      24.00024
      21.32650      24.00024
      21.33660      24.00024
      21.34680      24.00024
      21.35700      24.00024
      21.36710      24.00024
      21.37730      24.00023
      21.38750      24.00023
      21.39760      24.00023
      21.40780      24.00023
      21.41800      24.00023
      21.42810      24.00023
      21.43830      24.00023
      21.44850      24.00022
      21.45860      24.00022
      21.46880      24.00022
      21.47900      24.00022
      21.48910      24.00022
      21.49930      24.00022
      21.50940      24.00022
      21.51960      24.00021
      21.52980      24.00021
      21.53990      24.00021
      21.55010      24.00021
      21.56030      24.00021
      21.57040      24.00021
      21.58060      24.00020
      21.59080      24.00020
      21.60090      24.00020
      21.61110      24.00020
      21.62130      24.00020
      21.63140      24.00020
      21.64160      24.00020
      21.65170      24.00020
      21.66190      24.00019
      21.67210      24.00019
      21.68220      24.00019
      21.69240      24.00019
      21.70260      24.00019
      21.71270      24.00019
      21.72290      24.00019
      21.73310      24.00019
      21.74320      24.00019
      21.75340      24.00018
      21.76360      24.00018
      21.77370      24.00018
      21.78390      24.00018
      21.79410      24.00018
      21.80420      24.00018
      21.81440      24.00018
      21.82450      24.00018
      21.83470      24.00018
      21.84490      24.00017
      21.85500      24.00017
      21.86520      24.00017
      21.87540      24.00017
      21.88550      24.00017
      21.89570      24.00017
      21.90590      24.00017
      21.91600      24.00017
      21.92620      24.00017
      21.93640      24.00017
      21.94650      24.00016
      21.95670      24.00016
      21.96680      24.00016
      21.97700      24.00016
      21.98720      24.00016
      21.99730      24.00016
      22.00750      24.00016
      22.01770      24.00016
      22.02780      24.00016
      22.03800      24.00016
      22.04820      24.00015
      22.05830      24.00015
      22.06850      24.00015
      22.07870      24.00015
      22.08880      24.00015
      22.09900      24.00015
      22.10920      24.00015
      22.11930      24.00015
      22.12950      24.00015
      22.13960      24.00015
      22.14980      24.00015
      22.16000      24.00014
      22.17010      24.00014
      22.18030      24.00014
      22.19050      24.00014
      22.20060      24.00014
      22.21080      24.00014
      22.22100      24.00014
      22.23110      24.00014
      22.24130      24.00014
      22.25150      24.00014
      22.26160      24.00014
      22.27180      24.00014
      22.28190      24.00014
      22.29210      24.00014
      22.30230      24.00014
      22.31240      24.00013
      22.32260      24.00013
      22.33280      24.00013
      22.34290      24.00013
      22.35310      24.00013
      22.36330      24.00013
      22.37340      24.00013
      22.38360      24.00013
      22.39380      24.00013
      22.40390      24.00013
      22.41410      24.00013
      22.42430      24.00013
      22.43440      24.00013
      22.44460      24.00013
      22.45470      24.00012
      22.46490      24.00012
      22.47510      24.00012
      22.48520      24.00012
      22.49540      24.00012
      22.50560      24.00012
      22.51570      24.00012
      22.52590      24.00012
      22.53610      24.00012
      22.54620      24.00012
      22.55640      24.00012
      22.56660      24.00012
      22.57670      24.00012
      22.58690      24.00012
      22.59700      24.00012
      22.60720      24.00012
      22.61740      24.00011
      22.62750      24.00011
      22.63770      24.00011
      22.64790      24.00011
      22.65800      24.00011
      22.66820      24.00011
      22.67840      24.00011
      22.68850      24.00011
      22.69870      24.00011
      22.70890      24.00011
      22.71900      24.00011
      22.72920      24.00011
      22.73940      24.00011
      22.74950      24.00011
      22.75970      24.00011
      22.76980      24.00011
      22.78000      24.00011
      22.79020      24.00011
      22.80030      24.00010
      22.81050      24.00010
      22.82070      24.00010
      22.83080      24.00010
      22.84100      24.00010
      22.85120      24.00010
      22.86130      24.00010
      22.87150      24.00010
      22.88170      24.00010
      22.89180      24.00010
      22.90200      24.00010
      22.91210      24.00010
      22.92230      24.00010
      22.93250      24.00010
      22.94260      24.00010
      22.95280      24.00010
      22.96300      24.00010
      22.97310      24.00010
      22.98330      24.00010
      22.99350      24.00010
      23.00360      24.00010
      23.01380      24.00010
      23.02400      24.00010
      23.03410      24.00010
      23.04430      24.00010
      23.05450      24.00009
      23.06460      24.00009
      23.07480      24.00009
      23.08490      24.00009
      23.09510      24.00009
      23.10530      24.00009
      23.11540      24.00009
      23.12560      24.00009
      23.13580      24.00009
      23.14590      24.00009
      23.15610      24.00009
      23.16630      24.00009
      23.17640      24.00009
      23.18660      24.00009
      23.19680      24.00009
      23.20690      24.00009
      23.21710      24.00009
      23.22720      24.00009
      23.23740      24.00009
      23.24760      24.00009
      23.25770      24.00009
      23.26790      24.00009
      23.27810      24.00009
      23.28820      24.00009
      23.29840      24.00009
      23.30860      24.00008
      23.31870      24.00008
      23.32890      24.00008
      23.33910      24.00008
      23.34920      24.00008
      23.35940      24.00008
      23.36950      24.00008
      23.37970      24.00008
      23.38990      24.00008
      23.40000      24.00008
      23.41020      24.00008
      23.42040      24.00008
      23.43050      24.00008
      23.44070      24.00008
      23.45090      24.00008
      23.46100      24.00008
      23.47120      24.00008
      23.48140      24.00008
      23.49150      24.00008
      23.50170      24.00008
      23.51190      24.00008
      23.52200      24.00008
      23.53220      24.00008
      23.54230      24.00008
      23.55250      24.00008
      23.56270      24.00008
      23.57280      24.00008
      23.58300      24.00008
      23.59320      24.00008
      23.60330      24.00007
      23.61350      24.00007
      23.62370      24.00007
      23.63380      24.00007
      23.64400      24.00007
      23.65420      24.00007
      23.66430      24.00007
      23.67450      24.00007
      23.68460      24.00007
      23.69480      24.00007
      23.70500      24.00007
      23.71510      24.00007
      23.72530      24.00007
      23.73550      24.00007
      23.74560      24.00007
      23.75580      24.00007
      23.76600      24.00007
      23.77610      24.00007
      23.78630      24.00007
      23.79650      24.00007
      23.80660      24.00007
      23.81680      24.00007
      23.82700      24.00007
      23.83710      24.00007
      23.84730      24.00007
      23.85740      24.00007
      23.86760      24.00007
      23.87780      24.00007
      23.88790      24.00007
      23.89810      24.00007
      23.90830      24.00007
      23.91840      24.00007
      23.92860      24.00007
      23.93880      24.00007
      23.94890      24.00007
      23.95910      24.00006
      23.96930      24.00006
      23.97940      24.00006
      23.98960      24.00006
      23.99970      24.00006
      24.00990      24.00006
      24.02010      24.00006
      24.03020      24.00006
      24.04040      24.00006
      24.05060      24.00006
      24.06070      24.00006
      24.07090      24.00006
      24.08110      24.00006
      24.09120      24.00006
      24.10140      24.00006
      24.11160      24.00006
      24.12170      24.00006
      24.13190      24.00006
      24.14210      24.00006
      24.15220      24.00006
      24.16240      24.00006
      24.17250      24.00006
      24.18270      24.00006
      24.19290      24.00006
      24.20300      24.00006
      24.21320      24.00006
      24.22340      24.00006
      24.23350      24.00006
      24.24370      24.00006
      24.25390      24.00006
      24.26400      24.00006
      24.27420      24.00006
      24.28440      24.00006
      24.29450      24.00006
      24.30470      24.00006
      24.31480      24.00006
      24.32500      24.00006
      24.33520      24.00006
      24.34530      24.00006
      24.35550      24.00006
      24.36570      24.00006
      24.37580      24.00006
      24.38600      24.00006
      24.39620      24.00006
      24.40630      24.00006
      24.41650      24.00006
      24.42670      24.00006
      24.43680      24.00006
      24.44700      24.00006
      24.45720      24.00006
      24.46730      24.00006
      24.47750      24.00006
      24.48760      24.00006
      24.49780      24.00006
      24.50800      24.00005
      24.51810      24.00005
      24.52830      24.00005
      24.53850      24.00005
      24.54860      24.00005
      24.55880      24.00005
      24.56900      24.00005
      24.57910      24.00005
      24.58930      24.00005
      24.59950      24.00005
      24.60960      24.00005
      24.61980      24.00005
      24.62990      24.00005
      24.64010      24.00005
      24.65030      24.00005
      24.66040      24.00005
      24.67060      24.00005
      24.68080      24.00005
      24.69090      24.00005
      24.70110      24.00005
      24.71130      24.00005
      24.72140      24.00005
      24.73160      24.00005
      24.74180      24.00005
      24.75190      24.00005
      24.76210      24.00005
      24.77230      24.00005
      24.78240      24.00005
      24.79260      24.00005
      24.80270      24.00005
      24.81290      24.00005
      24.82310      24.00005
      24.83320      24.00005
      24.84340      24.00005
      24.85360      24.00005
      24.86370      24.00005
      24.87390      24.00005
      24.88410      24.00005
      24.89420      24.00005
      24.90440      24.00005
      24.91460      24.00005
      24.92470      24.00005
      24.93490      24.00005
      24.94500      24.00005
      24.95520      24.00005
      24.96540      24.00005
      24.97550      24.00005
      24.98570      24.00005
      24.99590      24.00005
      25.00600      24.00005
      25.01620      24.00005
      25.02640      24.00005
      25.03650      24.00005
      25.04670      24.00005
      25.05690      24.00005
      25.06700      24.00005
      25.07720      24.00005
      25.08740      24.00005
      25.09750      24.00005
      25.10770      24.00004
      25.11780      24.00004
      25.12800      24.00004
      25.13820      24.00004
      25.14830      24.00004
      25.15850      24.00004
      25.16870      24.00004
      25.17880      24.00004
      25.18900      24.00004
      25.19920      24.00004
      25.20930      24.00004
      25.21950      24.00004
      25.22970      24.00004
      25.23980      24.00004
      25.25000      24.00004
      25.26010      24.00004
      25.27030      24.00004
      25.28050      24.00004
      25.29060      24.00004
      25.30080      24.00004
      25.31100      24.00004
      25.32110      24.00004
      25.33130      24.00004
      25.34150      24.00004
      25.35160      24.00004
      25.36180      24.00004
      25.37200      24.00004
      25.38210      24.00004
      25.39230      24.00004
      25.40240      24.00004
      25.41260      24.00004
      25.42280      24.00004
      25.43290      24.00004
      25.44310      24.00004
      25.45330      24.00004
      25.46340      24.00004
      25.47360      24.00004
      25.48380      24.00004
      25.49390      24.00004
      25.50410      24.00004
      25.51430      24.00004
      25.52440      24.00004
      25.53460      24.00004
      25.54480      24.00004
      25.55490      24.00004
      25.56510      24.00004
      25.57520      24.00004
      25.58540      24.00004
      25.59560      24.00004
      25.60570      24.00004
      25.61590      24.00004
      25.62610      24.00004
      25.63620      24.00004
      25.64640      24.00004
      25.65660      24.00004
      25.66670      24.00004
      25.67690      24.00004
      25.68710      24.00004
      25.69720      24.00004
      25.70740      24.00004
      25.71750      24.00004
      25.72770      24.00004
      25.73790      24.00004
      25.74800      24.00004
      25.75820      24.00004
      25.76840      24.00004
      25.77850      24.00004
      25.78870      24.00004
      25.79890      24.00004
      25.80900      24.00004
      25.81920      24.00004
      25.82940      24.00004
      25.83950      24.00004
      25.84970      24.00004
      25.85990      24.00004
      25.87000      24.00004
      25.88020      24.00004
      25.89030      24.00004
      25.90050      24.00004
      25.91070      24.00004
      25.92080      24.00004
      25.93100      24.00004
      25.94120      24.00004
      25.95130      24.00003
      25.96150      24.00003
      25.97170      24.00003
      25.98180      24.00003
      25.99200      24.00003
      26.00220      24.00003
      26.01230      24.00003
      26.02250      24.00003
      26.03260      24.00003
      26.04280      24.00003
      26.05300      24.00003
      26.06310      24.00003
      26.07330      24.00003
      26.08350      24.00003
      26.09360      24.00003
      26.10380      24.00003
      26.11400      24.00003
      26.12410      24.00003
      26.13430      24.00003
      26.14450      24.00003
      26.15460      24.00003
      26.16480      24.00003
      26.17500      24.00003
      26.18510      24.00003
      26.19530      24.00003
      26.20540      24.00003
      26.21560      24.00003
      26.22580      24.00003
      26.23590      24.00003
      26.24610      24.00003
      26.25630      24.00003
      26.26640      24.00003
      26.27660      24.00003
      26.28680      24.00003
      26.29690      24.00003
      26.30710      24.00003
      26.31730      24.00003
      26.32740      24.00003
      26.33760      24.00003
      26.34770      24.00003
      26.35790      24.00003
      26.36810      24.00003
      26.37820      24.00003
      26.38840      24.00003
      26.39860      24.00003
      26.40870      24.00003
      26.41890      24.00003
      26.42910      24.00003
      26.43920      24.00003
      26.44940      24.00003
      26.45960      24.00003
      26.46970      24.00003
      26.47990      24.00003
      26.49010      24.00003
      26.50020      24.00003
      26.51040      24.00003
      26.52050      24.00003
      26.53070      24.00003
      26.54090      24.00003
      26.55100      24.00003
      26.56120      24.00003
      26.57140      24.00003
      26.58150      24.00003
      26.59170      24.00003
      26.60190      24.00003
      26.61200      24.00003
      26.62220      24.00003
      26.63240      24.00003
      26.64250      24.00003
      26.65270      24.00003
      26.66280      24.00003
      26.67300      24.00003
      26.68320      24.00003
      26.69330      24.00003
      26.70350      24.00003
      26.71370      24.00003
      26.72380      24.00003
      26.73400      24.00003
      26.74420      24.00003
      26.75430      24.00003
      26.76450      24.00003
      26.77470      24.00003
      26.78480      24.00003
      26.79500      24.00003
      26.80520      24.00003
      26.81530      24.00003
      26.82550      24.00003
      26.83560      24.00003
      26.84580      24.00003
      26.85600      24.00003
      26.86610      24.00003
      26.87630      24.00003
      26.88650      24.00003
      26.89660      24.00003
      26.90680      24.00003
      26.91700      24.00003
      26.92710      24.00003
      26.93730      24.00003
      26.94750      24.00003
      26.95760      24.00003
      26.96780      24.00003
      26.97790      24.00003
      26.98810      24.00003
      26.99830      24.00003
      27.00840      24.00003
      27.01860      24.00003
      27.02880      24.00003
      27.03890      24.00003
      27.04910      24.00003
      27.05930      24.00003
      27.06940      24.00003
      27.07960      24.00003
      27.08980      24.00003
      27.09990      24.00003
      27.11010      24.00003
      27.12020      24.00003
      27.13040      24.00003
      27.14060      24.00003
      27.15070      24.00003
      27.16090      24.00003
      27.17110      24.00003
      27.18120      24.00003
      27.19140      24.00003
      27.20160      24.00003
      27.21170      24.00003
      27.22190      24.00002
      27.23210      24.00002
      27.24220      24.00002
      27.25240      24.00002
      27.26260      24.00002
      27.27270      24.00002
      27.28290      24.00002
      27.29300      24.00002
      27.30320      24.00002
      27.31340      24.00002
      27.32350      24.00002
      27.33370      24.00002
      27.34390      24.00002
      27.35400      24.00002
      27.36420      24.00002
      27.37440      24.00002
      27.38450      24.00002
      27.39470      24.00002
      27.40490      24.00002
      27.41500      24.00002
      27.42520      24.00002
      27.43530      24.00002
      27.44550      24.00002
      27.45570      24.00002
      27.46580      24.00002
      27.47600      24.00002
      27.48620      24.00002
      27.49630      24.00002
      27.50650      24.00002
      27.51670      24.00002
      27.52680      24.00002
      27.53700      24.00002
      27.54720      24.00002
      27.55730      24.00002
      27.56750      24.00002
      27.57770      24.00002
      27.58780      24.00002
      27.59800      24.00002
      27.60810      24.00002
      27.61830      24.00002
      27.62850      24.00002
      27.63860      24.00002
      27.64880      24.00002
      27.65900      24.00002
      27.66910      24.00002
      27.67930      24.00002
      27.68950      24.00002
      27.69960      24.00002
      27.70980      24.00002
      27.72000      24.00002
      27.73010      24.00002
      27.74030      24.00002
      27.75040      24.00002
      27.76060      24.00002
      27.77080      24.00002
      27.78090      24.00002
      27.79110      24.00002
      27.80130      24.00002
      27.81140      24.00002
      27.82160      24.00002
      27.83180      24.00002
      27.84190      24.00002
      27.85210      24.00002
      27.86230      24.00002
      27.87240      24.00002
      27.88260      24.00002
      27.89280      24.00002
      27.90290      24.00002
      27.91310      24.00002
      27.92320      24.00002
      27.93340      24.00002
      27.94360      24.00002
      27.95370      24.00002
      27.96390      24.00002
      27.97410      24.00002
      27.98420      24.00002
      27.99440      24.00002
      28.00460      24.00002
      28.01470      24.00002
      28.02490      24.00002
      28.03510      24.00002
      28.04520      24.00002
      28.05540      24.00002
      28.06550      24.00002
      28.07570      24.00002
      28.08590      24.00002
      28.09600      24.00002
      28.10620      24.00002
      28.11640      24.00002
      28.12650      24.00002
      28.13670      24.00002
      28.14690      24.00002
      28.15700      24.00002
      28.16720      24.00002
      28.17740      24.00002
      28.18750      24.00002
      28.19770      24.00002
      28.20790      24.00002
      28.21800      24.00002
      28.22820      24.00002
      28.23830      24.00002
      28.24850      24.00002
      28.25870      24.00002
      28.26880      24.00002
      28.27900      24.00002
      28.28920      24.00002
      28.29930      24.00002
      28.30950      24.00002
      28.31970      24.00002
      28.32980      24.00002
      28.34000      24.00002
      28.35020      24.00002
      28.36030      24.00002
      28.37050      24.00002
      28.38060      24.00002
      28.39080      24.00002
      28.40100      24.00002
      28.41110      24.00002
      28.42130      24.00002
      28.43150      24.00002
      28.44160      24.00002
      28.45180      24.00002
      28.46200      24.00002
      28.47210      24.00002
      28.48230      24.00002
      28.49250      24.00002
      28.50260      24.00002
      28.51280      24.00002
      28.52300      24.00002
      28.53310      24.00002
      28.54330      24.00002
      28.55340      24.00002
      28.56360      24.00002
      28.57380      24.00002
      28.58390      24.00002
      28.59410      24.00002
      28.60430      24.00002
      28.61440      24.00002
      28.62460      24.00002
      28.63480      24.00002
      28.64490      24.00002
      28.65510      24.00002
      28.66530      24.00002
      28.67540      24.00002
      28.68560      24.00002
      28.69570      24.00002
      28.70590      24.00002
      28.71610      24.00002
      28.72620      24.00002
      28.73640      24.00002
      28.74660      24.00002
      28.75670      24.00002
      28.76690      24.00002
      28.77710      24.00002
      28.78720      24.00002
      28.79740      24.00002
      28.80760      24.00002
      28.81770      24.00002
      28.82790      24.00002
      28.83810      24.00002
      28.84820      24.00002
      28.85840      24.00002
      28.86850      24.00002
      28.87870      24.00002
      28.88890      24.00002
      28.89900      24.00002
      28.90920      24.00002
      28.91940      24.00002
      28.92950      24.00002
      28.93970      24.00002
      28.94990      24.00002
      28.96000      24.00002
      28.97020      24.00002
      28.98040      24.00002
      28.99050      24.00002
      29.00070      24.00002
      29.01080      24.00002
      29.02100      24.00002
      29.03120      24.00002
      29.04130      24.00002
      29.05150      24.00002
      29.06170      24.00002
      29.07180      24.00002
      29.08200      24.00002
      29.09220      24.00002
      29.10230      24.00002
      29.11250      24.00002
      29.12270      24.00002
      29.13280      24.00002
      29.14300      24.00002
      29.15310      24.00002
      29.16330      24.00002
      29.17350      24.00002
      29.18360      24.00002
      29.19380      24.00002
      29.20400      24.00002
      29.21410      24.00002
      29.22430      24.00002
      29.23450      24.00002
      29.24460      24.00002
      29.25480      24.00002
      29.26500      24.00002
      29.27510      24.00002
      29.28530      24.00002
      29.29550      24.00002
      29.30560      24.00002
      29.31580      24.00002
      29.32590      24.00002
      29.33610      24.00002
      29.34630      24.00002
      29.35640      24.00002
      29.36660      24.00002
      29.37680      24.00002
      29.38690      24.00002
      29.39710      24.00002
      29.40730      24.00002
      29.41740      24.00002
      29.42760      24.00002
      29.43780      24.00002
      29.44790      24.00002
      29.45810      24.00002
      29.46820      24.00002
      29.47840      24.00002
      29.48860      24.00002
      29.49870      24.00002
      29.50890      24.00002
      29.51910      24.00002
      29.52920      24.00002
      29.53940      24.00002
      29.54960      24.00002
      29.55970      24.00002
      29.56990      24.00002
      29.58010      24.00002
      29.59020      24.00002
      29.60040      24.00002
      29.61060      24.00002
      29.62070      24.00002
      29.63090      24.00002
      29.64100      24.00002
      29.65120      24.00002
      29.66140      24.00002
      29.67150      24.00002
      29.68170      24.00002
      29.69190      24.00002
      29.70200      24.00002
      29.71220      24.00002
      29.72240      24.00002
      29.73250      24.00002
      29.74270      24.00002
      29.75290      24.00002
      29.76300      24.00002
      29.77320      24.00002
      29.78330      24.00002
      29.79350      24.00002
      29.80370      24.00002
      29.81380      24.00002
      29.82400      24.00002
      29.83420      24.00002
      29.84430      24.00002
      29.85450      24.00002
      29.86470      24.00002
      29.87480      24.00002
      29.88500      24.00002
      29.89520      24.00002
      29.90530      24.00002
      29.91550      24.00002
      29.92570      24.00002
      29.93580      24.00002
      29.94600      24.00002
      29.95610      24.00002
      29.96630      24.00002
      29.97650      24.00002
      29.98660      24.00002
      29.99680      24.00002
      30.00700      24.00002
      30.01710      24.00002
      30.02730      24.00002
      30.03750      24.00002
      30.04760      24.00002
      30.05780      24.00002
      30.06800      24.00002
      30.07810      24.00002
      30.08830      24.00002
      30.09840      24.00002
      30.10860      24.00002
      30.11880      24.00002
      30.12890      24.00002
      30.13910      24.00002
      30.14930      24.00002
      30.15940      24.00002
      30.16960      24.00002
      30.17980      24.00002
      30.18990      24.00001
      30.20010      24.00001
      30.21030      24.00001
      30.22040      24.00001
      30.23060      24.00001
      30.24080      24.00001
      30.25090      24.00001
      30.26110      24.00001
      30.27120      24.00001
      30.28140      24.00001
      30.29160      24.00001
      30.30170      24.00001
      30.31190      24.00001
      30.32210      24.00001
      30.33220      24.00001
      30.34240      24.00001
      30.35260      24.00001
      30.36270      24.00001
      30.37290      24.00001
      30.38310      24.00001
      30.39320      24.00001
      30.40340      24.00001
      30.41350      24.00001
      30.42370      24.00001
      30.43390      24.00001
      30.44400      24.00001
      30.45420      24.00001
      30.46440      24.00001
      30.47450      24.00001
      30.48470      24.00001
      30.49490      24.00001
      30.50500      24.00001
      30.51520      24.00001
      30.52540      24.00001
      30.53550      24.00001
      30.54570      24.00001
      30.55590      24.00001
      30.56600      24.00001
      30.57620      24.00001
      30.58630      24.00001
      30.59650      24.00001
      30.60670      24.00001
      30.61680      24.00001
      30.62700      24.00001
      30.63720      24.00001
      30.64730      24.00001
      30.65750      24.00001
      30.66770      24.00001
      30.67780      24.00001
      30.68800      24.00001
      30.69820      24.00001
      30.70830      24.00000
      30.71850      24.00000
      30.72860      24.00000
      30.73880      24.00000
      30.74900      24.00000
      30.75910      24.00000
      30.76930      24.00000
      30.77950      24.00000
      30.78960      24.00000
      30.79980      24.00000
      30.81000      24.00000
      30.82010      24.00000
      30.83030      24.00000
      30.84050      24.00000
      30.85060      24.00000
      30.86080      24.00000
      30.87100      24.00000
      30.88110      24.00000
      30.89130      24.00000
      30.90140      24.00000
      30.91160      24.00000
      30.92180      24.00000
      30.93190      24.00000
      30.94210      24.00000
      30.95230      24.00000
      30.96240      24.00000
      30.97260      24.00000
      30.98280      24.00000
      30.99290      24.00000
      31.00310      24.00000
      31.01330      24.00000
      31.02340      24.00000
      31.03360      24.00000
      31.04370      24.00000
      31.05390      24.00000
      31.06410      24.00000
      31.07420      24.00000
      31.08440      24.00000
      31.09460      24.00000
      31.10470      24.00000
      31.11490      24.00000
      31.12510      24.00000
      31.13520      24.00000
      31.14540      24.00000
      31.15560      24.00000
      31.16570      24.00000
      31.17590      24.00000
      31.18600      24.00000
      31.19620      24.00000
      31.20640      24.00000
      31.21650      24.00000
      31.22670      24.00000
      31.23690      24.00000
      31.24700      24.00000
      31.25720      24.00000
      31.26740      24.00000
      31.27750      24.00000
      31.28770      24.00000
      31.29790      24.00000
      31.30800      24.00000
      31.31820      24.00000
      31.32840      24.00000
      31.33850      24.00000
      31.34870      24.00000
      31.35880      24.00000
      31.36900      24.00000
      31.37920      24.00000
      31.38930      24.00000
      31.39950      24.00000
      31.40970      24.00000
      31.41980      24.00000
      31.43000      24.00000
      31.44020      24.00000
      31.45030      24.00000
      31.46050      24.00000
      31.47070      24.00000
      31.48080      24.00000
      31.49100      24.00000
      31.50110      24.00000
      31.51130      24.00000
      31.52150      24.00000
      31.53160      24.00000
      31.54180      24.00000
      31.55200      24.00000
      31.56210      24.00000
      31.57230      24.00000
      31.58250      24.00000
      31.59260      24.00000
      31.60280      24.00000
      31.61300      24.00000
      31.62310      24.00000
      31.63330      24.00000
      31.64350      24.00000
      31.65360      24.00000
      31.66380      24.00000
      31.67390      24.00000
      31.68410      24.00000
      31.69430      24.00000
      31.70440      24.00000
      31.71460      24.00000
      31.72480      24.00000
      31.73490      24.00000
      31.74510      24.00000
      31.75530      24.00000
      31.76540      24.00000
      31.77560      24.00000
      31.78580      24.00000
      31.79590      24.00000
      31.80610      24.00000
      31.81620      24.00000
      31.82640      24.00000
      31.83660      24.00000
      31.84670      24.00000
      31.85690      24.00000
      31.86710      24.00000
      31.87720      24.00000
      31.88740      24.00000
      31.89760      24.00000
      31.90770      24.00000
      31.91790      24.00000
      31.92810      24.00000
      31.93820      24.00000
      31.94840      24.00000
      31.95860      24.00000
      31.96870      24.00000
      31.97890      24.00000
      31.98900      24.00000
      31.99920      24.00000
      32.00940      24.00000
      32.01950      24.00000
      32.02970      24.00000
      32.03990      24.00000
      32.05000      24.00000
      32.06020      24.00000
      32.07040      24.00000
      32.08050      24.00000
      32.09070      24.00000
      32.10090      24.00000
      32.11100      24.00000
      32.12120      24.00000
      32.13130      24.00000
      32.14150      24.00000
      32.15170      24.00000
      32.16180      24.00000
      32.17200      24.00000
      32.18220      24.00000
      32.19230      24.00000
      32.20250      24.00000
      32.21270      24.00000
      32.22280      24.00000
      32.23300      24.00000
      32.24320      24.00000
      32.25330      24.00000
      32.26350      24.00000
      32.27370      24.00000
      32.28380      24.00000
      32.29400      24.00000
      32.30410      24.00000
      32.31430      24.00000
      32.32450      24.00000
      32.33460      24.00000
      32.34480      24.00000
      32.35500      24.00000
      32.36510      24.00000
      32.37530      24.00000
      32.38550      24.00000
      32.39560      24.00000
      32.40580      24.00000
      32.41600      24.00000
      32.42610      24.00000
      32.43630      24.00000
      32.44640      24.00000
      32.45660      24.00000
      32.46680      24.00000
      32.47690      24.00000
      32.48710      24.00000
      32.49730      24.00000
      32.50740      24.00000
      32.51760      24.00000
      32.52780      24.00000
      32.53790      24.00000
      32.54810      24.00000
      32.55830      24.00000
      32.56840      24.00000
      32.57860      24.00000
      32.58880      24.00000
      32.59890      24.00000
      32.60910      24.00000
      32.61920      24.00000
      32.62940      24.00000
      32.63960      24.00000
      32.64970      24.00000
      32.65990      24.00000
      32.67010      24.00000
      32.68020      24.00000
      32.69040      24.00000
      32.70060      24.00000
      32.71070      24.00000
      32.72090      24.00000
      32.73110      24.00000
      32.74120      24.00000
      32.75140      24.00000
      32.76150      24.00000
      32.77170      24.00000
      32.78190      24.00000
      32.79200      24.00000
      32.80220      24.00000
      32.81240      24.00000
      32.82250      24.00000
      32.83270      24.00000
      32.84290      24.00000
      32.85300      24.00000
      32.86320      24.00000
      32.87340      24.00000
      32.88350      24.00000
      32.89370      24.00000
      32.90390      24.00000
      32.91400      24.00000
      32.92420      24.00000
      32.93430      24.00000
      32.94450      24.00000
      32.95470      24.00000
      32.96480      24.00000
      32.97500      24.00000
      32.98520      24.00000
      32.99530      24.00000
      33.00550      24.00000
      33.01570      24.00000
      33.02580      24.00000
      33.03600      24.00000
      33.04620      24.00000
      33.05630      24.00000
      33.06650      24.00000
      33.07660      24.00000
      33.08680      24.00000
      33.09700      24.00000
      33.10710      24.00000
      33.11730      24.00000
      33.12750      24.00000
      33.13760      24.00000
      33.14780      24.00000
      33.15800      24.00000
      33.16810      24.00000
      33.17830      24.00000
      33.18850      24.00000
      33.19860      24.00000
      33.20880      24.00000
      33.21890      24.00000
      33.22910      24.00000
      33.23930      24.00000
      33.24940      24.00000
      33.25960      24.00000
      33.26980      24.00000
      33.27990      24.00000
      33.29010      24.00000
      33.30030      24.00000
      33.31040      24.00000
      33.32060      24.00000
      33.33080      24.00000
      33.34090      24.00000
      33.35110      24.00000
      33.36130      24.00000
      33.37140      24.00000
      33.38160      24.00000
      33.39170      24.00000
      33.40190      24.00000
      33.41210      24.00000
      33.42220      24.00000
      33.43240      24.00000
      33.44260      24.00000
      33.45270      24.00000
      33.46290      24.00000
      33.47310      24.00000
      33.48320      24.00000
      33.49340      24.00000
      33.50360      24.00000
      33.51370      24.00000
      33.52390      24.00000
      33.53400      24.00000
      33.54420      24.00000
      33.55440      24.00000
      33.56450      24.00000
      33.57470      24.00000
      33.58490      24.00000
      33.59500      24.00000
      33.60520      24.00000
      33.61540      24.00000
      33.62550      24.00000
      33.63570      24.00000
      33.64590      24.00000
      33.65600      24.00000
      33.66620      24.00000
      33.67640      24.00000
      33.68650      24.00000
      33.69670      24.00000
      33.70680      24.00000
      33.71700      24.00000
      33.72720      24.00000
      33.73730      24.00000
      33.74750      24.00000
      33.75770      24.00000
      33.76780      24.00000
      33.77800      24.00000
      33.78820      24.00000
      33.79830      24.00000
      33.80850      24.00000
      33.81870      24.00000
      33.82880      24.00000
      33.83900      24.00000
      33.84910      24.00000
      33.85930      24.00000
      33.86950      24.00000
      33.87960      24.00000
      33.88980      24.00000
      33.90000      24.00000
      33.91010      24.00000
      33.92030      24.00000
      33.93050      24.00000
      33.94060      24.00000
      33.95080      24.00000
      33.96100      24.00000
      33.97110      24.00000
      33.98130      24.00000
      33.99150      24.00000
      34.00160      24.00000
      34.01180      24.00000
      34.02190      24.00000
      34.03210      24.00000
      34.04230      24.00000
      34.05240      24.00000
      34.06260      24.00000
      34.07280      24.00000
      34.08290      24.00000
      34.09310      24.00000
      34.10330      24.00000
      34.11340      24.00000
      34.12360      24.00000
      34.13380      24.00000
      34.14390      24.00000
      34.15410      24.00000
      34.16420      24.00000
      34.17440      24.00000
      34.18460      24.00000
      34.19470      24.00000
      34.20490      24.00000
      34.21510      24.00000
      34.22520      24.00000
      34.23540      24.00000
      34.24560      24.00000
      34.25570      24.00000
      34.26590      24.00000
      34.27610      24.00000
      34.28620      24.00000
      34.29640      24.00000
      34.30660      24.00000
      34.31670      24.00000
      34.32690      24.00000
      34.33700      24.00000
      34.34720      24.00000
      34.35740      24.00000
      34.36750      24.00000
      34.37770      24.00000
      34.38790      24.00000
      34.39800      24.00000
      34.40820      24.00000
      34.41840      24.00000
      34.42850      24.00000
      34.43870      24.00000
      34.44890      24.00000
      34.45900      24.00000
      34.46920      24.00000
      34.47930      24.00000
      34.48950      24.00000
      34.49970      24.00000
      34.50980      24.00000
      34.52000      24.00000
      34.53020      24.00000
      34.54030      24.00000
      34.55050      24.00000
      34.56070      24.00000
      34.57080      24.00000
      34.58100      24.00000
      34.59120      24.00000
      34.60130      24.00000
      34.61150      24.00000
      34.62170      24.00000
      34.63180      24.00000
      34.64200      24.00000
      34.65210      24.00000
      34.66230      24.00000
      34.67250      24.00000
      34.68260      24.00000
      34.69280      24.00000
      34.70300      24.00000
      34.71310      24.00000
      34.72330      24.00000
      34.73350      24.00000
      34.74360      24.00000
      34.75380      24.00000
      34.76400      24.00000
      34.77410      24.00000
      34.78430      24.00000
      34.79440      24.00000
      34.80460      24.00000
      34.81480      24.00000
      34.82490      24.00000
      34.83510      24.00000
      34.84530      24.00000
      34.85540      24.00000
      34.86560      24.00000
      34.87580      24.00000
      34.88590      24.00000
      34.89610      24.00000
      34.90630      24.00000
      34.91640      24.00000
      34.92660      24.00000
      34.93670      24.00000
      34.94690      24.00000
      34.95710      24.00000
      34.96720      24.00000
      34.97740      24.00000
      34.98760      24.00000
      34.99770      24.00000
      35.00790      24.00000
      35.01810      24.00000
      35.02820      24.00000
      35.03840      24.00000
      35.04860      24.00000
      35.05870      24.00000
      35.06890      24.00000
      35.07910      24.00000
      35.08920      24.00000
      35.09940      24.00000
      35.10950      24.00000
      35.11970      24.00000
      35.12990      24.00000
      35.14000      24.00000
      35.15020      24.00000
      35.16040      24.00000
      35.17050      24.00000
      35.18070      24.00000
      35.19090      24.00000
      35.20100      24.00000
      35.21120      24.00000
      35.22140      24.00000
      35.23150      24.00000
      35.24170      24.00000
      35.25180      24.00000
      35.26200      24.00000
      35.27220      24.00000
      35.28230      24.00000
      35.29250      24.00000
      35.30270      24.00000
      35.31280      24.00000
      35.32300      24.00000
      35.33320      24.00000
      35.34330      24.00000
      35.35350      24.00000
      35.36370      24.00000
      35.37380      24.00000
      35.38400      24.00000
      35.39420      24.00000
      35.40430      24.00000
      35.41450      24.00000
      35.42460      24.00000
      35.43480      24.00000
      35.44500      24.00000
      35.45510      24.00000
      35.46530      24.00000
      35.47550      24.00000
      35.48560      24.00000
      35.49580      24.00000
      35.50600      24.00000
      35.51610      24.00000
      35.52630      24.00000
      35.53650      24.00000
      35.54660      24.00000
      35.55680      24.00000
      35.56690      24.00000
      35.57710      24.00000
      35.58730      24.00000
      35.59740      24.00000
      35.60760      24.00000
      35.61780      24.00000
      35.62790      24.00000
      35.63810      24.00000
      35.64830      24.00000
      35.65840      24.00000
      35.66860      24.00000
      35.67880      24.00000
      35.68890      24.00000
      35.69910      24.00000
      35.70930      24.00000
      35.71940      24.00000
      35.72960      24.00000
      35.73970      24.00000
      35.74990      24.00000
      35.76010      24.00000
      35.77020      24.00000
      35.78040      24.00000
      35.79060      24.00000
      35.80070      24.00000
      35.81090      24.00000
      35.82110      24.00000
      35.83120      24.00000
      35.84140      24.00000
      35.85160      24.00000
      35.86170      24.00000
      35.87190      24.00000
      35.88200      24.00000
      35.89220      24.00000
      35.90240      24.00000
      35.91250      24.00000
      35.92270      24.00000
      35.93290      24.00000
      35.94300      24.00000
      35.95320      24.00000
      35.96340      24.00000
      35.97350      24.00000
      35.98370      24.00000
      35.99390      24.00000
