! TITLE: Yobs                                                                                                                                                                                                                                                            
! Yobs - Ycalc 
       6.00860     -28.19894
       6.01870     -27.92600
       6.02890     -28.55315
       6.03910     -28.20032
       6.04920     -28.00744
       6.05940     -28.32465
       6.06960     -28.42187
       6.07970     -28.60904
       6.08990     -28.20630
       6.10010     -28.02357
       6.11020     -28.83079
       6.12040     -28.54811
       6.13060     -28.93543
       6.14070     -28.07271
       6.15090     -28.68008
       6.16110     -29.23746
       6.17120     -28.44480
       6.18140     -28.69222
       6.19150     -28.59958
       6.20170     -28.71704
       6.21190     -28.97452
       6.22200     -28.93195
       6.23220     -29.04946
       6.24240     -29.43700
       6.25250     -28.82448
       6.26270     -28.94205
       6.27290     -28.62964
       6.28300     -29.25718
       6.29320     -29.28481
       6.30340     -28.90246
       6.31350     -28.77006
       6.32370     -29.03775
       6.33380     -29.42538
       6.34400     -29.11311
       6.35420     -29.70086
       6.36430     -28.98855
       6.37450     -29.58634
       6.38470     -29.25415
       6.39480     -29.40190
       6.40500     -29.59975
       6.41520     -29.45762
       6.42530     -28.32544
       6.43550     -28.84335
       6.44570     -29.26128
       6.45580     -28.58915
       6.46600     -28.86713
       6.47620     -29.67512
       6.48630     -28.98306
       6.49650     -29.27110
       6.50660     -29.45907
       6.51680     -29.54715
       6.52700     -28.52526
       6.53710     -28.59330
       6.54730     -28.82144
       6.55750     -28.97961
       6.56760     -28.57771
       6.57780     -29.35592
       6.58800     -28.52415
       6.59810     -29.18233
       6.60830     -28.93060
       6.61850     -28.57890
       6.62860     -29.04713
       6.63880     -29.19548
       6.64890     -28.73376
       6.65910     -28.57215
       6.66930     -29.46055
       6.67940     -28.35890
       6.68960     -28.82736
       6.69980     -29.80584
       6.70990     -29.58426
       6.72010     -29.04278
       6.73030     -29.03133
       6.74040     -29.24982
       6.75060     -28.98841
       6.76080     -29.50703
       6.77090     -28.81559
       6.78110     -29.42425
       6.79130     -29.28294
       6.80140     -28.94157
       6.81160     -28.30031
       6.82170     -29.34899
       6.83190     -28.72777
       6.84210     -29.11659
       6.85220     -28.82533
       6.86240     -28.47420
       6.87260     -29.37308
       6.88270     -28.76191
       6.89290     -28.06084
       6.90310     -29.28980
       6.91320     -29.31870
       6.92340     -28.80771
       6.93360     -29.24674
       6.94370     -29.21572
       6.95390     -29.11481
       6.96400     -29.26383
       6.97420     -30.22297
       6.98440     -28.35213
       6.99450     -29.79123
       7.00470     -29.25045
       7.01490     -29.59970
       7.02500     -29.49888
       7.03520     -29.07817
       7.04540     -29.12750
       7.05550     -29.24676
       7.06570     -28.57614
       7.07590     -27.45554
       7.08600     -29.57488
       7.09620     -29.03434
       7.10640     -28.39383
       7.11650     -29.61325
       7.12670     -28.37280
       7.13680     -28.21227
       7.14700     -28.89187
       7.15720     -29.03150
       7.16730     -28.80106
       7.17750     -29.36074
       7.18770     -28.48045
       7.19780     -28.83010
       7.20800     -28.90986
       7.21820     -28.58966
       7.22830     -28.38939
       7.23850     -29.14925
       7.24870     -28.28913
       7.25880     -28.45895
       7.26900     -28.78890
       7.27910     -28.09877
       7.28930     -27.97878
       7.29950     -28.39881
       7.30960     -28.38878
       7.31980     -28.03887
       7.33000     -28.11900
       7.34010     -29.23905
       7.35030     -28.47924
       7.36050     -28.20945
       7.37060     -28.22960
       7.38080     -28.41988
       7.39100     -28.17019
       7.40110     -27.72043
       7.41130     -28.48080
       7.42150     -28.51121
       7.43160     -27.87154
       7.44180     -27.95201
       7.45190     -28.66241
       7.46210     -28.04294
       7.47230     -28.04350
       7.48240     -28.28400
       7.49260     -28.57463
       7.50280     -28.62529
       7.51290     -27.70588
       7.52310     -27.96661
       7.53330     -28.14737
       7.54340     -28.71806
       7.55360     -27.43889
       7.56380     -27.63976
       7.57390     -28.46054
       7.58410     -27.75148
       7.59420     -27.90233
       7.60440     -27.70333
       7.61460     -27.80437
       7.62470     -28.02533
       7.63490     -29.02643
       7.64510     -28.29757
       7.65520     -28.34864
       7.66540     -28.61985
       7.67560     -28.67109
       7.68570     -27.78226
       7.69590     -28.37358
       7.70610     -28.29493
       7.71620     -26.97621
       7.72640     -28.10764
       7.73650     -28.46898
       7.74670     -28.32048
       7.75690     -27.77202
       7.76700     -28.36348
       7.77720     -28.08509
       7.78740     -28.03674
       7.79750     -28.00831
       7.80770     -28.05003
       7.81790     -28.49179
       7.82800     -28.08347
       7.83820     -27.16531
       7.84840     -28.20719
       7.85850     -27.15898
       7.86870     -27.74094
       7.87890     -27.96293
       7.88900     -26.88484
       7.89920     -27.58691
       7.90930     -27.59890
       7.91950     -27.34105
       7.92970     -27.35324
       7.93980     -26.84535
       7.95000     -27.41762
       7.96020     -27.26993
       7.97030     -27.83216
       7.98050     -27.47456
       7.99070     -27.94699
       8.00080     -27.67934
       8.01100     -27.29186
       8.02120     -27.22442
       8.03130     -28.10689
       8.04150     -27.10954
       8.05160     -26.96210
       8.06180     -28.74482
       8.07200     -27.65759
       8.08210     -28.38028
       8.09230     -28.26313
       8.10250     -27.96603
       8.11260     -27.42884
       8.12280     -27.92183
       8.13300     -27.73486
       8.14310     -27.42780
       8.15330     -28.25092
       8.16350     -27.70408
       8.17360     -28.32716
       8.18380     -28.03041
       8.19400     -26.78371
       8.20410     -27.43692
       8.21430     -27.48031
       8.22440     -26.82361
       8.23460     -28.13709
       8.24480     -26.79061
       8.25490     -27.17405
       8.26510     -26.86767
       8.27530     -26.19134
       8.28540     -26.86491
       8.29560     -26.69867
       8.30580     -26.82248
       8.31590     -27.13620
       8.32610     -27.48010
       8.33630     -26.87405
       8.34640     -26.97791
       8.35660     -27.52196
       8.36670     -27.14592
       8.37690     -26.16006
       8.38710     -26.98426
       8.39720     -27.35836
       8.40740     -26.82266
       8.41760     -27.40700
       8.42770     -27.45126
       8.43790     -26.49570
       8.44810     -27.01020
       8.45820     -27.09460
       8.46840     -25.89920
       8.47860     -27.17385
       8.48870     -27.15840
       8.49890     -26.92315
       8.50910     -26.40796
       8.51920     -27.15267
       8.52940     -26.26758
       8.53950     -26.23240
       8.54970     -26.90741
       8.55990     -26.37248
       8.57000     -26.67746
       8.58020     -26.65263
       8.59040     -27.04786
       8.60050     -26.68300
       8.61070     -27.37834
       8.62090     -26.98373
       8.63100     -26.39903
       8.64120     -26.60453
       8.65140     -27.62009
       8.66150     -26.47556
       8.67170     -26.85123
       8.68180     -27.35681
       8.69200     -26.88259
       8.70220     -27.29843
       8.71230     -26.59418
       8.72250     -26.70013
       8.73270     -26.71615
       8.74280     -26.51206
       8.75300     -26.77819
       8.76320     -26.24438
       8.77330     -26.65047
       8.78350     -26.43678
       8.79370     -26.43315
       8.80380     -26.62941
       8.81400     -26.48590
       8.82420     -26.48244
       8.83430     -26.17889
       8.84450     -25.92556
       8.85460     -27.08212
       8.86480     -26.63891
       8.87500     -26.33576
       8.88510     -26.90251
       8.89530     -26.84948
       8.90550     -27.59652
       8.91560     -27.19345
       8.92580     -26.69062
       8.93600     -26.17785
       8.94610     -26.18497
       8.95630     -26.34232
       8.96650     -25.98974
       8.97660     -26.97705
       8.98680     -26.12460
       8.99690     -26.22203
       9.00710     -25.76971
       9.01730     -25.85746
       9.02740     -26.46509
       9.03760     -26.70296
       9.04780     -25.93091
       9.05790     -25.32874
       9.06810     -26.81682
       9.07830     -26.92496
       9.08840     -25.62299
       9.09860     -25.90127
       9.10880     -25.66962
       9.11890     -26.62786
       9.12910     -26.28634
       9.13930     -26.24489
       9.14940     -26.31334
       9.15960     -25.78203
       9.16970     -25.67061
       9.17990     -26.09944
       9.19010     -27.00835
       9.20020     -25.71714
       9.21040     -25.55619
       9.22060     -26.92531
       9.23070     -25.83431
       9.24090     -26.76357
       9.25110     -27.40291
       9.26120     -26.27213
       9.27140     -26.17162
       9.28160     -26.39117
       9.29170     -26.00061
       9.30190     -26.00032
       9.31200     -25.92991
       9.32220     -26.04976
       9.33240     -25.65969
       9.34250     -26.21950
       9.35270     -25.73959
       9.36290     -25.59974
       9.37300     -26.11978
       9.38320     -25.62010
       9.39340     -26.10049
       9.40350     -26.03076
       9.41370     -25.87130
       9.42390     -26.09193
       9.43400     -26.13243
       9.44420     -26.03321
       9.45440     -25.52407
       9.46450     -26.27481
       9.47470     -27.14584
       9.48480     -25.20673
       9.49500     -25.54791
       9.50520     -25.78918
       9.51530     -25.90032
       9.52550     -26.63175
       9.53570     -26.24326
       9.54580     -25.21464
       9.55600     -25.91632
       9.56620     -26.39808
       9.57630     -25.07971
       9.58650     -26.89164
       9.59670     -26.93365
       9.60680     -26.20553
       9.61700     -26.29772
       9.62710     -26.26977
       9.63730     -25.87212
       9.64750     -26.52456
       9.65760     -26.08687
       9.66780     -26.01949
       9.67800     -26.35219
       9.68810     -25.98476
       9.69830     -26.43764
       9.70850     -24.80060
       9.71860     -26.25343
       9.72880     -26.38658
       9.73900     -26.65981
       9.74910     -26.20291
       9.75930     -25.75633
       9.76940     -26.40960
       9.77960     -25.55320
       9.78980     -26.02689
       9.79990     -26.07044
       9.81010     -26.84431
       9.82030     -26.49828
       9.83040     -26.18211
       9.84060     -26.34626
       9.85080     -25.78051
       9.86090     -26.04461
       9.87110     -25.46905
       9.88130     -24.97358
       9.89140     -25.70797
       9.90160     -25.84270
       9.91180     -26.45752
       9.92190     -25.84219
       9.93210     -26.48721
       9.94220     -25.90207
       9.95240     -26.01728
       9.96260     -24.97259
       9.97270     -25.99775
       9.98290     -25.81326
       9.99310     -26.15886
      10.00320     -26.50432
      10.01340     -26.40013
      10.02360     -25.42603
      10.03370     -24.99179
      10.04390     -26.64790
      10.05410     -25.70411
      10.06420     -25.92017
      10.07440     -26.13659
      10.08450     -26.22285
      10.09470     -25.79948
      10.10490     -25.35621
      10.11500     -26.05278
      10.12520     -25.64972
      10.13540     -25.38677
      10.14550     -25.69366
      10.15570     -26.97091
      10.16590     -25.86828
      10.17600     -24.65548
      10.18620     -25.79306
      10.19640     -24.97075
      10.20650     -25.71828
      10.21670     -25.94618
      10.22690     -25.16420
      10.23700     -25.82205
      10.24720     -25.72028
      10.25730     -25.98835
      10.26750     -24.99681
      10.27770     -25.98538
      10.28780     -25.35378
      10.29800     -25.48257
      10.30820     -25.72148
      10.31830     -26.58022
      10.32850     -25.88935
      10.33870     -26.19860
      10.34880     -26.29767
      10.35900     -26.04715
      10.36920     -25.55675
      10.37930     -25.73616
      10.38950     -26.33599
      10.39960     -26.02564
      10.40980     -26.27570
      10.42000     -27.06588
      10.43010     -26.48588
      10.44030     -26.65630
      10.45050     -26.89683
      10.46060     -25.73719
      10.47080     -25.55797
      10.48100     -26.76886
      10.49110     -26.23958
      10.50130     -25.33072
      10.51150     -25.76198
      10.52160     -25.41305
      10.53180     -25.57456
      10.54200     -25.64619
      10.55210     -25.68763
      10.56230     -25.74951
      10.57240     -25.55120
      10.58260     -26.86333
      10.59280     -25.85559
      10.60290     -26.91765
      10.61310     -26.11016
      10.62330     -26.16279
      10.63340     -27.29524
      10.64360     -26.53813
      10.65380     -26.07115
      10.66390     -26.42397
      10.67410     -25.53725
      10.68430     -25.78066
      10.69440     -24.65387
      10.70460     -26.94754
      10.71470     -26.44101
      10.72490     -26.08495
      10.73510     -26.61901
      10.74520     -25.97288
      10.75540     -25.93721
      10.76560     -26.37169
      10.77570     -25.93594
      10.78590     -25.50069
      10.79610     -26.72556
      10.80620     -25.92022
      10.81640     -26.53537
      10.82660     -26.08065
      10.83670     -25.94572
      10.84690     -27.76128
      10.85710     -26.18698
      10.86720     -26.93246
      10.87740     -25.21844
      10.88750     -26.30420
      10.89770     -25.47046
      10.90790     -25.08685
      10.91800     -26.43303
      10.92820     -26.02971
      10.93840     -26.11653
      10.94850     -26.28313
      10.95870     -25.76024
      10.96890     -25.54749
      10.97900     -26.80452
      10.98920     -26.41206
      10.99940     -26.41975
      11.00950     -26.93721
      11.01970     -26.30519
      11.02980     -25.41295
      11.04000     -26.01122
      11.05020     -26.76965
      11.06030     -25.66784
      11.07050     -26.06656
      11.08070     -26.83542
      11.09080     -26.01406
      11.10100     -26.51323
      11.11120     -26.05256
      11.12130     -26.64164
      11.13150     -27.30126
      11.14170     -25.99104
      11.15180     -25.58058
      11.16200     -26.59066
      11.17220     -26.66090
      11.18230     -26.83090
      11.19250     -25.00145
      11.20260     -26.07175
      11.21280     -26.16261
      11.22300     -26.71363
      11.23310     -26.42440
      11.24330     -26.44573
      11.25350     -26.90722
      11.26360     -27.04847
      11.27380     -26.49027
      11.28400     -27.72224
      11.29410     -26.35395
      11.30430     -26.07624
      11.31450     -27.39869
      11.32460     -25.81089
      11.33480     -26.61367
      11.34490     -25.77618
      11.35510     -25.76928
      11.36530     -26.15255
      11.37540     -26.15555
      11.38560     -26.25915
      11.39580     -25.41291
      11.40590     -26.75641
      11.41610     -26.72050
      11.42630     -26.29477
      11.43640     -27.19876
      11.44660     -26.78335
      11.45680     -26.48812
      11.46690     -25.72261
      11.47710     -26.74772
      11.48730     -26.55299
      11.49740     -27.07800
      11.50760     -26.73361
      11.51770     -26.53896
      11.52790     -27.07491
      11.53810     -27.05105
      11.54820     -26.82690
      11.55840     -27.22339
      11.56860     -26.13004
      11.57870     -26.58641
      11.58890     -26.85342
      11.59910     -26.67061
      11.60920     -26.65750
      11.61940     -26.19505
      11.62960     -26.33276
      11.63970     -26.77018
      11.64990     -26.84826
      11.66000     -26.27604
      11.67020     -26.80447
      11.68040     -26.98308
      11.69050     -25.98140
      11.70070     -27.08036
      11.71090     -26.22952
      11.72100     -26.98838
      11.73120     -26.49790
      11.74140     -26.03761
      11.75150     -27.53701
      11.76170     -25.78708
      11.77190     -26.44734
      11.78200     -27.16729
      11.79220     -27.13792
      11.80230     -27.03824
      11.81250     -27.24924
      11.82270     -26.54044
      11.83280     -27.58131
      11.84300     -27.90289
      11.85320     -26.00464
      11.86330     -26.48608
      11.87350     -27.23822
      11.88370     -26.78056
      11.89380     -26.56256
      11.90400     -26.59528
      11.91420     -26.72818
      11.92430     -27.52076
      11.93450     -26.09405
      11.94470     -26.52754
      11.95480     -27.32069
      11.96500     -27.37457
      11.97510     -26.84811
      11.98530     -27.34238
      11.99550     -26.73685
      12.00560     -27.26097
      12.01580     -25.96584
      12.02600     -26.76089
      12.03610     -25.87561
      12.04630     -26.82107
      12.05650     -26.84673
      12.06660     -27.26203
      12.07680     -26.62809
      12.08700     -27.26435
      12.09710     -26.63026
      12.10730     -27.02692
      12.11740     -27.83323
      12.12760     -27.26029
      12.13780     -27.62757
      12.14790     -28.09448
      12.15810     -26.77216
      12.16830     -27.37005
      12.17840     -27.63758
      12.18860     -26.94588
      12.19880     -27.04439
      12.20890     -26.24253
      12.21910     -26.71145
      12.22930     -26.53058
      12.23940     -27.08934
      12.24960     -27.69890
      12.25980     -26.27866
      12.26990     -27.03804
      12.28010     -26.45822
      12.29020     -27.26802
      12.30040     -28.01863
      12.31060     -26.18945
      12.32070     -27.86988
      12.33090     -27.04113
      12.34110     -27.50258
      12.35120     -27.88366
      12.36140     -27.35554
      12.37160     -27.74765
      12.38170     -27.06936
      12.39190     -27.62190
      12.40210     -26.26465
      12.41220     -27.13700
      12.42240     -27.61020
      12.43250     -27.24298
      12.44270     -26.33661
      12.45290     -26.48046
      12.46300     -28.16389
      12.47320     -27.74818
      12.48340     -26.89269
      12.49350     -26.82678
      12.50370     -27.72174
      12.51390     -27.81691
      12.52400     -27.04167
      12.53420     -27.37729
      12.54440     -27.65314
      12.55450     -27.12856
      12.56470     -27.47485
      12.57490     -28.14137
      12.58500     -26.79746
      12.59520     -27.95443
      12.60530     -27.66097
      12.61550     -27.65840
      12.62570     -28.27605
      12.63580     -27.21326
      12.64600     -26.82137
      12.65620     -27.86971
      12.66630     -27.39761
      12.67650     -27.32641
      12.68670     -27.27543
      12.69680     -28.07402
      12.70700     -27.97350
      12.71720     -27.62323
      12.72730     -27.40249
      12.73750     -27.32269
      12.74760     -26.86241
      12.75780     -27.58307
      12.76800     -27.62395
      12.77810     -26.55438
      12.78830     -27.92574
      12.79850     -27.32733
      12.80860     -27.23846
      12.81880     -27.79052
      12.82900     -27.35283
      12.83910     -27.50465
      12.84930     -28.21743
      12.85950     -28.27045
      12.86960     -27.72298
      12.87980     -29.07647
      12.89000     -28.62020
      12.90010     -28.60345
      12.91030     -26.77766
      12.92040     -27.75138
      12.93060     -28.27608
      12.94080     -27.17101
      12.95090     -27.29545
      12.96110     -27.84086
      12.97130     -27.97653
      12.98140     -26.84169
      12.99160     -27.51784
      13.00180     -27.78423
      13.01190     -28.27011
      13.02210     -27.93699
      13.03230     -28.73412
      13.04240     -27.78074
      13.05260     -28.10835
      13.06270     -28.07545
      13.07290     -28.31356
      13.08310     -27.62192
      13.09320     -28.09975
      13.10340     -26.78860
      13.11360     -27.90770
      13.12370     -29.08628
      13.13390     -27.53587
      13.14410     -28.18572
      13.15420     -27.30503
      13.16440     -28.05538
      13.17460     -28.73598
      13.18470     -27.16603
      13.19490     -28.16713
      13.20510     -28.47849
      13.21520     -26.96930
      13.22540     -27.75114
      13.23550     -28.66245
      13.24570     -28.13481
      13.25590     -27.59743
      13.26600     -27.86948
      13.27620     -27.55261
      13.28640     -28.37598
      13.29650     -27.11879
      13.30670     -28.99268
      13.31690     -28.65683
      13.32700     -28.85039
      13.33720     -27.73505
      13.34740     -27.79996
      13.35750     -27.31429
      13.36770     -28.06972
      13.37780     -27.63456
      13.38800     -28.62050
      13.39820     -29.30670
      13.40830     -27.92231
      13.41850     -27.37902
      13.42870     -29.00600
      13.43880     -27.92238
      13.44900     -27.40988
      13.45920     -28.21762
      13.46930     -28.36478
      13.47950     -28.00305
      13.48970     -28.47159
      13.49980     -28.03951
      13.51000     -28.29857
      13.52010     -28.05701
      13.53030     -27.60660
      13.54050     -26.80644
      13.55060     -27.40566
      13.56080     -28.25603
      13.57100     -29.25667
      13.58110     -28.83667
      13.59130     -28.95783
      13.60150     -28.90925
      13.61160     -27.01004
      13.62180     -27.94200
      13.63200     -28.82421
      13.64210     -28.36579
      13.65230     -29.48853
      13.66250     -28.17155
      13.67260     -28.05391
      13.68280     -28.89746
      13.69290     -29.52034
      13.70310     -27.83442
      13.71330     -27.65876
      13.72340     -28.42245
      13.73360     -27.64732
      13.74380     -28.19247
      13.75390     -29.14694
      13.76410     -27.94263
      13.77430     -29.10857
      13.78440     -28.63385
      13.79460     -28.77033
      13.80480     -28.86709
      13.81490     -29.10316
      13.82510     -28.76045
      13.83520     -27.91706
      13.84540     -28.34488
      13.85560     -29.02299
      13.86570     -28.52038
      13.87590     -28.98903
      13.88610     -27.81793
      13.89620     -28.55614
      13.90640     -27.80559
      13.91660     -27.52532
      13.92670     -28.98432
      13.93690     -29.29459
      13.94710     -28.56512
      13.95720     -29.12494
      13.96740     -28.00601
      13.97760     -28.88737
      13.98770     -28.56800
      13.99790     -28.13988
      14.00800     -28.49105
      14.01820     -28.51348
      14.02840     -28.43620
      14.03850     -28.33817
      14.04870     -28.33142
      14.05890     -28.48494
      14.06900     -28.69773
      14.07920     -30.16180
      14.08940     -28.94615
      14.09950     -28.22974
      14.10970     -28.32463
      14.11990     -29.40980
      14.13000     -28.51421
      14.14020     -28.89992
      14.15030     -29.47487
      14.16050     -28.83113
      14.17070     -28.30766
      14.18080     -28.46343
      14.19100     -28.35051
      14.20120     -28.31786
      14.21130     -28.03444
      14.22150     -28.98235
      14.23170     -28.69052
      14.24180     -28.88792
      14.25200     -27.12664
      14.26220     -29.21565
      14.27230     -27.71386
      14.28250     -27.54341
      14.29270     -28.57324
      14.30280     -28.40226
      14.31300     -28.49263
      14.32310     -28.52221
      14.33330     -27.92313
      14.34350     -27.76434
      14.35360     -28.89471
      14.36380     -29.15646
      14.37400     -28.59849
      14.38410     -27.97969
      14.39430     -27.92228
      14.40450     -29.87513
      14.41460     -28.23715
      14.42480     -28.60054
      14.43500     -28.89423
      14.44510     -27.41705
      14.45530     -28.75129
      14.46540     -29.61466
      14.47560     -28.47944
      14.48580     -28.62449
      14.49590     -28.25869
      14.50610     -27.92428
      14.51630     -29.55017
      14.52640     -28.83517
      14.53660     -28.53161
      14.54680     -29.83831
      14.55690     -28.15414
      14.56710     -29.70138
      14.57730     -28.95892
      14.58740     -27.85556
      14.59760     -28.75363
      14.60780     -29.05198
      14.61790     -27.47945
      14.62810     -28.63835
      14.63820     -29.06634
      14.64840     -28.03580
      14.65860     -28.90551
      14.66870     -28.45434
      14.67890     -26.84460
      14.68910     -28.54515
      14.69920     -28.61478
      14.70940     -27.85587
      14.71960     -28.49723
      14.72970     -28.70768
      14.73990     -27.61959
      14.75010     -28.11178
      14.76020     -28.54303
      14.77040     -26.84577
      14.78050     -27.68757
      14.79070     -28.48084
      14.80090     -27.91440
      14.81100     -28.23700
      14.82120     -29.31110
      14.83140     -28.38546
      14.84150     -28.82889
      14.85170     -29.56380
      14.86190     -27.57899
      14.87200     -28.43321
      14.88220     -28.68895
      14.89240     -27.89494
      14.90250     -26.98998
      14.91270     -28.93651
      14.92290     -27.36334
      14.93300     -29.18917
      14.94320     -28.13654
      14.95330     -27.48292
      14.96350     -28.11081
      14.97370     -28.76898
      14.98380     -28.03616
      14.99400     -28.04488
      15.00420     -28.58385
      15.01430     -28.23183
      15.02450     -28.96135
      15.03470     -28.22114
      15.04480     -28.11992
      15.05500     -28.19025
      15.06520     -28.38084
      15.07530     -29.03043
      15.08550     -27.76156
      15.09560     -27.83167
      15.10580     -28.56334
      15.11600     -28.08529
      15.12610     -27.99619
      15.13630     -28.18867
      15.14650     -28.26141
      15.15660     -27.71312
      15.16680     -28.14638
      15.17700     -28.09993
      15.18710     -28.65244
      15.19730     -28.84651
      15.20750     -28.14085
      15.21760     -28.25414
      15.22780     -28.14902
      15.23800     -27.55416
      15.24810     -27.67824
      15.25830     -28.20391
      15.26840     -28.47852
      15.27860     -29.64471
      15.28880     -27.68119
      15.29890     -27.88657
      15.30910     -28.25358
      15.31930     -28.09083
      15.32940     -27.99701
      15.33960     -27.13479
      15.34980     -27.70285
      15.35990     -27.63982
      15.37010     -29.24838
      15.38030     -28.18723
      15.39040     -27.89497
      15.40060     -27.46435
      15.41070     -27.40260
      15.42090     -28.74250
      15.43110     -28.44265
      15.44120     -26.39170
      15.45140     -27.07237
      15.46160     -27.46332
      15.47170     -27.14313
      15.48190     -28.25460
      15.49210     -27.98632
      15.50220     -26.67691
      15.51240     -26.97916
      15.52260     -25.23167
      15.53270     -27.60303
      15.54290     -28.52608
      15.55300     -27.38795
      15.56320     -28.57150
      15.57340     -28.91531
      15.58350     -28.32796
      15.59370     -26.74231
      15.60390     -26.43689
      15.61400     -27.76032
      15.62420     -27.44542
      15.63440     -28.21081
      15.64450     -28.18499
      15.65470     -26.47089
      15.66490     -27.58703
      15.67500     -27.71201
      15.68520     -27.09866
      15.69540     -26.51559
      15.70550     -25.55132
      15.71570     -28.78877
      15.72580     -28.59502
      15.73600     -27.51299
      15.74620     -27.53120
      15.75630     -27.59822
      15.76650     -27.27696
      15.77670     -27.40595
      15.78680     -26.93375
      15.79700     -26.92326
      15.80720     -26.71304
      15.81730     -28.04159
      15.82750     -26.26189
      15.83770     -26.70243
      15.84780     -27.80177
      15.85800     -26.81284
      15.86810     -27.05269
      15.87830     -26.92427
      15.88850     -27.63613
      15.89860     -26.76675
      15.90880     -28.59912
      15.91900     -28.46175
      15.92910     -26.50315
      15.93930     -26.21629
      15.94950     -26.19972
      15.95960     -27.04190
      15.96980     -27.13584
      15.98000     -26.66003
      15.99010     -27.04300
      16.00030     -25.29772
      16.01050     -27.13273
      16.02060     -26.79646
      16.03080     -27.08199
      16.04090     -26.72625
      16.05110     -25.82231
      16.06130     -26.47865
      16.07140     -27.65369
      16.08160     -27.14056
      16.09180     -26.24770
      16.10190     -28.08354
      16.11210     -28.04121
      16.12230     -26.00912
      16.13240     -27.94581
      16.14260     -26.90427
      16.15280     -25.08303
      16.16290     -25.28053
      16.17310     -25.83980
      16.18320     -26.57784
      16.19340     -25.08766
      16.20360     -26.30782
      16.21370     -26.68664
      16.22390     -25.07734
      16.23410     -26.03833
      16.24420     -26.61800
      16.25440     -26.67955
      16.26460     -25.57138
      16.27470     -26.01189
      16.28490     -26.87431
      16.29510     -26.39698
      16.30520     -26.59839
      16.31540     -26.16164
      16.32560     -26.62521
      16.33570     -25.53747
      16.34590     -26.54164
      16.35600     -24.82451
      16.36620     -25.36926
      16.37640     -26.91434
      16.38650     -24.73808
      16.39670     -24.95378
      16.40690     -24.53979
      16.41700     -25.07446
      16.42720     -25.38110
      16.43740     -24.72804
      16.44750     -25.90366
      16.45770     -25.26125
      16.46790     -25.79915
      16.47800     -26.86576
      16.48820     -27.11430
      16.49830     -25.42159
      16.50850     -24.99080
      16.51870     -22.75040
      16.52880     -24.66866
      16.53900     -24.43894
      16.54920     -26.13958
      16.55930     -24.78889
      16.56950     -24.78024
      16.57970     -24.67197
      16.58980     -24.58234
      16.60000     -24.57479
      16.61020     -23.90763
      16.62030     -24.23913
      16.63050     -24.46273
      16.64070     -24.71668
      16.65080     -24.63937
      16.66100     -22.45412
      16.67110     -24.47762
      16.68130     -24.37318
      16.69150     -24.09921
      16.70160     -24.11391
      16.71180     -22.80077
      16.72200     -23.75807
      16.73210     -24.27406
      16.74230     -23.93225
      16.75250     -22.88091
      16.76260     -24.33825
      16.77280     -22.58783
      16.78300     -23.20789
      16.79310     -24.00665
      16.80330     -23.48769
      16.81340     -23.32744
      16.82360     -23.17948
      16.83380     -23.58202
      16.84390     -23.38334
      16.85410     -23.75694
      16.86430     -24.67113
      16.87440     -23.63404
      16.88460     -22.94935
      16.89480     -23.93524
      16.90490     -23.60988
      16.91510     -23.30696
      16.92530     -23.88466
      16.93540     -23.11111
      16.94560     -24.13007
      16.95580     -23.66966
      16.96590     -23.21808
      16.97610     -25.31905
      16.98620     -23.14880
      16.99640     -23.34116
      17.00660     -23.43421
      17.01670     -23.81615
      17.02690     -23.43071
      17.03710     -25.03606
      17.04720     -24.96027
      17.05740     -23.35723
      17.06760     -24.17503
      17.07770     -24.71170
      17.08790     -24.52121
      17.09810     -24.15162
      17.10820     -23.19094
      17.11840     -24.08319
      17.12850     -25.29440
      17.13870     -23.41859
      17.14890     -22.89376
      17.15900     -23.96800
      17.16920     -24.45531
      17.17940     -23.33368
      17.18950     -23.63116
      17.19970     -24.82180
      17.20990     -23.49367
      17.22000     -23.41464
      17.23020     -23.22899
      17.24040     -22.16463
      17.25050     -25.29946
      17.26070     -24.07780
      17.27090     -23.47758
      17.28100     -25.44662
      17.29120     -23.71936
      17.30130     -23.87144
      17.31150     -24.31734
      17.32170     -24.81489
      17.33180     -23.27197
      17.34200     -23.54301
      17.35220     -26.11597
      17.36230     -24.98857
      17.37250     -23.27540
      17.38270     -25.15435
      17.39280     -23.26308
      17.40300     -23.73643
      17.41320     -24.01214
      17.42330     -23.02782
      17.43350     -23.98851
      17.44360     -24.61935
      17.45380     -22.75548
      17.46400     -23.61452
      17.47410     -23.52402
      17.48430     -22.67932
      17.49450     -24.50793
      17.50460     -22.83747
      17.51480     -23.33331
      17.52500     -24.74312
      17.53510     -22.89426
      17.54530     -23.81244
      17.55550     -24.01526
      17.56560     -23.45994
      17.57580     -22.71266
      17.58590     -24.36770
      17.59610     -25.37147
      17.60630     -23.94128
      17.61640     -24.86423
      17.62660     -22.51714
      17.63680     -24.36723
      17.64690     -24.91142
      17.65710     -24.81709
      17.66730     -21.98122
      17.67740     -23.33079
      17.68760     -23.93346
      17.69780     -21.09637
      17.70790     -23.85600
      17.71810     -24.08101
      17.72830     -23.56812
      17.73840     -24.16364
      17.74860     -21.88701
      17.75870     -22.90005
      17.76890     -23.76285
      17.77910     -23.32175
      17.78920     -22.54242
      17.79940     -23.81609
      17.80960     -21.82870
      17.81970     -23.09554
      17.82990     -23.89903
      17.84010     -23.49461
      17.85020     -21.63734
      17.86040     -23.42062
      17.87060     -22.32981
      17.88070     -23.48890
      17.89090     -23.16335
      17.90100     -24.43974
      17.91120     -23.80479
      17.92140     -23.55241
      17.93150     -24.25520
      17.94170     -23.29190
      17.95190     -22.35552
      17.96200     -23.97766
      17.97220     -22.10922
      17.98240     -25.13222
      17.99250     -22.87697
      18.00270     -23.58687
      18.01290     -23.94244
      18.02300     -25.90331
      18.03320     -24.05460
      18.04340     -23.71634
      18.05350     -24.23564
      18.06370     -23.69142
      18.07380     -23.61624
      18.08400     -24.57108
      18.09420     -25.36244
      18.10430     -26.08456
      18.11450     -24.97153
      18.12470     -26.73788
      18.13480     -26.62585
      18.14500     -28.72266
      18.15520     -27.64044
      18.16530     -28.11026
      18.17550     -26.93147
      18.18570     -27.42430
      18.19580     -28.29762
      18.20600     -29.15338
      18.21610     -29.82770
      18.22630     -26.79445
      18.23650     -29.84123
      18.24660     -28.97122
      18.25680     -30.43292
      18.26700     -32.24998
      18.27710     -29.74370
      18.28730     -27.87492
      18.29750     -31.72484
      18.30760     -30.03230
      18.31780     -29.23010
      18.32800     -31.20628
      18.33810     -30.18915
      18.34830     -30.76093
      18.35850     -30.78769
      18.36860     -31.10580
      18.37880     -31.12700
      18.38890     -32.25714
      18.39910     -30.15741
      18.40930     -29.75189
      18.41940     -30.75220
      18.42960     -28.89963
      18.43980     -32.07498
      18.44990     -33.53983
      18.46010     -30.14192
      18.47030     -28.88126
      18.48040     -32.46994
      18.49060     -27.06065
      18.50080     -27.94345
      18.51090     -30.59398
      18.52110     -28.17667
      18.53120     -24.78520
      18.54140     -30.00977
      18.55160     -27.14624
      18.56170     -27.28827
      18.57190     -28.39810
      18.58210     -25.38898
      18.59220     -27.18152
      18.60240     -27.91104
      18.61260     -24.70889
      18.62270     -26.23621
      18.63290     -27.01013
      18.64310     -25.75284
      18.65320     -24.50681
      18.66340     -23.95096
      18.67360     -23.30899
      18.68370     -22.46420
      18.69390     -23.64783
      18.70400     -22.92624
      18.71420     -21.64548
      18.72440     -23.83545
      18.73450     -24.14444
      18.74470     -22.42065
      18.75490     -27.49104
      18.76500     -21.44002
      18.77520     -23.12703
      18.78540     -24.84508
      18.79550     -21.97125
      18.80570     -23.73834
      18.81590     -24.09201
      18.82600     -25.32047
      18.83620     -25.39093
      18.84630     -24.61786
      18.85650     -25.02563
      18.86670     -23.75133
      18.87680     -27.32034
      18.88700     -26.63606
      18.89720     -24.97261
      18.90730     -28.62512
      18.91750     -26.12488
      18.92770     -28.21452
      18.93780     -28.04745
      18.94800     -29.44313
      18.95820     -27.06384
      18.96830     -29.06001
      18.97850     -27.45192
      18.98870     -28.89969
      18.99880     -28.32120
      19.00900     -26.51837
      19.01910     -29.85301
      19.02930     -28.37845
      19.03950     -28.11133
      19.04960     -29.90399
      19.05980     -30.79414
      19.07000     -28.34422
      19.08010     -28.80591
      19.09030     -30.50800
      19.10050     -29.77191
      19.11060     -27.07639
      19.12080     -29.27341
      19.13100     -28.44202
      19.14110     -28.70866
      19.15130     -29.25856
      19.16140     -28.96414
      19.17160     -29.32274
      19.18180     -30.18973
      19.19190     -28.66811
      19.20210     -28.91833
      19.21230     -29.80405
      19.22240     -27.64563
      19.23260     -27.70757
      19.24280     -28.85071
      19.25290     -28.20471
      19.26310     -27.12607
      19.27330     -28.33461
      19.28340     -28.65836
      19.29360     -28.18646
      19.30380     -27.52734
      19.31390     -27.74768
      19.32410     -29.04919
      19.33420     -26.67641
      19.34440     -27.66261
      19.35460     -27.97415
      19.36470     -27.76596
      19.37490     -26.70351
      19.38510     -26.73219
      19.39520     -29.00589
      19.40540     -27.68231
      19.41560     -28.47566
      19.42570     -28.92955
      19.43590     -27.33298
      19.44610     -29.93979
      19.45620     -29.43285
      19.46640     -29.00275
      19.47650     -27.73637
      19.48670     -30.46517
      19.49690     -28.49202
      19.50700     -29.90914
      19.51720     -28.18918
      19.52740     -29.57466
      19.53750     -27.04735
      19.54770     -27.70107
      19.55790     -27.22794
      19.56800     -30.00949
      19.57820     -28.63048
      19.58840     -29.96263
      19.59850     -28.02744
      19.60870     -28.61025
      19.61880     -28.70453
      19.62900     -27.86610
      19.63920     -29.04646
      19.64930     -28.77677
      19.65950     -30.72351
      19.66970     -29.39799
      19.67980     -30.01126
      19.69000     -29.30034
      19.70020     -28.25644
      19.71030     -29.85040
      19.72050     -28.99982
      19.73070     -28.81575
      19.74080     -30.21896
      19.75100     -30.45750
      19.76120     -27.31225
      19.77130     -29.76396
      19.78150     -28.19103
      19.79160     -28.87494
      19.80180     -29.10439
      19.81200     -29.88015
      19.82210     -29.98273
      19.83230     -28.51129
      19.84250     -28.78646
      19.85260     -28.33865
      19.86280     -29.10745
      19.87300     -28.38338
      19.88310     -28.28664
      19.89330     -27.96738
      19.90350     -27.16592
      19.91360     -30.62234
      19.92380     -25.75719
      19.93390     -27.60033
      19.94410     -29.12270
      19.95430     -27.39434
      19.96440     -26.07495
      19.97460     -27.64607
      19.98480     -28.12750
      19.99490     -26.85863
      20.00510     -28.60167
      20.01530     -27.32613
      20.02540     -26.07107
      20.03560     -27.61936
      20.04580     -27.21017
      20.05590     -25.66226
      20.06610     -27.20910
      20.07630     -27.25960
      20.08640     -26.20195
      20.09660     -27.69056
      20.10670     -26.74139
      20.11690     -24.63925
      20.12710     -26.54227
      20.13720     -24.29784
      20.14740     -25.55162
      20.15760     -24.40114
      20.16770     -24.69321
      20.17790     -24.78435
      20.18810     -26.88147
      20.19820     -25.19078
      20.20840     -24.70964
      20.21860     -26.33421
      20.22870     -26.04031
      20.23890     -25.20569
      20.24900     -25.32179
      20.25920     -23.98674
      20.26940     -25.20598
      20.27950     -25.45390
      20.28970     -24.97961
      20.29990     -24.07756
      20.31000     -25.74159
      20.32020     -24.39120
      20.33040     -25.19012
      20.34050     -26.65158
      20.35070     -25.80524
      20.36090     -26.68414
      20.37100     -26.33090
      20.38120     -25.33510
      20.39140     -26.67896
      20.40150     -28.28497
      20.41170     -25.88176
      20.42180     -26.83603
      20.43200     -26.84579
      20.44220     -28.56294
      20.45230     -27.85924
      20.46250     -27.81194
      20.47270     -28.36249
      20.48280     -27.06319
      20.49300     -28.85968
      20.50320     -27.67390
      20.51330     -25.49910
      20.52350     -30.14915
      20.53370     -27.36714
      20.54380     -29.85814
      20.55400     -28.33409
      20.56410     -28.46907
      20.57430     -28.48387
      20.58450     -28.58536
      20.59460     -26.31303
      20.60480     -27.40593
      20.61500     -27.49397
      20.62510     -28.93977
      20.63530     -27.18060
      20.64550     -28.50957
      20.65560     -28.55211
      20.66580     -29.47382
      20.67600     -27.92043
      20.68610     -29.37979
      20.69630     -27.50552
      20.70650     -26.76558
      20.71660     -27.12892
      20.72680     -26.39772
      20.73690     -26.08734
      20.74710     -23.45850
      20.75730     -25.46080
      20.76740     -26.84398
      20.77760     -26.62779
      20.78780     -25.64159
      20.79790     -26.07533
      20.80810     -23.93726
      20.81830     -26.28685
      20.82840     -25.64354
      20.83860     -25.10484
      20.84880     -25.18988
      20.85890     -26.50742
      20.86910     -24.12471
      20.87920     -24.19727
      20.88940     -26.01237
      20.89960     -24.19829
      20.90970     -26.75224
      20.91990     -25.48219
      20.93010     -24.00563
      20.94020     -23.65909
      20.95040     -25.93105
      20.96060     -25.29806
      20.97070     -24.65637
      20.98090     -25.33472
      20.99110     -25.51927
      21.00120     -25.36551
      21.01140     -25.30288
      21.02160     -25.72695
      21.03170     -26.96249
      21.04190     -28.14983
      21.05200     -24.63830
      21.06220     -27.11876
      21.07240     -25.64578
      21.08250     -25.82294
      21.09270     -26.59227
      21.10290     -27.76747
      21.11300     -25.44181
      21.12320     -26.88811
      21.13340     -27.24956
      21.14350     -27.79896
      21.15370     -26.74981
      21.16390     -28.14502
      21.17400     -28.78687
      21.18420     -28.34971
      21.19430     -28.49834
      21.20450     -29.01762
      21.21470     -28.48975
      21.22480     -30.65639
      21.23500     -28.95320
      21.24520     -27.92204
      21.25530     -30.34415
      21.26550     -28.60609
      21.27570     -29.16923
      21.28580     -30.07465
      21.29600     -29.98954
      21.30620     -27.85504
      21.31630     -30.71198
      21.32650     -31.37814
      21.33660     -30.71523
      21.34680     -31.72151
      21.35700     -29.72774
      21.36710     -29.98431
      21.37730     -29.93012
      21.38750     -29.15570
      21.39760     -30.69122
      21.40780     -31.01616
      21.41800     -30.59087
      21.42810     -30.68526
      21.43830     -32.30947
      21.44850     -30.69357
      21.45860     -31.67723
      21.46880     -32.23124
      21.47900     -30.99542
      21.48910     -31.76921
      21.49930     -32.56400
      21.50940     -30.92846
      21.51960     -31.11447
      21.52980     -32.72137
      21.53990     -31.73814
      21.55010     -30.56728
      21.56030     -32.75792
      21.57040     -31.96867
      21.58060     -31.25277
      21.59080     -32.41895
      21.60090     -31.91562
      21.61110     -30.97660
      21.62130     -31.15043
      21.63140     -30.24499
      21.64160     -31.04501
      21.65170     -33.07598
      21.66190     -30.39316
      21.67210     -28.84432
      21.68220     -31.03673
      21.69240     -29.79646
      21.70260     -30.11087
      21.71270     -30.44677
      21.72290     -28.06109
      21.73310     -30.09074
      21.74320     -30.12207
      21.75340     -28.50286
      21.76360     -27.74951
      21.77370     -29.17805
      21.78390     -28.76689
      21.79410     -27.66225
      21.80420     -30.18928
      21.81440     -28.43768
      21.82450     -26.91766
      21.83470     -28.84953
      21.84490     -28.20834
      21.85500     -26.17844
      21.86520     -28.25110
      21.87540     -27.44077
      21.88550     -26.85127
      21.89570     -27.24477
      21.90590     -26.82509
      21.91600     -27.51579
      21.92620     -27.62962
      21.93640     -26.96992
      21.94650     -25.16969
      21.95670     -26.92244
      21.96680     -25.73396
      21.97700     -25.13824
      21.98720     -26.68808
      21.99730     -23.16502
      22.00750     -26.82449
      22.01770     -26.24820
      22.02780     -25.12738
      22.03800     -24.78809
      22.04820     -26.96158
      22.05830     -24.36845
      22.06850     -24.61548
      22.07870     -25.89313
      22.08880     -24.75212
      22.09900     -24.10916
      22.10920     -26.34438
      22.11930     -26.08810
      22.12950     -24.02715
      22.13960     -25.35254
      22.14980     -23.73117
      22.16000     -23.54305
      22.17010     -24.54726
      22.18030     -22.58138
      22.19050     -21.32452
      22.20060     -24.38579
      22.21080     -23.49248
      22.22100     -23.12347
      22.23110     -24.14784
      22.24130     -21.19232
      22.25150     -21.75551
      22.26160     -23.96715
      22.27180     -24.13242
      22.28190     -22.02232
      22.29210     -24.31149
      22.30230     -24.59901
      22.31240     -23.80525
      22.32260     -23.33324
      22.33280     -24.21303
      22.34290     -24.42514
      22.35310     -25.99150
      22.36330     -23.06248
      22.37340     -25.12987
      22.38360     -28.06352
      22.39380     -24.26497
      22.40390     -24.55739
      22.41410     -26.12840
      22.42430     -26.34087
      22.43440     -25.22000
      22.44460     -27.48064
      22.45470     -25.09563
      22.46490     -25.16815
      22.47510     -29.24443
      22.48520     -28.01302
      22.49540     -26.92442
      22.50560     -31.18709
      22.51570     -28.89194
      22.52590     -28.14671
      22.53610     -29.03218
      22.54620     -29.10172
      22.55640     -28.57024
      22.56660     -29.51094
      22.57670     -30.22955
      22.58690     -27.79816
      22.59700     -30.02815
      22.60720     -30.38983
      22.61740     -29.48032
      22.62750     -30.52834
      22.63770     -29.82211
      22.64790     -28.46014
      22.65800     -30.44321
      22.66820     -29.88705
      22.67840     -28.32172
      22.68850     -31.78944
      22.69870     -30.15334
      22.70890     -29.03517
      22.71900     -30.83806
      22.72920     -29.49312
      22.73940     -28.48314
      22.74950     -30.81181
      22.75970     -29.05873
      22.76980     -28.28908
      22.78000     -32.09157
      22.79020     -28.85010
      22.80030     -27.05818
      22.81050     -30.47440
      22.82070     -29.31195
      22.83080     -29.24525
      22.84100     -30.19127
      22.85120     -27.67395
      22.86130     -29.45734
      22.87150     -27.22789
      22.88170     -26.40952
      22.89180     -27.08594
      22.90200     -27.70349
      22.91210     -27.96817
      22.92230     -28.52632
      22.93250     -28.89137
      22.94260     -25.88643
      22.95280     -25.37805
      22.96300     -26.68950
      22.97310     -25.39274
      22.98330     -26.43564
      22.99350     -26.25012
      23.00360     -26.07852
      23.01380     -25.36834
      23.02400     -26.32171
      23.03410     -25.09018
      23.04430     -24.70189
      23.05450     -25.23850
      23.06460     -24.87094
      23.07480     -26.31818
      23.08490     -25.37155
      23.09510     -24.97056
      23.10530     -25.10587
      23.11540     -25.87746
      23.12560     -23.41573
      23.13580     -24.03093
      23.14590     -25.12196
      23.15610     -24.47077
      23.16630     -22.76640
      23.17640     -25.24781
      23.18660     -23.72723
      23.19680     -22.96360
      23.20690     -24.84519
      23.21710     -22.79515
      23.22720     -22.12983
      23.23740     -24.45301
      23.24760     -22.76271
      23.25770     -23.03629
      23.26790     -23.85843
      23.27810     -24.66677
      23.28820     -24.07774
      23.29840     -22.38733
      23.30860     -24.33253
      23.31870     -26.77928
      23.32890     -23.69460
      23.33910     -23.76460
      23.34920     -23.87524
      23.35940     -24.70393
      23.36950     -25.21249
      23.37970     -24.46883
      23.38990     -24.75868
      23.40000     -24.68719
      23.41020     -26.10307
      23.42040     -23.90163
      23.43050     -24.72763
      23.44070     -24.17053
      23.45090     -23.99532
      23.46100     -24.63620
      23.47120     -24.74353
      23.48140     -25.95190
      23.49150     -25.01516
      23.50170     -25.99445
      23.51190     -26.61372
      23.52200     -24.93693
      23.53220     -26.27544
      23.54230     -26.55715
      23.55250     -25.63380
      23.56270     -27.11916
      23.57280     -25.97664
      23.58300     -27.04853
      23.59320     -26.78835
      23.60330     -26.59929
      23.61350     -26.24412
      23.62370     -26.41619
      23.63380     -26.33833
      23.64400     -25.34399
      23.65420     -27.38605
      23.66430     -26.59740
      23.67450     -26.52177
      23.68460     -26.83482
      23.69480     -27.86063
      23.70500     -27.02180
      23.71510     -27.31099
      23.72530     -27.00240
      23.73550     -27.27869
      23.74560     -26.40231
      23.75580     -28.91778
      23.76600     -27.97759
      23.77610     -28.20412
      23.78630     -29.05215
      23.79650     -26.88412
      23.80660     -28.46217
      23.81680     -27.41148
      23.82700     -29.01422
      23.83710     -28.32262
      23.84730     -28.12193
      23.85740     -28.47655
      23.86760     -29.60199
      23.87780     -29.02028
      23.88790     -29.51352
      23.89810     -28.24725
      23.90830     -28.55358
      23.91840     -29.59450
      23.92860     -30.65572
      23.93880     -27.34927
      23.94890     -29.95706
      23.95910     -29.31500
      23.96930     -29.68507
      23.97940     -30.12905
      23.98960     -29.29308
      23.99970     -29.86086
      24.00990     -28.82860
      24.02010     -30.01807
      24.03020     -29.31113
      24.04040     -29.20396
      24.05060     -30.69842
      24.06070     -28.97624
      24.07090     -29.37376
      24.08110     -29.48276
      24.09120     -29.45495
      24.10140     -30.89674
      24.11160     -30.36989
      24.12170     -29.68609
      24.13190     -30.35182
      24.14210     -30.05884
      24.15220     -30.22871
      24.16240     -30.71810
      24.17250     -31.15028
      24.18270     -29.46195
      24.19290     -31.46470
      24.20300     -30.03017
      24.21320     -29.84505
      24.22340     -30.19096
      24.23350     -29.18949
      24.24370     -29.71738
      24.25390     -30.49625
      24.26400     -30.98766
      24.27420     -30.51839
      24.28440     -29.31005
      24.29450     -30.38417
      24.30470     -30.35760
      24.31480     -30.68343
      24.32500     -30.60857
      24.33520     -30.21458
      24.34530     -31.01287
      24.35550     -29.72051
      24.36570     -29.20892
      24.37580     -30.69962
      24.38600     -31.65958
      24.39620     -30.33033
      24.40630     -29.42328
      24.41650     -29.96551
      24.42670     -29.21848
      24.43680     -31.13361
      24.44700     -30.62801
      24.45720     -28.97314
      24.46730     -30.12035
      24.47750     -30.35683
      24.48760     -30.91542
      24.49780     -29.98326
      24.50800     -30.88180
      24.51810     -28.72234
      24.52830     -29.69218
      24.53850     -29.38264
      24.54860     -29.54512
      24.55880     -28.62685
      24.56900     -30.02921
      24.57910     -30.49354
      24.58930     -29.66713
      24.59950     -29.85133
      24.60960     -30.11747
      24.61980     -30.84287
      24.62990     -29.03018
      24.64010     -30.47676
      24.65030     -29.38394
      24.66040     -30.08296
      24.67060     -29.09126
      24.68080     -30.17016
      24.69090     -29.65087
      24.70110     -29.46088
      24.71130     -29.50143
      24.72140     -29.18381
      24.73160     -28.75546
      24.74180     -29.51765
      24.75190     -30.00164
      24.76210     -28.97490
      24.77230     -29.14869
      24.78240     -28.05426
      24.79260     -28.83910
      24.80270     -29.90570
      24.81290     -29.37159
      24.82310     -28.38801
      24.83320     -29.69611
      24.84340     -29.26355
      24.85360     -30.08148
      24.86370     -29.14108
      24.87390     -28.80003
      24.88410     -29.34945
      24.89420     -29.31055
      24.90440     -26.62096
      24.91460     -28.71185
      24.92470     -28.51440
      24.93490     -30.10627
      24.94500     -28.66977
      24.95520     -27.83259
      24.96540     -28.45589
      24.97550     -28.55082
      24.98570     -27.79506
      24.99590     -28.15979
      25.00600     -27.31609
      25.01620     -28.22175
      25.02640     -27.58786
      25.03650     -28.75554
      25.04670     -28.50258
      25.05690     -26.73007
      25.06700     -28.21912
      25.07720     -27.42752
      25.08740     -27.74636
      25.09750     -28.15676
      25.10770     -27.63651
      25.11780     -26.86779
      25.12800     -27.87843
      25.13820     -29.10951
      25.14830     -27.35211
      25.15850     -27.18407
      25.16870     -26.42650
      25.17880     -27.76038
      25.18900     -27.41368
      25.19920     -27.46740
      25.20930     -26.77260
      25.21950     -27.01719
      25.22970     -26.96220
      25.23980     -26.87868
      25.25000     -27.97455
      25.26010     -26.04188
      25.27030     -26.71861
      25.28050     -26.64576
      25.29060     -25.53436
      25.30080     -26.97235
      25.31100     -26.08078
      25.32110     -25.65063
      25.33130     -26.65990
      25.34150     -27.63961
      25.35160     -25.12069
      25.36180     -26.74123
      25.37200     -25.71218
      25.38210     -25.84452
      25.39230     -26.48629
      25.40240     -26.27945
      25.41260     -25.49206
      25.42280     -25.74508
      25.43290     -25.92948
      25.44310     -26.24332
      25.45330     -25.54758
      25.46340     -26.70320
      25.47360     -24.80828
      25.48380     -25.28378
      25.49390     -24.59062
      25.50410     -25.74693
      25.51430     -25.22368
      25.52440     -25.95171
      25.53460     -24.39927
      25.54480     -25.16722
      25.55490     -25.56649
      25.56510     -25.82526
      25.57520     -24.98534
      25.58540     -24.61491
      25.59560     -25.39491
      25.60570     -25.39619
      25.61590     -24.48699
      25.62610     -25.43820
      25.63620     -24.80070
      25.64640     -24.06272
      25.65660     -24.64515
      25.66670     -26.13885
      25.67690     -24.64210
      25.68710     -23.86577
      25.69720     -23.93066
      25.70740     -24.73514
      25.71750     -23.57084
      25.72770     -24.81614
      25.73790     -24.76183
      25.74800     -24.67876
      25.75820     -23.14526
      25.76840     -24.27217
      25.77850     -24.47031
      25.78870     -23.72805
      25.79890     -24.69619
      25.80900     -24.95555
      25.81920     -24.44451
      25.82940     -23.78391
      25.83950     -23.84447
      25.84970     -24.88467
      25.85990     -24.34530
      25.87000     -25.04709
      25.88020     -25.37855
      25.89030     -23.74117
      25.90050     -23.39345
      25.91070     -24.28614
      25.92080     -25.93002
      25.93100     -23.46355
      25.94120     -24.37749
      25.95130     -24.34261
      25.96150     -23.53741
      25.97170     -23.25262
      25.98180     -22.57900
      25.99200     -23.69508
      26.00220     -23.50158
      26.01230     -23.81923
      26.02250     -24.57659
      26.03260     -25.17509
      26.04280     -23.94331
      26.05300     -24.56198
      26.06310     -24.46177
      26.07330     -24.56131
      26.08350     -24.06129
      26.09360     -24.14241
      26.10380     -24.43327
      26.11400     -24.64459
      26.12410     -24.34703
      26.13430     -23.55925
      26.14450     -23.52193
      26.15460     -23.92572
      26.16480     -24.73932
      26.17500     -23.93339
      26.18510     -24.17855
      26.19530     -23.47355
      26.20540     -23.54964
      26.21560     -24.28560
      26.22580     -24.59202
      26.23590     -23.81954
      26.24610     -24.05694
      26.25630     -22.48483
      26.26640     -23.92382
      26.27660     -25.04270
      26.28680     -23.62208
      26.29690     -23.18256
      26.30710     -23.67297
      26.31730     -23.89389
      26.32740     -23.63592
      26.33760     -23.06789
      26.34770     -23.52097
      26.35790     -24.57402
      26.36810     -23.49762
      26.37820     -23.92231
      26.38840     -24.15702
      26.39860     -23.78229
      26.40870     -24.06866
      26.41890     -23.69509
      26.42910     -23.85210
      26.43920     -23.63021
      26.44940     -23.38842
      26.45960     -23.95724
      26.46970     -25.19717
      26.47990     -23.86724
      26.49010     -22.78794
      26.50020     -23.47977
      26.51040     -23.62178
      26.52050     -23.45492
      26.53070     -23.40827
      26.54090     -24.79232
      26.55100     -23.92750
      26.56120     -24.34296
      26.57140     -23.88914
      26.58150     -23.67648
      26.59170     -24.43415
      26.60190     -23.90257
      26.61200     -23.86218
      26.62220     -23.84219
      26.63240     -24.05299
      26.64250     -24.29500
      26.65270     -24.84747
      26.66280     -24.41115
      26.67300     -23.41534
      26.68320     -24.71042
      26.69330     -24.63675
      26.70350     -23.53366
      26.71370     -23.65152
      26.72380     -23.17065
      26.73400     -23.30045
      26.74420     -23.52127
      26.75430     -23.55338
      26.76450     -24.46626
      26.77470     -22.81022
      26.78480     -23.11552
      26.79500     -23.41168
      26.80520     -23.12899
      26.81530     -23.65768
      26.82550     -24.18735
      26.83560     -23.37843
      26.84580     -23.07055
      26.85600     -24.20396
      26.86610     -22.97883
      26.87630     -23.69487
      26.88650     -23.56228
      26.89660     -24.23118
      26.90680     -23.44140
      26.91700     -24.59308
      26.92710     -23.73631
      26.93730     -24.15099
      26.94750     -24.48724
      26.95760     -23.88509
      26.96780     -23.07454
      26.97790     -25.13564
      26.98810     -24.13845
      26.99830     -23.97300
      27.00840     -23.18926
      27.01860     -23.88738
      27.02880     -23.37737
      27.03890     -23.89913
      27.04910     -24.30293
      27.05930     -23.83871
      27.06940     -24.15633
      27.07960     -23.24617
      27.08980     -24.86813
      27.09990     -23.56198
      27.11010     -24.44826
      27.12020     -24.56648
      27.13040     -24.78726
      27.14060     -23.59037
      27.15070     -25.40548
      27.16090     -23.73336
      27.17110     -26.03371
      27.18120     -25.30613
      27.19140     -24.93153
      27.20160     -24.92953
      27.21170     -24.21969
      27.22190     -25.28304
      27.23210     -25.38913
      27.24220     -25.56744
      27.25240     -25.52914
      27.26260     -25.71376
      27.27270     -25.70064
      27.28290     -25.25116
      27.29300     -25.09398
      27.30320     -24.98061
      27.31340     -25.38037
      27.32350     -24.64247
      27.33370     -25.02861
      27.34390     -25.81803
      27.35400     -25.63984
      27.36420     -26.54591
      27.37440     -25.77538
      27.38450     -26.54731
      27.39470     -25.81369
      27.40490     -25.39364
      27.41500     -25.48606
      27.42520     -25.83316
      27.43530     -26.16275
      27.44550     -26.69719
      27.45570     -27.09539
      27.46580     -26.89603
      27.47600     -26.66179
      27.48620     -26.07138
      27.49630     -26.40342
      27.50650     -26.93076
      27.51670     -26.54205
      27.52680     -27.27575
      27.53700     -26.98495
      27.54720     -27.01815
      27.55730     -27.43377
      27.56750     -25.92502
      27.57770     -27.91037
      27.58780     -26.95803
      27.59800     -28.39155
      27.60810     -28.14734
      27.61830     -28.42903
      27.62850     -28.87489
      27.63860     -28.49288
      27.64880     -28.63697
      27.65900     -28.20520
      27.66910     -28.49543
      27.67930     -28.49188
      27.68950     -28.21244
      27.69960     -28.47485
      27.70980     -28.55354
      27.72000     -28.72626
      27.73010     -28.80073
      27.74030     -28.62145
      27.75040     -29.03380
      27.76060     -27.80239
      27.77080     -29.04494
      27.78090     -28.73878
      27.79110     -27.77896
      27.80130     -29.56289
      27.81140     -30.00786
      27.82160     -29.07909
      27.83180     -27.75390
      27.84190     -29.98944
      27.85210     -28.66113
      27.86230     -28.65617
      27.87240     -29.58159
      27.88260     -29.42301
      27.89280     -28.63744
      27.90290     -29.63197
      27.91310     -29.76217
      27.92320     -28.70219
      27.93340     -28.80769
      27.94360     -30.32572
      27.95370     -29.62299
      27.96390     -29.91552
      27.97410     -28.90009
      27.98420     -29.60338
      27.99440     -29.32151
      28.00460     -29.96117
      28.01470     -29.60899
      28.02490     -29.48115
      28.03510     -29.75425
      28.04520     -29.29488
      28.05540     -29.47926
      28.06550     -30.53070
      28.07570     -28.29543
      28.08590     -29.02992
      28.09600     -29.34088
      28.10620     -29.16424
      28.11640     -28.14668
      28.12650     -28.67468
      28.13670     -28.49434
      28.14690     -28.40213
      28.15700     -27.30465
      28.16720     -27.89784
      28.17740     -27.65823
      28.18750     -28.80243
      28.19770     -28.56623
      28.20790     -28.26613
      28.21800     -26.97904
      28.22820     -26.38030
      28.23830     -26.91382
      28.24850     -27.88490
      28.25870     -27.78027
      28.26880     -26.73705
      28.27900     -27.56998
      28.28920     -26.69614
      28.29930     -26.94266
      28.30950     -27.39409
      28.31970     -25.39754
      28.32980     -24.92046
      28.34000     -25.11692
      28.35020     -25.94429
      28.36030     -25.46029
      28.37050     -24.81849
      28.38060     -25.50484
      28.39080     -24.64254
      28.40100     -26.00942
      28.41110     -25.78389
      28.42130     -25.01846
      28.43150     -24.95140
      28.44160     -25.33145
      28.45180     -25.75053
      28.46200     -25.43733
      28.47210     -23.84097
      28.48230     -24.28278
      28.49250     -25.36182
      28.50260     -26.65768
      28.51280     -24.28101
      28.52300     -24.96134
      28.53310     -24.40871
      28.54330     -24.24309
      28.55340     -26.56480
      28.56360     -25.39333
      28.57380     -24.88901
      28.58390     -24.46260
      28.59410     -26.00296
      28.60430     -23.42085
      28.61440     -24.31749
      28.62460     -24.50108
      28.63480     -25.54277
      28.64490     -24.81426
      28.65510     -25.67303
      28.66530     -26.23071
      28.67540     -25.82936
      28.68560     -25.40585
      28.69570     -24.77413
      28.70590     -27.00072
      28.71610     -25.64782
      28.72620     -26.38805
      28.73640     -26.19736
      28.74660     -26.85832
      28.75670     -25.70367
      28.76690     -26.63906
      28.77710     -25.36716
      28.78720     -26.17103
      28.79740     -26.88587
      28.80760     -28.15456
      28.81770     -25.73038
      28.82790     -26.10802
      28.83810     -26.54068
      28.84820     -26.71174
      28.85840     -27.32555
      28.86850     -27.29856
      28.87870     -27.27493
      28.88890     -27.04810
      28.89900     -28.48154
      28.90920     -28.39926
      28.91940     -27.18478
      28.92950     -26.82148
      28.93970     -27.75341
      28.94990     -27.60391
      28.96000     -28.19660
      28.97020     -28.08520
      28.98040     -28.92324
      28.99050     -28.06425
      29.00070     -28.15191
      29.01080     -27.89301
      29.02100     -27.54120
      29.03120     -27.86998
      29.04130     -28.21283
      29.05150     -28.17339
      29.06170     -27.80512
      29.07180     -27.75145
      29.08200     -27.99606
      29.09220     -28.23242
      29.10230     -28.63369
      29.11250     -28.47386
      29.12270     -29.36610
      29.13280     -28.44372
      29.14300     -28.34059
      29.15310     -28.52303
      29.16330     -30.01498
      29.17350     -27.30966
      29.18360     -27.63013
      29.19380     -28.77051
      29.20400     -27.11388
      29.21410     -28.64321
      29.22430     -28.80277
      29.23450     -28.69556
      29.24460     -27.89442
      29.25480     -28.28379
      29.26500     -27.75661
      29.27510     -28.29547
      29.28530     -27.76518
      29.29550     -27.80838
      29.30560     -28.21773
      29.31580     -27.90805
      29.32590     -28.22450
      29.33610     -27.72205
      29.34630     -28.48325
      29.35640     -28.00055
      29.36660     -27.23909
      29.37680     -27.94133
      29.38690     -27.43957
      29.39710     -27.48917
      29.40730     -28.68248
      29.41740     -27.34167
      29.42760     -27.13232
      29.43780     -28.21669
      29.44790     -27.04671
      29.45810     -27.71835
      29.46820     -27.64554
      29.47840     -27.66436
      29.48860     -27.76673
      29.49870     -28.63455
      29.50890     -26.34396
      29.51910     -27.31685
      29.52920     -27.40501
      29.53940     -27.32475
      29.54960     -27.66788
      29.55970     -27.72605
      29.56990     -27.24580
      29.58010     -27.62885
      29.59020     -27.87665
      29.60040     -27.37603
      29.61060     -27.29855
      29.62070     -27.47562
      29.63090     -26.94423
      29.64100     -26.75722
      29.65120     -27.52171
      29.66140     -27.62905
      29.67150     -25.36058
      29.68170     -27.33349
      29.69190     -27.20911
      29.70200     -27.29868
      29.71220     -28.18953
      29.72240     -26.97293
      29.73250     -26.30004
      29.74270     -26.46835
      29.75290     -26.45905
      29.76300     -26.23317
      29.77320     -26.22842
      29.78330     -26.91694
      29.79350     -26.27650
      29.80370     -25.69816
      29.81380     -26.49286
      29.82400     -25.90850
      29.83420     -27.41604
      29.84430     -27.87642
      29.85450     -26.56760
      29.86470     -27.42052
      29.87480     -26.17606
      29.88500     -26.45229
      29.89520     -25.43010
      29.90530     -25.88031
      29.91550     -25.65110
      29.92570     -27.06331
      29.93580     -25.62772
      29.94600     -24.90260
      29.95610     -26.41954
      29.96630     -26.13688
      29.97650     -25.67538
      29.98660     -26.04577
      29.99680     -25.21646
      30.00700     -25.58817
      30.01710     -25.71161
      30.02730     -25.81521
      30.03750     -27.17971
      30.04760     -26.00579
      30.05780     -26.71194
      30.06800     -26.04886
      30.07810     -25.30723
      30.08830     -25.14556
      30.09840     -25.92525
      30.10860     -26.34487
      30.11880     -25.41507
      30.12890     -24.90649
      30.13910     -26.27777
      30.14930     -26.48953
      30.15940     -25.35241
      30.16960     -26.30507
      30.17980     -25.58812
      30.18990     -25.49221
      30.20010     -26.98599
      30.21030     -25.59010
      30.22040     -25.90517
      30.23060     -25.97986
      30.24080     -26.49482
      30.25090     -26.58067
      30.26110     -26.99609
      30.27120     -26.39236
      30.28140     -26.34818
      30.29160     -27.17418
      30.30170     -25.90094
      30.31190     -25.91725
      30.32210     -27.10368
      30.33220     -26.65084
      30.34240     -26.07749
      30.35260     -27.21424
      30.36270     -26.30170
      30.37290     -25.86861
      30.38310     -27.48559
      30.39320     -26.47326
      30.40340     -26.82036
      30.41350     -25.76814
      30.42370     -26.63534
      30.43390     -26.16258
      30.44400     -27.24048
      30.45420     -27.18779
      30.46440     -27.93515
      30.47450     -26.98314
      30.48470     -27.16055
      30.49490     -26.91799
      30.50500     -27.19607
      30.51520     -27.89357
      30.52540     -27.27109
      30.53550     -28.12926
      30.54570     -27.08684
      30.55590     -27.78446
      30.56600     -28.41273
      30.57620     -27.95042
      30.58630     -28.41877
      30.59650     -28.36655
      30.60670     -27.85437
      30.61680     -28.16287
      30.62700     -27.12081
      30.63720     -28.19881
      30.64730     -27.72748
      30.65750     -28.29563
      30.66770     -27.56384
      30.67780     -27.76274
      30.68800     -27.89112
      30.69820     -28.24959
      30.70830     -27.81877
      30.71850     -28.59744
      30.72860     -27.95683
      30.73880     -28.21573
      30.74900     -27.84475
      30.75910     -28.77450
      30.76930     -27.68378
      30.77950     -28.64322
      30.78960     -27.33338
      30.79980     -27.50310
      30.81000     -28.38300
      30.82010     -27.38363
      30.83030     -26.89387
      30.84050     -28.43428
      30.85060     -27.89546
      30.86080     -28.09624
      30.87100     -27.77723
      30.88110     -27.31900
      30.89130     -28.29039
      30.90140     -28.91259
      30.91160     -28.21444
      30.92180     -28.31651
      30.93190     -26.95940
      30.94210     -28.24195
      30.95230     -27.09476
      30.96240     -27.73838
      30.97260     -27.26170
      30.98280     -27.70530
      30.99290     -28.37971
      31.00310     -27.79386
      31.01330     -27.38829
      31.02340     -29.11355
      31.03360     -27.73856
      31.04370     -27.36442
      31.05390     -28.60004
      31.06410     -28.09597
      31.07420     -28.22275
      31.08440     -28.35932
      31.09460     -27.74622
      31.10470     -28.10398
      31.11490     -28.41154
      31.12510     -27.37947
      31.13520     -27.39823
      31.14540     -28.37685
      31.15560     -28.21581
      31.16570     -27.93563
      31.17590     -27.50533
      31.18600     -27.52586
      31.19620     -27.27630
      31.20640     -28.33711
      31.21650     -27.29878
      31.22670     -27.03035
      31.23690     -27.68231
      31.24700     -27.84513
      31.25720     -27.01787
      31.26740     -27.78101
      31.27750     -28.24502
      31.28770     -27.83897
      31.29790     -27.69334
      31.30800     -27.71855
      31.31820     -28.18375
      31.32840     -27.74935
      31.33850     -27.33581
      31.34870     -26.45226
      31.35880     -27.18954
      31.36900     -28.22685
      31.37920     -27.23458
      31.38930     -27.08315
      31.39950     -27.55175
      31.40970     -27.29079
      31.41980     -27.64066
      31.43000     -27.38058
      31.44020     -28.37094
      31.45030     -27.00213
      31.46050     -26.66338
      31.47070     -27.99509
      31.48080     -27.92761
      31.49100     -27.24022
      31.50110     -27.10363
      31.51130     -27.07714
      31.52150     -26.87111
      31.53160     -26.93587
      31.54180     -27.07076
      31.55200     -26.69610
      31.56210     -26.69224
      31.57230     -28.02850
      31.58250     -26.83522
      31.59260     -26.77273
      31.60280     -27.40038
      31.61300     -27.11849
      31.62310     -26.31738
      31.63330     -26.95641
      31.64350     -26.46592
      31.65360     -26.88618
      31.66380     -26.99662
      31.67390     -26.97781
      31.68410     -25.72918
      31.69430     -26.89100
      31.70440     -27.30357
      31.71460     -27.05633
      31.72480     -27.09955
      31.73490     -26.89350
      31.74510     -26.26765
      31.75530     -27.18226
      31.76540     -27.37758
      31.77560     -26.56312
      31.78580     -26.73912
      31.79590     -26.65581
      31.80610     -27.13273
      31.81620     -26.44033
      31.82640     -27.03816
      31.83660     -27.03645
      31.84670     -26.51540
      31.85690     -26.90460
      31.86710     -26.55425
      31.87720     -26.61454
      31.88740     -26.38509
      31.89760     -26.58609
      31.90770     -26.26771
      31.91790     -26.09960
      31.92810     -26.37193
      31.93820     -26.03487
      31.94840     -27.17807
      31.95860     -25.96172
      31.96870     -26.25595
      31.97890     -25.97046
      31.98900     -26.74555
      31.99920     -25.86092
      32.00940     -25.98672
      32.01950     -26.64306
      32.02970     -26.12970
      32.03990     -26.04675
      32.05000     -24.90434
      32.06020     -26.67222
      32.07040     -26.36051
      32.08050     -25.38931
      32.09070     -26.20842
      32.10090     -25.43791
      32.11100     -24.98791
      32.12120     -25.59819
      32.13130     -25.51896
      32.14150     -24.53003
      32.15170     -25.35147
      32.16180     -25.66338
      32.17200     -26.58558
      32.18220     -25.47816
      32.19230     -23.98117
      32.20250     -25.09448
      32.21270     -26.38815
      32.22280     -25.37223
      32.23300     -25.20661
      32.24320     -25.27133
      32.25330     -25.72645
      32.26350     -24.98185
      32.27370     -25.23760
      32.28380     -25.60371
      32.29400     -24.86011
      32.30410     -25.19686
      32.31430     -25.18389
      32.32450     -25.08123
      32.33460     -24.92891
      32.34480     -25.10686
      32.35500     -24.86510
      32.36510     -25.06365
      32.37530     -25.53248
      32.38550     -24.84158
      32.39560     -25.29096
      32.40580     -25.29060
      32.41600     -25.12050
      32.42610     -25.54066
      32.43630     -25.01107
      32.44640     -25.28172
      32.45660     -26.27261
      32.46680     -25.81374
      32.47690     -25.04507
      32.48710     -25.24664
      32.49730     -24.62843
      32.50740     -25.49039
      32.51760     -25.69258
      32.52780     -25.21496
      32.53790     -24.78750
      32.54810     -25.27024
      32.55830     -24.64315
      32.56840     -24.69620
      32.57860     -24.30943
      32.58880     -26.61281
      32.59890     -25.29630
      32.60910     -26.18996
      32.61920     -24.71371
      32.62940     -25.35760
      32.63960     -25.85162
      32.64970     -25.97569
      32.65990     -25.89990
      32.67010     -25.88420
      32.68020     -24.69852
      32.69040     -25.16296
      32.70060     -25.68746
      32.71070     -24.80197
      32.72090     -24.75657
      32.73110     -26.19120
      32.74120     -26.05581
      32.75140     -25.34049
      32.76150     -26.52512
      32.77170     -26.28981
      32.78190     -25.61448
      32.79200     -25.80908
      32.80220     -24.78371
      32.81240     -25.76829
      32.82250     -25.08278
      32.83270     -25.73727
      32.84290     -25.54168
      32.85300     -25.86598
      32.86320     -26.75023
      32.87340     -25.76439
      32.88350     -26.37841
      32.89370     -25.89235
      32.90390     -25.81617
      32.91400     -25.94982
      32.92420     -26.09336
      32.93430     -25.09671
      32.94450     -26.01994
      32.95470     -26.27300
      32.96480     -25.66584
      32.97500     -25.27853
      32.98520     -26.06101
      32.99530     -25.24326
      33.00550     -25.53531
      33.01570     -26.61713
      33.02580     -25.74870
      33.03600     -25.43004
      33.04620     -25.90111
      33.05630     -25.19192
      33.06650     -25.47246
      33.07660     -25.59272
      33.08680     -25.04268
      33.09700     -26.24234
      33.10710     -25.62170
      33.11730     -25.10073
      33.12750     -25.85944
      33.13760     -26.45783
      33.14780     -25.93586
      33.15800     -26.17354
      33.16810     -25.74089
      33.17830     -25.58785
      33.18850     -25.56443
      33.19860     -25.67068
      33.20880     -25.74650
      33.21890     -26.14198
      33.22910     -26.07701
      33.23930     -24.90163
      33.24940     -25.63591
      33.25960     -25.12971
      33.26980     -25.32309
      33.27990     -25.61611
      33.29010     -25.16863
      33.30030     -24.79071
      33.31040     -26.06244
      33.32060     -25.62365
      33.33080     -25.21440
      33.34090     -25.39480
      33.35110     -25.65465
      33.36130     -26.02404
      33.37140     -25.56309
      33.38160     -25.12156
      33.39170     -25.11969
      33.40190     -25.79724
      33.41210     -25.10431
      33.42220     -25.25106
      33.43240     -25.50721
      33.44260     -24.83289
      33.45270     -25.34825
      33.46290     -25.71300
      33.47310     -25.59727
      33.48320     -25.76124
      33.49340     -26.05459
      33.50360     -25.01747
      33.51370     -25.90007
      33.52390     -25.93204
      33.53400     -25.42372
      33.54420     -26.43478
      33.55440     -26.44538
      33.56450     -26.31573
      33.57470     -25.50545
      33.58490     -26.26471
      33.59500     -25.89375
      33.60520     -25.38215
      33.61540     -26.19012
      33.62550     -26.17789
      33.63570     -26.18501
      33.64590     -26.89173
      33.65600     -26.34827
      33.66620     -26.89417
      33.67640     -26.42967
      33.68650     -26.59502
      33.69670     -26.22975
      33.70680     -26.64435
      33.71700     -26.66832
      33.72720     -26.98193
      33.73730     -27.03543
      33.74750     -27.19833
      33.75770     -26.63087
      33.76780     -26.83336
      33.77800     -26.55523
      33.78820     -27.10678
      33.79830     -27.39828
      33.80850     -27.62921
      33.81870     -27.60982
      33.82880     -27.44043
      33.83900     -27.60046
      33.84910     -27.85051
      33.85930     -27.85998
      33.86950     -27.80919
      33.87960     -27.41844
      33.88980     -27.62714
      33.90000     -27.14560
      33.91010     -27.84414
      33.92030     -28.84213
      33.93050     -27.71990
      33.94060     -28.14778
      33.95080     -27.77513
      33.96100     -28.52230
      33.97110     -29.43959
      33.98130     -28.37637
      33.99150     -28.18298
      34.00160     -28.87976
      34.01180     -29.31605
      34.02190     -29.11251
      34.03210     -28.32849
      34.04230     -28.42434
      34.05240     -28.67040
      34.06260     -28.06599
      34.07280     -29.02146
      34.08290     -29.18716
      34.09310     -29.99242
      34.10330     -28.50760
      34.11340     -29.36301
      34.12360     -28.72800
      34.13380     -28.62292
      34.14390     -28.59810
      34.15410     -29.82289
      34.16420     -28.82795
      34.17440     -29.05262
      34.18460     -29.07725
      34.19470     -28.97219
      34.20490     -28.57674
      34.21510     -29.19126
      34.22520     -29.02610
      34.23540     -28.91058
      34.24560     -29.13505
      34.25570     -28.77987
      34.26590     -29.48433
      34.27610     -28.51880
      34.28620     -28.33362
      34.29640     -29.41813
      34.30660     -29.08263
      34.31670     -29.36751
      34.32690     -29.26207
      34.33700     -29.23701
      34.34720     -28.32166
      34.35740     -28.75633
      34.36750     -28.86140
      34.37770     -28.96617
      34.38790     -28.62099
      34.39800     -29.04623
      34.40820     -28.61118
      34.41840     -28.90620
      34.42850     -28.68162
      34.43870     -28.73678
      34.44890     -29.59203
      34.45900     -28.69769
      34.46920     -28.84309
      34.47930     -28.59891
      34.48950     -28.83451
      34.49970     -28.77018
      34.50980     -28.54629
      34.52000     -28.26216
      34.53020     -28.89813
      34.54030     -28.78456
      34.55050     -29.33075
      34.56070     -28.56705
      34.57080     -28.92380
      34.58100     -29.45033
      34.59120     -28.40699
      34.60130     -28.90410
      34.61150     -29.35100
      34.62170     -29.56802
      34.63180     -28.91550
      34.64200     -29.27279
      34.65210     -28.77053
      34.66230     -28.28808
      34.67250     -29.01577
      34.68260     -27.99392
      34.69280     -28.89189
      34.70300     -28.54000
      34.71310     -28.57857
      34.72330     -28.44697
      34.73350     -29.24551
      34.74360     -28.57453
      34.75380     -28.67338
      34.76400     -28.45237
      34.77410     -28.96182
      34.78430     -28.48113
      34.79440     -28.25090
      34.80460     -28.39052
      34.81480     -28.75029
      34.82490     -28.85052
      34.83510     -27.72063
      34.84530     -29.16088
      34.85540     -28.80159
      34.86560     -28.57217
      34.87580     -28.16292
      34.88590     -28.24412
      34.89610     -27.73520
      34.90630     -28.24644
      34.91640     -27.86813
      34.92660     -28.33970
      34.93670     -28.53173
      34.94690     -28.92365
      34.95710     -28.68573
      34.96720     -28.61825
      34.97740     -27.70067
      34.98760     -28.70328
      34.99770     -28.26631
      35.00790     -28.33924
      35.01810     -27.91235
      35.02820     -28.03590
      35.03840     -28.36935
      35.04860     -28.19298
      35.05870     -28.89703
      35.06890     -28.52100
      35.07910     -28.27514
      35.08920     -28.43971
      35.09940     -27.89420
      35.10950     -27.48911
      35.11970     -27.50394
      35.12990     -28.31895
      35.14000     -28.02438
      35.15020     -28.79973
      35.16040     -28.00525
      35.17050     -28.46119
      35.18070     -28.60706
      35.19090     -27.76310
      35.20100     -27.69954
      35.21120     -28.05592
      35.22140     -28.02248
      35.23150     -28.78944
      35.24170     -28.00633
      35.25180     -28.03362
      35.26200     -28.34085
      35.27220     -28.72825
      35.28230     -27.31605
      35.29250     -28.29379
      35.30270     -27.71169
      35.31280     -28.15998
      35.32300     -27.51822
      35.33320     -28.57663
      35.34330     -27.80541
      35.35350     -27.99414
      35.36370     -28.79304
      35.37380     -28.38232
      35.38400     -27.80154
      35.39420     -28.04093
      35.40430     -28.92068
      35.41450     -27.49039
      35.42460     -27.83046
      35.43480     -28.56049
      35.44500     -28.18068
      35.45510     -27.74121
      35.46530     -27.62172
      35.47550     -27.49238
      35.48560     -27.47338
      35.49580     -28.45435
      35.50600     -28.18547
      35.51610     -27.32693
      35.52630     -27.64836
      35.53650     -27.41994
      35.54660     -28.42185
      35.55680     -28.08372
      35.56690     -27.59593
      35.57710     -27.59810
      35.58730     -28.71042
      35.59740     -27.45306
      35.60760     -27.76567
      35.61780     -28.07842
      35.62790     -28.04149
      35.63810     -27.96453
      35.64830     -27.64771
      35.65840     -27.46119
      35.66860     -28.04465
      35.67880     -27.84824
      35.68890     -27.93213
      35.69910     -28.33600
      35.70930     -27.72001
      35.71940     -27.95430
      35.72960     -28.68857
      35.73970     -28.12312
      35.74990     -27.84765
      35.76010     -27.87231
      35.77020     -27.77726
      35.78040     -27.50217
      35.79060     -26.92722
      35.80070     -27.33253
      35.81090     -28.26782
      35.82110     -27.70325
      35.83120     -26.84892
      35.84140     -28.02458
      35.85160     -27.06036
      35.86170     -27.51641
      35.87190     -27.51242
      35.88200     -27.33869
      35.89220     -28.01494
      35.90240     -27.46131
      35.91250     -27.92793
      35.92270     -27.72452
      35.93290     -27.93122
      35.94300     -27.95816
      35.95320     -28.01509
      35.96340     -26.92212
      35.97350     -27.43939
      35.98370     -26.89664
      35.99390     -28.09399
