! TITLE: Yobs                                                                                                                                                                                                                                                            
! Peak:  2
       6.26270      25.38690
       6.27290      25.38628
       6.28300      25.38567
       6.29320      25.38505
       6.30340      25.38443
       6.31350      25.38381
       6.32370      25.38319
       6.33380      25.38258
       6.34400      25.38196
       6.35420      25.38134
       6.36430      25.38072
       6.37450      25.38010
       6.38470      25.37948
       6.39480      25.37887
       6.40500      25.37825
       6.41520      25.37763
       6.42530      25.37702
       6.43550      25.37640
       6.44570      25.37578
       6.45580      25.37516
       6.46600      25.37454
       6.47620      25.37392
       6.48630      25.37331
       6.49650      25.37269
       6.50660      25.37208
       6.51680      25.37146
       6.52700      25.37084
       6.53710      25.37022
       6.54730      25.36960
       6.55750      25.36898
       6.56760      25.36837
       6.57780      25.36775
       6.58800      25.36713
       6.59810      25.36652
       6.60830      25.36590
       6.61850      25.36528
       6.62860      25.36467
       6.63880      25.36405
       6.64890      25.36343
       6.65910      25.36281
       6.66930      25.36219
       6.67940      25.36158
       6.68960      25.36096
       6.69980      25.36034
       6.70990      25.35973
       6.72010      25.35911
       6.73030      25.35849
       6.74040      25.35788
       6.75060      25.35726
       6.76080      25.35664
       6.77090      25.35602
       6.78110      25.35541
       6.79130      25.35479
       6.80140      25.35417
       6.81160      25.35355
       6.82170      25.35294
       6.83190      25.35232
       6.84210      25.35170
       6.85220      25.35109
       6.86240      25.35047
       6.87260      25.34985
       6.88270      25.34924
       6.89290      25.34862
       6.90310      25.34800
       6.91320      25.34739
       6.92340      25.34677
       6.93360      25.34615
       6.94370      25.34554
       6.95390      25.34492
       6.96400      25.34431
       6.97420      25.34369
       6.98440      25.34307
       6.99450      25.34245
       7.00470      25.34184
       7.01490      25.34122
       7.02500      25.34061
       7.03520      25.33999
       7.04540      25.33937
       7.05550      25.33876
       7.06570      25.33814
       7.07590      25.33752
       7.08600      25.33691
       7.09620      25.33629
       7.10640      25.33567
       7.11650      25.33506
       7.12670      25.33444
       7.13680      25.33383
       7.14700      25.33321
       7.15720      25.33259
       7.16730      25.33198
       7.17750      25.33136
       7.18770      25.33074
       7.19780      25.33013
       7.20800      25.32951
       7.21820      25.32889
       7.22830      25.32828
       7.23850      25.32766
       7.24870      25.32704
       7.25880      25.32643
       7.26900      25.32581
       7.27910      25.32520
       7.28930      25.32458
       7.29950      25.32397
       7.30960      25.32335
       7.31980      25.32273
       7.33000      25.32212
       7.34010      25.32151
       7.35030      25.32089
       7.36050      25.32027
       7.37060      25.31966
       7.38080      25.31904
       7.39100      25.31842
       7.40110      25.31781
       7.41130      25.31719
       7.42150      25.31658
       7.43160      25.31596
       7.44180      25.31535
       7.45190      25.31474
       7.46210      25.31412
       7.47230      25.31350
       7.48240      25.31289
       7.49260      25.31227
       7.50280      25.31165
       7.51290      25.31104
       7.52310      25.31042
       7.53330      25.30981
       7.54340      25.30920
       7.55360      25.30858
       7.56380      25.30796
       7.57390      25.30735
       7.58410      25.30673
       7.59420      25.30612
       7.60440      25.30550
       7.61460      25.30489
       7.62470      25.30428
       7.63490      25.30366
       7.64510      25.30304
       7.65520      25.30243
       7.66540      25.30181
       7.67560      25.30120
       7.68570      25.30058
       7.69590      25.29997
       7.70610      25.29935
       7.71620      25.29874
       7.72640      25.29812
       7.73650      25.29751
       7.74670      25.29690
       7.75690      25.29628
       7.76700      25.29567
       7.77720      25.29505
       7.78740      25.29444
       7.79750      25.29383
       7.80770      25.29321
       7.81790      25.29259
       7.82800      25.29198
       7.83820      25.29136
       7.84840      25.29075
       7.85850      25.29014
       7.86870      25.28952
       7.87890      25.28890
       7.88900      25.28829
       7.89920      25.28768
       7.90930      25.28707
       7.91950      25.28645
       7.92970      25.28584
       7.93980      25.28522
       7.95000      25.28461
       7.96020      25.28399
       7.97030      25.28338
       7.98050      25.28277
       7.99070      25.28215
       8.00080      25.28154
       8.01100      25.28092
       8.02120      25.28031
       8.03130      25.27970
       8.04150      25.27908
       8.05160      25.27847
       8.06180      25.27786
       8.07200      25.27724
       8.08210      25.27663
       8.09230      25.27601
       8.10250      25.27540
       8.11260      25.27479
       8.12280      25.27417
       8.13300      25.27356
       8.14310      25.27295
       8.15330      25.27233
       8.16350      25.27172
       8.17360      25.27111
       8.18380      25.27049
       8.19400      25.26988
       8.20410      25.26927
       8.21430      25.26865
       8.22440      25.26804
       8.23460      25.26743
       8.24480      25.26681
       8.25490      25.26620
       8.26510      25.26559
       8.27530      25.26497
       8.28540      25.26436
       8.29560      25.26375
       8.30580      25.26313
       8.31590      25.26253
       8.32610      25.26191
       8.33630      25.26130
       8.34640      25.26069
       8.35660      25.26007
       8.36670      25.25946
       8.37690      25.25885
       8.38710      25.25823
       8.39720      25.25762
       8.40740      25.25701
       8.41760      25.25640
       8.42770      25.25579
       8.43790      25.25517
       8.44810      25.25456
       8.45820      25.25395
       8.46840      25.25333
       8.47860      25.25272
       8.48870      25.25211
       8.49890      25.25150
       8.50910      25.25088
       8.51920      25.25027
       8.52940      25.24966
       8.53950      25.24905
       8.54970      25.24844
       8.55990      25.24782
       8.57000      25.24722
       8.58020      25.24660
       8.59040      25.24599
       8.60050      25.24538
       8.61070      25.24476
       8.62090      25.24415
       8.63100      25.24354
       8.64120      25.24293
       8.65140      25.24232
       8.66150      25.24171
       8.67170      25.24109
       8.68180      25.24049
       8.69200      25.23987
       8.70220      25.23926
       8.71230      25.23865
       8.72250      25.23804
       8.73270      25.23742
       8.74280      25.23682
       8.75300      25.23620
       8.76320      25.23559
       8.77330      25.23498
       8.78350      25.23437
       8.79370      25.23376
       8.80380      25.23315
       8.81400      25.23254
       8.82420      25.23192
       8.83430      25.23132
       8.84450      25.23070
       8.85460      25.23009
       8.86480      25.22948
       8.87500      25.22887
       8.88510      25.22826
       8.89530      25.22765
       8.90550      25.22704
       8.91560      25.22643
       8.92580      25.22582
       8.93600      25.22520
       8.94610      25.22460
       8.95630      25.22399
       8.96650      25.22337
       8.97660      25.22277
       8.98680      25.22215
       8.99690      25.22155
       9.00710      25.22094
       9.01730      25.22032
       9.02740      25.21972
       9.03760      25.21910
       9.04780      25.21849
       9.05790      25.21789
       9.06810      25.21727
       9.07830      25.21666
       9.08840      25.21606
       9.09860      25.21544
       9.10880      25.21483
       9.11890      25.21423
       9.12910      25.21362
       9.13930      25.21300
       9.14940      25.21240
       9.15960      25.21179
       9.16970      25.21118
       9.17990      25.21057
       9.19010      25.20996
       9.20020      25.20935
       9.21040      25.20874
       9.22060      25.20813
       9.23070      25.20752
       9.24090      25.20691
       9.25110      25.20630
       9.26120      25.20570
       9.27140      25.20508
       9.28160      25.20447
       9.29170      25.20387
       9.30190      25.20326
       9.31200      25.20265
       9.32220      25.20204
       9.33240      25.20143
       9.34250      25.20082
       9.35270      25.20021
       9.36290      25.19960
       9.37300      25.19900
       9.38320      25.19839
       9.39340      25.19778
       9.40350      25.19717
       9.41370      25.19656
       9.42390      25.19595
       9.43400      25.19535
       9.44420      25.19474
       9.45440      25.19413
       9.46450      25.19352
       9.47470      25.19291
       9.48480      25.19231
       9.49500      25.19170
       9.50520      25.19109
       9.51530      25.19049
       9.52550      25.18987
       9.53570      25.18926
       9.54580      25.18866
       9.55600      25.18805
       9.56620      25.18744
       9.57630      25.18684
       9.58650      25.18623
       9.59670      25.18562
       9.60680      25.18501
       9.61700      25.18441
       9.62710      25.18380
       9.63730      25.18319
       9.64750      25.18258
       9.65760      25.18198
       9.66780      25.18137
       9.67800      25.18076
       9.68810      25.18016
       9.69830      25.17955
       9.70850      25.17894
       9.71860      25.17834
       9.72880      25.17773
       9.73900      25.17712
       9.74910      25.17652
       9.75930      25.17591
       9.76940      25.17531
       9.77960      25.17470
       9.78980      25.17409
       9.79990      25.17349
       9.81010      25.17288
       9.82030      25.17227
       9.83040      25.17167
       9.84060      25.17106
       9.85080      25.17045
       9.86090      25.16985
       9.87110      25.16924
       9.88130      25.16863
       9.89140      25.16803
       9.90160      25.16743
       9.91180      25.16682
       9.92190      25.16622
       9.93210      25.16561
       9.94220      25.16501
       9.95240      25.16440
       9.96260      25.16379
       9.97270      25.16319
       9.98290      25.16258
       9.99310      25.16198
      10.00320      25.16138
      10.01340      25.16077
      10.02360      25.16016
      10.03370      25.15956
      10.04390      25.15895
      10.05410      25.15834
      10.06420      25.15774
      10.07440      25.15714
      10.08450      25.15654
      10.09470      25.15593
      10.10490      25.15532
      10.11500      25.15472
      10.12520      25.15412
      10.13540      25.15351
      10.14550      25.15291
      10.15570      25.15230
      10.16590      25.15170
      10.17600      25.15110
      10.18620      25.15049
      10.19640      25.14989
      10.20650      25.14929
      10.21670      25.14868
      10.22690      25.14807
      10.23700      25.14747
      10.24720      25.14687
      10.25730      25.14627
      10.26750      25.14566
      10.27770      25.14506
      10.28780      25.14446
      10.29800      25.14385
      10.30820      25.14325
      10.31830      25.14265
      10.32850      25.14204
      10.33870      25.14144
      10.34880      25.14084
      10.35900      25.14024
      10.36920      25.13963
      10.37930      25.13903
      10.38950      25.13843
      10.39960      25.13783
      10.40980      25.13722
      10.42000      25.13662
      10.43010      25.13602
      10.44030      25.13542
      10.45050      25.13481
      10.46060      25.13421
      10.47080      25.13361
      10.48100      25.13301
      10.49110      25.13241
      10.50130      25.13181
      10.51150      25.13120
      10.52160      25.13060
      10.53180      25.13000
      10.54200      25.12940
      10.55210      25.12880
      10.56230      25.12820
      10.57240      25.12760
      10.58260      25.12700
      10.59280      25.12639
      10.60290      25.12580
      10.61310      25.12519
      10.62330      25.12459
      10.63340      25.12399
      10.64360      25.12339
      10.65380      25.12279
      10.66390      25.12219
      10.67410      25.12159
      10.68430      25.12099
      10.69440      25.12039
      10.70460      25.11979
      10.71470      25.11919
      10.72490      25.11859
      10.73510      25.11799
      10.74520      25.11739
      10.75540      25.11679
      10.76560      25.11619
      10.77570      25.11559
      10.78590      25.11499
      10.79610      25.11439
      10.80620      25.11379
      10.81640      25.11319
      10.82660      25.11259
      10.83670      25.11200
      10.84690      25.11139
      10.85710      25.11079
      10.86720      25.11020
      10.87740      25.10960
      10.88750      25.10900
      10.89770      25.10840
      10.90790      25.10780
      10.91800      25.10721
      10.92820      25.10661
      10.93840      25.10601
      10.94850      25.10541
      10.95870      25.10481
      10.96890      25.10421
      10.97900      25.10362
      10.98920      25.10302
      10.99940      25.10242
      11.00950      25.10183
      11.01970      25.10123
      11.02980      25.10063
      11.04000      25.10003
      11.05020      25.09944
      11.06030      25.09884
      11.07050      25.09824
      11.08070      25.09764
      11.09080      25.09705
      11.10100      25.09645
      11.11120      25.09585
      11.12130      25.09526
      11.13150      25.09466
      11.14170      25.09406
      11.15180      25.09347
      11.16200      25.09287
      11.17220      25.09228
      11.18230      25.09168
      11.19250      25.09109
      11.20260      25.09050
      11.21280      25.08990
      11.22300      25.08930
      11.23310      25.08871
      11.24330      25.08811
      11.25350      25.08751
      11.26360      25.08692
      11.27380      25.08633
      11.28400      25.08573
      11.29410      25.08514
      11.30430      25.08454
      11.31450      25.08394
      11.32460      25.08335
      11.33480      25.08276
      11.34490      25.08217
      11.35510      25.08157
      11.36530      25.08098
      11.37540      25.08039
      11.38560      25.07979
      11.39580      25.07920
      11.40590      25.07861
      11.41610      25.07801
      11.42630      25.07741
      11.43640      25.07682
      11.44660      25.07623
      11.45680      25.07563
      11.46690      25.07505
      11.47710      25.07445
      11.48730      25.07386
      11.49740      25.07327
      11.50760      25.07267
      11.51770      25.07208
      11.52790      25.07149
      11.53810      25.07090
      11.54820      25.07031
      11.55840      25.06972
      11.56860      25.06912
      11.57870      25.06853
      11.58890      25.06794
      11.59910      25.06735
      11.60920      25.06676
      11.61940      25.06617
      11.62960      25.06557
      11.63970      25.06499
      11.64990      25.06439
      11.66000      25.06381
      11.67020      25.06321
      11.68040      25.06262
      11.69050      25.06203
      11.70070      25.06144
      11.71090      25.06085
      11.72100      25.06026
      11.73120      25.05967
      11.74140      25.05908
      11.75150      25.05850
      11.76170      25.05791
      11.77190      25.05731
      11.78200      25.05673
      11.79220      25.05614
      11.80230      25.05555
      11.81250      25.05496
      11.82270      25.05437
      11.83280      25.05379
      11.84300      25.05320
      11.85320      25.05261
      11.86330      25.05202
      11.87350      25.05143
      11.88370      25.05084
      11.89380      25.05026
      11.90400      25.04967
      11.91420      25.04908
      11.92430      25.04850
      11.93450      25.04791
      11.94470      25.04732
      11.95480      25.04674
      11.96500      25.04615
      11.97510      25.04556
      11.98530      25.04498
      11.99550      25.04439
      12.00560      25.04381
      12.01580      25.04322
      12.02600      25.04263
      12.03610      25.04205
      12.04630      25.04146
      12.05650      25.04087
      12.06660      25.04029
      12.07680      25.03971
      12.08700      25.03912
      12.09710      25.03854
      12.10730      25.03795
      12.11740      25.03737
      12.12760      25.03679
      12.13780      25.03620
      12.14790      25.03562
      12.15810      25.03503
      12.16830      25.03445
      12.17840      25.03387
      12.18860      25.03328
      12.19880      25.03270
      12.20890      25.03212
      12.21910      25.03153
      12.22930      25.03095
      12.23940      25.03037
      12.24960      25.02979
      12.25980      25.02920
      12.26990      25.02862
      12.28010      25.02804
      12.29020      25.02746
      12.30040      25.02688
      12.31060      25.02629
      12.32070      25.02572
      12.33090      25.02514
      12.34110      25.02455
      12.35120      25.02398
      12.36140      25.02339
      12.37160      25.02281
      12.38170      25.02223
      12.39190      25.02165
      12.40210      25.02107
      12.41220      25.02049
      12.42240      25.01991
      12.43250      25.01934
      12.44270      25.01876
      12.45290      25.01818
      12.46300      25.01760
      12.47320      25.01702
      12.48340      25.01644
      12.49350      25.01587
      12.50370      25.01529
      12.51390      25.01471
      12.52400      25.01413
      12.53420      25.01355
      12.54440      25.01297
      12.55450      25.01240
      12.56470      25.01182
      12.57490      25.01124
      12.58500      25.01067
      12.59520      25.01009
      12.60530      25.00952
      12.61550      25.00894
      12.62570      25.00836
      12.63580      25.00779
      12.64600      25.00722
      12.65620      25.00664
      12.66630      25.00607
      12.67650      25.00549
      12.68670      25.00491
      12.69680      25.00434
      12.70700      25.00377
      12.71720      25.00319
      12.72730      25.00262
      12.73750      25.00205
      12.74760      25.00148
      12.75780      25.00090
      12.76800      25.00033
      12.77810      24.99976
      12.78830      24.99918
      12.79850      24.99861
      12.80860      24.99804
      12.81880      24.99747
      12.82900      24.99689
      12.83910      24.99633
      12.84930      24.99575
      12.85950      24.99518
      12.86960      24.99461
      12.87980      24.99404
      12.89000      24.99347
      12.90010      24.99290
      12.91030      24.99233
      12.92040      24.99177
      12.93060      24.99119
      12.94080      24.99062
      12.95090      24.99006
      12.96110      24.98949
      12.97130      24.98892
      12.98140      24.98835
      12.99160      24.98778
      13.00180      24.98721
      13.01190      24.98665
      13.02210      24.98608
      13.03230      24.98551
      13.04240      24.98495
      13.05260      24.98438
      13.06270      24.98382
      13.07290      24.98325
      13.08310      24.98268
      13.09320      24.98212
      13.10340      24.98155
      13.11360      24.98099
      13.12370      24.98043
      13.13390      24.97986
      13.14410      24.97929
      13.15420      24.97873
      13.16440      24.97817
      13.17460      24.97760
      13.18470      24.97704
      13.19490      24.97648
      13.20510      24.97591
      13.21520      24.97536
      13.22540      24.97479
      13.23550      24.97423
      13.24570      24.97367
      13.25590      24.97311
      13.26600      24.97255
      13.27620      24.97199
      13.28640      24.97142
      13.29650      24.97087
      13.30670      24.97030
      13.31690      24.96974
      13.32700      24.96919
      13.33720      24.96863
      13.34740      24.96807
      13.35750      24.96751
      13.36770      24.96695
      13.37780      24.96640
      13.38800      24.96584
      13.39820      24.96528
      13.40830      24.96473
      13.41850      24.96417
      13.42870      24.96361
      13.43880      24.96306
      13.44900      24.96250
      13.45920      24.96194
      13.46930      24.96139
      13.47950      24.96083
      13.48970      24.96028
      13.49980      24.95973
      13.51000      24.95917
      13.52010      24.95862
      13.53030      24.95807
      13.54050      24.95751
      13.55060      24.95696
      13.56080      24.95641
      13.57100      24.95585
      13.58110      24.95531
      13.59130      24.95475
      13.60150      24.95420
      13.61160      24.95365
      13.62180      24.95310
      13.63200      24.95255
      13.64210      24.95200
      13.65230      24.95145
      13.66250      24.95090
      13.67260      24.95035
      13.68280      24.94980
      13.69290      24.94926
      13.70310      24.94871
      13.71330      24.94816
      13.72340      24.94762
      13.73360      24.94707
      13.74380      24.94652
      13.75390      24.94598
      13.76410      24.94543
      13.77430      24.94488
      13.78440      24.94434
      13.79460      24.94380
      13.80480      24.94325
      13.81490      24.94271
      13.82510      24.94217
      13.83520      24.94163
      13.84540      24.94108
      13.85560      24.94054
      13.86570      24.94000
      13.87590      24.93946
      13.88610      24.93891
      13.89620      24.93838
      13.90640      24.93784
      13.91660      24.93729
      13.92670      24.93676
      13.93690      24.93622
      13.94710      24.93568
      13.95720      24.93514
      13.96740      24.93460
      13.97760      24.93406
      13.98770      24.93353
      13.99790      24.93299
      14.00800      24.93246
      14.01820      24.93192
      14.02840      24.93139
      14.03850      24.93085
      14.04870      24.93032
      14.05890      24.92978
      14.06900      24.92925
      14.07920      24.92872
      14.08940      24.92818
      14.09950      24.92765
      14.10970      24.92712
      14.11990      24.92659
      14.13000      24.92606
      14.14020      24.92553
      14.15030      24.92500
      14.16050      24.92447
      14.17070      24.92394
      14.18080      24.92341
      14.19100      24.92288
      14.20120      24.92235
      14.21130      24.92183
      14.22150      24.92130
      14.23170      24.92077
      14.24180      24.92025
      14.25200      24.91973
      14.26220      24.91920
      14.27230      24.91868
      14.28250      24.91815
      14.29270      24.91763
      14.30280      24.91711
      14.31300      24.91658
      14.32310      24.91607
      14.33330      24.91554
      14.34350      24.91502
      14.35360      24.91450
      14.36380      24.91398
      14.37400      24.91346
      14.38410      24.91294
      14.39430      24.91243
      14.40450      24.91191
      14.41460      24.91139
      14.42480      24.91088
      14.43500      24.91036
      14.44510      24.90985
      14.45530      24.90933
      14.46540      24.90882
      14.47560      24.90830
      14.48580      24.90779
      14.49590      24.90728
      14.50610      24.90676
      14.51630      24.90625
      14.52640      24.90574
      14.53660      24.90523
      14.54680      24.90472
      14.55690      24.90421
      14.56710      24.90371
      14.57730      24.90320
      14.58740      24.90269
      14.59760      24.90218
      14.60780      24.90168
      14.61790      24.90117
      14.62810      24.90067
      14.63820      24.90017
      14.64840      24.89966
      14.65860      24.89916
      14.66870      24.89866
      14.67890      24.89816
      14.68910      24.89765
      14.69920      24.89716
      14.70940      24.89665
      14.71960      24.89615
      14.72970      24.89566
      14.73990      24.89516
      14.75010      24.89466
      14.76020      24.89417
      14.77040      24.89367
      14.78050      24.89318
      14.79070      24.89268
      14.80090      24.89219
      14.81100      24.89170
      14.82120      24.89120
      14.83140      24.89071
      14.84150      24.89022
      14.85170      24.88973
      14.86190      24.88924
      14.87200      24.88876
      14.88220      24.88827
      14.89240      24.88778
      14.90250      24.88729
      14.91270      24.88681
      14.92290      24.88632
      14.93300      24.88584
      14.94320      24.88536
      14.95330      24.88488
      14.96350      24.88439
      14.97370      24.88391
      14.98380      24.88343
      14.99400      24.88295
      15.00420      24.88247
      15.01430      24.88200
      15.02450      24.88152
      15.03470      24.88104
      15.04480      24.88057
      15.05500      24.88009
      15.06520      24.87962
      15.07530      24.87915
      15.08550      24.87868
      15.09560      24.87821
      15.10580      24.87774
      15.11600      24.87727
      15.12610      24.87680
      15.13630      24.87633
      15.14650      24.87586
      15.15660      24.87540
      15.16680      24.87494
      15.17700      24.87447
      15.18710      24.87401
      15.19730      24.87355
      15.20750      24.87309
      15.21760      24.87263
      15.22780      24.87217
      15.23800      24.87171
      15.24810      24.87125
      15.25830      24.87079
      15.26840      24.87034
      15.27860      24.86989
      15.28880      24.86943
      15.29890      24.86898
      15.30910      24.86853
      15.31930      24.86808
      15.32940      24.86763
      15.33960      24.86718
      15.34980      24.86673
      15.35990      24.86629
      15.37010      24.86584
      15.38030      24.86540
      15.39040      24.86496
      15.40060      24.86451
      15.41070      24.86407
      15.42090      24.86363
      15.43110      24.86319
      15.44120      24.86276
      15.45140      24.86232
      15.46160      24.86189
      15.47170      24.86145
      15.48190      24.86102
      15.49210      24.86059
      15.50220      24.86016
      15.51240      24.85973
      15.52260      24.85930
      15.53270      24.85887
      15.54290      24.85845
      15.55300      24.85802
      15.56320      24.85760
      15.57340      24.85717
      15.58350      24.85676
      15.59370      24.85633
      15.60390      24.85592
      15.61400      24.85550
      15.62420      24.85508
      15.63440      24.85467
      15.64450      24.85426
      15.65470      24.85384
      15.66490      24.85343
      15.67500      24.85302
      15.68520      24.85262
      15.69540      24.85221
      15.70550      24.85180
      15.71570      24.85140
      15.72580      24.85100
      15.73600      24.85060
      15.74620      24.85019
      15.75630      24.84980
      15.76650      24.84940
      15.77670      24.84900
      15.78680      24.84861
      15.79700      24.84822
      15.80720      24.84783
      15.81730      24.84744
      15.82750      24.84705
      15.83770      24.84666
      15.84780      24.84628
      15.85800      24.84590
      15.86810      24.84552
      15.87830      24.84513
      15.88850      24.84475
      15.89860      24.84438
      15.90880      24.84400
      15.91900      24.84363
      15.92910      24.84326
      15.93930      24.84289
      15.94950      24.84252
      15.95960      24.84215
      15.96980      24.84178
      15.98000      24.84142
      15.99010      24.84106
      16.00030      24.84070
      16.01050      24.84034
      16.02060      24.83998
      16.03080      24.83963
      16.04090      24.83928
      16.05110      24.83892
      16.06130      24.83857
      16.07140      24.83823
      16.08160      24.83788
      16.09180      24.83754
      16.10190      24.83720
      16.11210      24.83685
      16.12230      24.83652
      16.13240      24.83618
      16.14260      24.83585
      16.15280      24.83551
      16.16290      24.83518
      16.17310      24.83485
      16.18320      24.83453
      16.19340      24.83421
      16.20360      24.83388
      16.21370      24.83356
      16.22390      24.83325
      16.23410      24.83293
      16.24420      24.83262
      16.25440      24.83231
      16.26460      24.83200
      16.27470      24.83169
      16.28490      24.83138
      16.29510      24.83108
      16.30520      24.83078
      16.31540      24.83048
      16.32560      24.83019
      16.33570      24.82990
      16.34590      24.82961
      16.35600      24.82932
      16.36620      24.82903
      16.37640      24.82875
      16.38650      24.82847
      16.39670      24.82819
      16.40690      24.82791
      16.41700      24.82764
      16.42720      24.82737
      16.43740      24.82710
      16.44750      24.82683
      16.45770      24.82657
      16.46790      24.82631
      16.47800      24.82605
      16.48820      24.82580
      16.49830      24.82554
      16.50850      24.82529
      16.51870      24.82505
      16.52880      24.82480
      16.53900      24.82456
      16.54920      24.82432
      16.55930      24.82409
      16.56950      24.82386
      16.57970      24.82363
      16.58980      24.82340
      16.60000      24.82318
      16.61020      24.82295
      16.62030      24.82274
      16.63050      24.82252
      16.64070      24.82231
      16.65080      24.82210
      16.66100      24.82190
      16.67110      24.82170
      16.68130      24.82150
      16.69150      24.82130
      16.70160      24.82111
      16.71180      24.82092
      16.72200      24.82074
      16.73210      24.82056
      16.74230      24.82038
      16.75250      24.82020
      16.76260      24.82003
      16.77280      24.81987
      16.78300      24.81970
      16.79310      24.81954
      16.80330      24.81939
      16.81340      24.81923
      16.82360      24.81908
      16.83380      24.81894
      16.84390      24.81880
      16.85410      24.81866
      16.86430      24.81853
      16.87440      24.81840
      16.88460      24.81827
      16.89480      24.81815
      16.90490      24.81804
      16.91510      24.81792
      16.92530      24.81781
      16.93540      24.81771
      16.94560      24.81761
      16.95580      24.81751
      16.96590      24.81742
      16.97610      24.81734
      16.98620      24.81725
      16.99640      24.81717
      17.00660      24.81710
      17.01670      24.81703
      17.02690      24.81697
      17.03710      24.81691
      17.04720      24.81686
      17.05740      24.81681
      17.06760      24.81676
      17.07770      24.81673
      17.08790      24.81669
      17.09810      24.81666
      17.10820      24.81664
      17.11840      24.81662
      17.12850      24.81661
      17.13870      24.81661
      17.14890      24.81660
      17.15900      24.81661
      17.16920      24.81662
      17.17940      24.81664
      17.18950      24.81666
      17.19970      24.81669
      17.20990      24.81672
      17.22000      24.81676
      17.23020      24.81681
      17.24040      24.81687
      17.25050      24.81693
      17.26070      24.81700
      17.27090      24.81707
      17.28100      24.81715
      17.29120      24.81724
      17.30130      24.81734
      17.31150      24.81744
      17.32170      24.81755
      17.33180      24.81767
      17.34200      24.81780
      17.35220      24.81794
      17.36230      24.81808
      17.37250      24.81823
      17.38270      24.81839
      17.39280      24.81856
      17.40300      24.81874
      17.41320      24.81893
      17.42330      24.81913
      17.43350      24.81934
      17.44360      24.81956
      17.45380      24.81979
      17.46400      24.82003
      17.47410      24.82028
      17.48430      24.82054
      17.49450      24.82082
      17.50460      24.82110
      17.51480      24.82141
      17.52500      24.82172
      17.53510      24.82204
      17.54530      24.82239
      17.55550      24.82274
      17.56560      24.82311
      17.57580      24.82350
      17.58590      24.82390
      17.59610      24.82432
      17.60630      24.82476
      17.61640      24.82521
      17.62660      24.82568
      17.63680      24.82618
      17.64690      24.82669
      17.65710      24.82722
      17.66730      24.82778
      17.67740      24.82836
      17.68760      24.82896
      17.69780      24.82959
      17.70790      24.83024
      17.71810      24.83093
      17.72830      24.83164
      17.73840      24.83237
      17.74860      24.83315
      17.75870      24.83395
      17.76890      24.83479
      17.77910      24.83566
      17.78920      24.83657
      17.79940      24.83752
      17.80960      24.83851
      17.81970      24.83953
      17.82990      24.84061
      17.84010      24.84174
      17.85020      24.84291
      17.86040      24.84413
      17.87060      24.84542
      17.88070      24.84674
      17.89090      24.84814
      17.90100      24.84958
      17.91120      24.85111
      17.92140      24.85270
      17.93150      24.85435
      17.94170      24.85609
      17.95190      24.85791
      17.96200      24.85979
      17.97220      24.86178
      17.98240      24.86386
      17.99250      24.86601
      18.00270      24.86829
      18.01290      24.87067
      18.02300      24.87314
      18.03320      24.87574
      18.04340      24.87847
      18.05350      24.88130
      18.06370      24.88428
      18.07380      24.88738
      18.08400      24.89065
      18.09420      24.89408
      18.10430      24.89763
      18.11450      24.90138
      18.12470      24.90532
      18.13480      24.90939
      18.14500      24.91370
      18.15520      24.91821
      18.16530      24.92289
      18.17550      24.92784
      18.18570      24.93301
      18.19580      24.93838
      18.20600      24.94406
      18.21610      24.94994
      18.22630      24.95615
      18.23650      24.96266
      18.24660      24.96941
      18.25680      24.97654
      18.26700      24.98400
      18.27710      24.99173
      18.28730      24.99990
      18.29750      25.00845
      18.30760      25.01730
      18.31780      25.02666
      18.32800      25.03644
      18.33810      25.04657
      18.34830      25.05727
      18.35850      25.06845
      18.36860      25.08003
      18.37880      25.09225
      18.38890      25.10489
      18.39910      25.11823
      18.40930      25.13217
      18.41940      25.14659
      18.42960      25.16179
      18.43980      25.17768
      18.44990      25.19409
      18.46010      25.21140
      18.47030      25.22946
      18.48040      25.24812
      18.49060      25.26778
      18.50080      25.28829
      18.51090      25.30948
      18.52110      25.33178
      18.53120      25.35480
      18.54140      25.37902
      18.55160      25.40427
      18.56170      25.43032
      18.57190      25.45771
      18.58210      25.48624
      18.59220      25.51565
      18.60240      25.54657
      18.61260      25.57875
      18.62270      25.61190
      18.63290      25.64672
      18.64310      25.68294
      18.65320      25.72022
      18.66340      25.75936
      18.67360      25.80002
      18.68370      25.84187
      18.69390      25.88576
      18.70400      25.93089
      18.71420      25.97820
      18.72440      26.02732
      18.73450      26.07779
      18.74470      26.13065
      18.75490      26.18549
      18.76500      26.24179
      18.77520      26.30073
      18.78540      26.36182
      18.79550      26.42448
      18.80570      26.49004
      18.81590      26.55793
      18.82600      26.62752
      18.83620      26.70026
      18.84630      26.77478
      18.85650      26.85263
      18.86670      26.93314
      18.87680      27.01557
      18.88700      27.10159
      18.89720      27.19051
      18.90730      27.28146
      18.91750      27.37630
      18.92770      27.47423
      18.93780      27.57432
      18.94800      27.67862
      18.95820      27.78623
      18.96830      27.89610
      18.97850      28.01052
      18.98870      28.12845
      18.99880      28.24877
      19.00900      28.37394
      19.01910      28.50157
      19.02930      28.63427
      19.03950      28.77084
      19.04960      28.91002
      19.05980      29.05455
      19.07000      29.20322
      19.08010      29.35454
      19.09030      29.51160
      19.10050      29.67298
      19.11060      29.83709
      19.12080      30.00728
      19.13100      30.18199
      19.14110      30.35949
      19.15130      30.54340
      19.16140      30.73014
      19.17160      30.92350
      19.18180      31.12170
      19.19190      31.32277
      19.20210      31.53077
      19.21230      31.74374
      19.22240      31.95966
      19.23260      32.18275
      19.24280      32.41103
      19.25290      32.64218
      19.26310      32.88086
      19.27330      33.12482
      19.28340      33.37160
      19.29360      33.62619
      19.30380      33.88616
      19.31390      34.14888
      19.32410      34.41965
      19.33420      34.69311
      19.34440      34.97475
      19.35460      35.26189
      19.36470      35.55159
      19.37490      35.84967
      19.38510      36.15320
      19.39520      36.45925
      19.40540      36.77372
      19.41560      37.09373
      19.42570      37.41596
      19.43590      37.74683
      19.44610      38.08313
      19.45620      38.42141
      19.46640      38.76840
      19.47650      39.11719
      19.48670      39.47472
      19.49690      39.83747
      19.50700      40.20172
      19.51720      40.57469
      19.52740      40.95263
      19.53750      41.33186
      19.54770      41.71968
      19.55790      42.11224
      19.56800      42.50570
      19.57820      42.90755
      19.58840      43.31399
      19.59850      43.72076
      19.60870      44.13589
      19.61880      44.55103
      19.62900      44.97437
      19.63920      45.40165
      19.64930      45.82844
      19.65950      46.26315
      19.66970      46.70137
      19.67980      47.13856
      19.69000      47.58332
      19.70020      48.03103
      19.71030      48.47730
      19.72050      48.93064
      19.73070      49.38641
      19.74080      49.84013
      19.75100      50.30035
      19.76120      50.76260
      19.77130      51.22197
      19.78150      51.68748
      19.79160      52.14967
      19.80180      52.61760
      19.81200      53.08641
      19.82210      53.55122
      19.83230      54.02111
      19.84250      54.49119
      19.85260      54.95657
      19.86280      55.42632
      19.87300      55.89544
      19.88310      56.35932
      19.89330      56.82662
      19.90350      57.29272
      19.91360      57.75275
      19.92380      58.21539
      19.93390      58.67157
      19.94410      59.12980
      19.95430      59.58548
      19.96440      60.03379
      19.97460      60.48343
      19.98480      60.92962
      19.99490      61.36771
      20.00510      61.80620
      20.01530      62.24041
      20.02540      62.66581
      20.03560      63.09064
      20.04580      63.51028
      20.05590      63.92058
      20.06610      64.32918
      20.07630      64.73190
      20.08640      65.12447
      20.09660      65.51448
      20.10670      65.89401
      20.11690      66.27018
      20.12710      66.63908
      20.13720      66.99685
      20.14740      67.35036
      20.15760      67.69576
      20.16770      68.02948
      20.17790      68.35796
      20.18810      68.67754
      20.19820      68.98499
      20.20840      69.28618
      20.21860      69.57773
      20.22870      69.85681
      20.23890      70.12859
      20.24900      70.38766
      20.25920      70.63882
      20.26940      70.87935
      20.27950      71.10678
      20.28970      71.32550
      20.29990      71.53298
      20.31000      71.72717
      20.32020      71.91179
      20.33040      72.08469
      20.34050      72.24419
      20.35070      72.39333
      20.36090      72.53036
      20.37100      72.65395
      20.38120      72.76649
      20.39140      72.86655
      20.40150      72.95332
      20.41170      73.02837
      20.42180      73.09022
      20.43200      73.13999
      20.44220      73.17700
      20.45230      73.20103
      20.46250      73.21253
      20.47270      73.21120
      20.48280      73.19722
      20.49300      73.17035
      20.50320      73.13067
      20.51330      73.07880
      20.52350      73.01375
      20.53370      72.93603
      20.54380      72.84666
      20.55400      72.74393
      20.56410      72.62997
      20.57430      72.50258
      20.58450      72.36298
      20.59460      72.21278
      20.60480      72.04921
      20.61500      71.87375
      20.62510      71.68849
      20.63530      71.48990
      20.64550      71.27991
      20.65560      71.06095
      20.66580      70.82883
      20.67600      70.58585
      20.68610      70.33479
      20.69630      70.07082
      20.70650      69.79667
      20.71660      69.51525
      20.72680      69.22132
      20.73690      68.92088
      20.74710      68.60813
      20.75730      68.28635
      20.76740      67.95892
      20.77760      67.61977
      20.78780      67.27220
      20.79790      66.92010
      20.80810      66.55669
      20.81830      66.18571
      20.82840      65.81120
      20.83860      65.42596
      20.84880      65.03395
      20.85890      64.63944
      20.86910      64.23479
      20.87920      63.82832
      20.88940      63.41214
      20.89960      62.99067
      20.90970      62.56820
      20.91990      62.13679
      20.93010      61.70092
      20.94020      61.26501
      20.95040      60.82096
      20.96060      60.37312
      20.97070      59.92634
      20.98090      59.47197
      20.99110      59.01472
      21.00120      58.55945
      21.01140      58.09731
      21.02160      57.63310
      21.03170      57.17173
      21.04190      56.70422
      21.05200      56.24009
      21.06220      55.77031
      21.07240      55.29985
      21.08250      54.83339
      21.09270      54.36216
      21.10290      53.89083
      21.11300      53.42430
      21.12320      52.95372
      21.13340      52.48375
      21.14350      52.01932
      21.15370      51.55137
      21.16390      51.08477
      21.17400      50.62432
      21.18420      50.16102
      21.19430      49.70425
      21.20450      49.24505
      21.21470      48.78821
      21.22480      48.33839
      21.23500      47.88677
      21.24520      47.43813
      21.25530      46.99678
      21.26550      46.55438
      21.27570      46.11528
      21.28580      45.68393
      21.29600      45.25209
      21.30620      44.82398
      21.31630      44.40400
      21.32650      43.98389
      21.33660      43.57207
      21.34680      43.16043
      21.35700      42.75322
      21.36710      42.35452
      21.37730      41.95642
      21.38750      41.56307
      21.39760      41.17835
      21.40780      40.79466
      21.41800      40.41601
      21.42810      40.04595
      21.43830      39.67741
      21.44850      39.31397
      21.45860      38.95929
      21.46880      38.60630
      21.47900      38.25864
      21.48910      37.91971
      21.49930      37.58275
      21.50940      37.25448
      21.51960      36.92834
      21.52980      36.60768
      21.53990      36.29560
      21.55010      35.98586
      21.56030      35.68163
      21.57040      35.38583
      21.58060      35.09255
      21.59080      34.80482
      21.60090      34.52524
      21.61110      34.24841
      21.62130      33.97699
      21.63140      33.71361
      21.64160      33.45298
      21.65170      33.20023
      21.66190      32.95028
      21.67210      32.70564
      21.68220      32.46864
      21.69240      32.23447
      21.70260      32.00549
      21.71270      31.78387
      21.72290      31.56510
      21.73310      31.35139
      21.74320      31.14473
      21.75340      30.94091
      21.76360      30.74203
      21.77370      30.54980
      21.78390      30.36047
      21.79410      30.17582
      21.80420      29.99758
      21.81440      29.82211
      21.82450      29.65283
      21.83470      29.48629
      21.84490      29.32413
      21.85500      29.16782
      21.86520      29.01418
      21.87540      28.86471
      21.88550      28.72076
      21.89570      28.57938
      21.90590      28.44198
      21.91600      28.30973
      21.92620      28.17996
      21.93640      28.05396
      21.94650      27.93278
      21.95670      27.81400
      21.96680      27.69982
      21.97700      27.58797
      21.98720      27.47947
      21.99730      27.37529
      22.00750      27.27329
      22.01770      27.17443
      22.02780      27.07960
      22.03800      26.98681
      22.04820      26.89696
      22.05830      26.81082
      22.06850      26.72661
      22.07870      26.64515
      22.08880      26.56708
      22.09900      26.49083
      22.10920      26.41712
      22.11930      26.34654
      22.12950      26.27766
      22.13960      26.21173
      22.14980      26.14743
      22.16000      26.08532
      22.17010      26.02594
      22.18030      25.96804
      22.19050      25.91216
      22.20060      25.85877
      22.21080      25.80675
      22.22100      25.75657
      22.23110      25.70867
      22.24130      25.66201
      22.25150      25.61705
      22.26160      25.57413
      22.27180      25.53238
      22.28190      25.49253
      22.29210      25.45378
      22.30230      25.41647
      22.31240      25.38088
      22.32260      25.34629
      22.33280      25.31299
      22.34290      25.28126
      22.35310      25.25043
      22.36330      25.22076
      22.37340      25.19251
      22.38360      25.16506
      22.39380      25.13867
      22.40390      25.11354
      22.41410      25.08913
      22.42430      25.06568
      22.43440      25.04335
      22.44460      25.02168
      22.45470      25.00105
      22.46490      24.98103
      22.47510      24.96179
      22.48520      24.94349
      22.49540      24.92573
      22.50560      24.90866
      22.51570      24.89243
      22.52590      24.87668
      22.53610      24.86155
      22.54620      24.84715
      22.55640      24.83319
      22.56660      24.81977
      22.57670      24.80700
      22.58690      24.79461
      22.59700      24.78283
      22.60720      24.77139
      22.61740      24.76040
      22.62750      24.74993
      22.63770      24.73978
      22.64790      24.73001
      22.65800      24.72071
      22.66820      24.71169
      22.67840      24.70300
      22.68850      24.69473
      22.69870      24.68670
      22.70890      24.67896
      22.71900      24.67159
      22.72920      24.66442
      22.73940      24.65752
      22.74950      24.65093
      22.75970      24.64452
      22.76980      24.63840
      22.78000      24.63244
      22.79020      24.62670
      22.80030      24.62120
      22.81050      24.61585
      22.82070      24.61068
      22.83080      24.60574
      22.84100      24.60091
      22.85120      24.59624
      22.86130      24.59177
      22.87150      24.58740
      22.88170      24.58317
      22.89180      24.57911
      22.90200      24.57514
      22.91210      24.57133
      22.92230      24.56759
      22.93250      24.56396
      22.94260      24.56048
      22.95280      24.55705
      22.96300      24.55373
      22.97310      24.55052
      22.98330      24.54737
      22.99350      24.54430
      23.00360      24.54134
      23.01380      24.53843
      23.02400      24.53558
      23.03410      24.53284
      23.04430      24.53012
      23.05450      24.52747
      23.06460      24.52491
      23.07480      24.52238
      23.08490      24.51992
      23.09510      24.51749
      23.10530      24.51511
      23.11540      24.51280
      23.12560      24.51051
      23.13580      24.50827
      23.14590      24.50608
      23.15610      24.50392
      23.16630      24.50179
      23.17640      24.49971
      23.18660      24.49765
      23.19680      24.49563
      23.20690      24.49365
      23.21710      24.49168
      23.22720      24.48976
      23.23740      24.48785
      23.24760      24.48596
      23.25770      24.48412
      23.26790      24.48228
      23.27810      24.48047
      23.28820      24.47870
      23.29840      24.47692
      23.30860      24.47518
      23.31870      24.47346
      23.32890      24.47175
      23.33910      24.47005
      23.34920      24.46840
      23.35940      24.46674
      23.36950      24.46511
      23.37970      24.46348
      23.38990      24.46187
      23.40000      24.46028
      23.41020      24.45870
      23.42040      24.45713
      23.43050      24.45559
      23.44070      24.45404
      23.45090      24.45251
      23.46100      24.45100
      23.47120      24.44949
      23.48140      24.44799
      23.49150      24.44652
      23.50170      24.44505
      23.51190      24.44358
      23.52200      24.44214
      23.53220      24.44069
      23.54230      24.43927
      23.55250      24.43784
      23.56270      24.43642
      23.57280      24.43502
      23.58300      24.43362
      23.59320      24.43223
      23.60330      24.43086
      23.61350      24.42948
      23.62370      24.42811
      23.63380      24.42677
      23.64400      24.42541
      23.65420      24.42406
      23.66430      24.42274
      23.67450      24.42141
      23.68460      24.42009
      23.69480      24.41878
      23.70500      24.41747
      23.71510      24.41617
      23.72530      24.41487
      23.73550      24.41358
      23.74560      24.41231
      23.75580      24.41103
      23.76600      24.40975
      23.77610      24.40850
      23.78630      24.40723
      23.79650      24.40598
      23.80660      24.40474
      23.81680      24.40349
      23.82700      24.40225
      23.83710      24.40103
      23.84730      24.39980
      23.85740      24.39859
      23.86760      24.39737
      23.87780      24.39616
      23.88790      24.39496
      23.89810      24.39376
      23.90830      24.39256
      23.91840      24.39138
      23.92860      24.39019
      23.93880      24.38901
      23.94890      24.38784
      23.95910      24.38666
      23.96930      24.38549
      23.97940      24.38434
      23.98960      24.38317
      23.99970      24.38203
      24.00990      24.38088
      24.02010      24.37973
      24.03020      24.37860
      24.04040      24.37745
      24.05060      24.37632
      24.06070      24.37520
      24.07090      24.37407
      24.08110      24.37295
      24.09120      24.37184
      24.10140      24.37072
      24.11160      24.36961
      24.12170      24.36851
      24.13190      24.36741
      24.14210      24.36631
      24.15220      24.36522
      24.16240      24.36413
      24.17250      24.36305
      24.18270      24.36197
      24.19290      24.36088
      24.20300      24.35981
      24.21320      24.35874
      24.22340      24.35767
      24.23350      24.35661
      24.24370      24.35554
      24.25390      24.35448
      24.26400      24.35343
      24.27420      24.35238
      24.28440      24.35133
      24.29450      24.35029
      24.30470      24.34924
      24.31480      24.34821
      24.32500      24.34717
      24.33520      24.34613
      24.34530      24.34511
      24.35550      24.34408
      24.36570      24.34305
      24.37580      24.34204
      24.38600      24.34102
      24.39620      24.34000
      24.40630      24.33899
      24.41650      24.33798
      24.42670      24.33697
      24.43680      24.33597
      24.44700      24.33497
      24.45720      24.33397
      24.46730      24.33298
      24.47750      24.33198
      24.48760      24.33100
      24.49780      24.33001
      24.50800      24.32902
      24.51810      24.32804
      24.52830      24.32706
      24.53850      24.32608
      24.54860      24.32511
      24.55880      24.32413
      24.56900      24.32316
      24.57910      24.32220
      24.58930      24.32123
      24.59950      24.32026
      24.60960      24.31931
      24.61980      24.31835
      24.62990      24.31740
      24.64010      24.31644
      24.65030      24.31549
      24.66040      24.31455
      24.67060      24.31360
      24.68080      24.31265
      24.69090      24.31171
      24.70110      24.31077
      24.71130      24.30983
      24.72140      24.30890
      24.73160      24.30796
      24.74180      24.30703
      24.75190      24.30610
      24.76210      24.30517
      24.77230      24.30424
      24.78240      24.30333
      24.79260      24.30240
      24.80270      24.30149
      24.81290      24.30057
      24.82310      24.29965
      24.83320      24.29874
      24.84340      24.29783
      24.85360      24.29692
      24.86370      24.29601
      24.87390      24.29511
      24.88410      24.29420
      24.89420      24.29330
      24.90440      24.29240
      24.91460      24.29150
      24.92470      24.29061
      24.93490      24.28971
      24.94500      24.28882
      24.95520      24.28793
      24.96540      24.28703
      24.97550      24.28615
      24.98570      24.28526
      24.99590      24.28437
      25.00600      24.28350
      25.01620      24.28261
      25.02640      24.28173
      25.03650      24.28086
      25.04670      24.27998
      25.05690      24.27910
      25.06700      24.27823
      25.07720      24.27736
      25.08740      24.27649
      25.09750      24.27562
      25.10770      24.27475
      25.11780      24.27389
      25.12800      24.27303
      25.13820      24.27216
      25.14830      24.27131
      25.15850      24.27044
      25.16870      24.26958
      25.17880      24.26873
      25.18900      24.26787
      25.19920      24.26702
      25.20930      24.26617
      25.21950      24.26531
      25.22970      24.26446
      25.23980      24.26362
      25.25000      24.26277
      25.26010      24.26193
      25.27030      24.26108
      25.28050      24.26024
      25.29060      24.25940
      25.30080      24.25856
      25.31100      24.25772
      25.32110      24.25688
      25.33130      24.25604
      25.34150      24.25521
      25.35160      24.25438
      25.36180      24.25354
      25.37200      24.25271
      25.38210      24.25188
      25.39230      24.25105
      25.40240      24.25023
      25.41260      24.24940
      25.42280      24.24857
      25.43290      24.24775
      25.44310      24.24693
      25.45330      24.24610
      25.46340      24.24529
      25.47360      24.24446
      25.48380      24.24364
      25.49390      24.24283
      25.50410      24.24201
      25.51430      24.24120
      25.52440      24.24039
      25.53460      24.23957
      25.54480      24.23876
      25.55490      24.23795
      25.56510      24.23714
      25.57520      24.23634
      25.58540      24.23553
      25.59560      24.23472
      25.60570      24.23392
      25.61590      24.23311
      25.62610      24.23230
      25.63620      24.23151
      25.64640      24.23070
      25.65660      24.22990
      25.66670      24.22910
      25.67690      24.22830
      25.68710      24.22750
      25.69720      24.22671
      25.70740      24.22591
      25.71750      24.22513
      25.72770      24.22433
      25.73790      24.22353
      25.74800      24.22275
      25.75820      24.22195
      25.76840      24.22116
      25.77850      24.22038
      25.78870      24.21959
      25.79890      24.21880
      25.80900      24.21802
      25.81920      24.21723
      25.82940      24.21644
      25.83950      24.21566
      25.84970      24.21488
      25.85990      24.21409
      25.87000      24.21332
      25.88020      24.21253
      25.89030      24.21176
      25.90050      24.21098
      25.91070      24.21020
      25.92080      24.20942
      25.93100      24.20865
      25.94120      24.20787
      25.95130      24.20710
      25.96150      24.20632
      25.97170      24.20555
      25.98180      24.20478
      25.99200      24.20401
      26.00220      24.20323
      26.01230      24.20247
      26.02250      24.20170
      26.03260      24.20094
      26.04280      24.20016
      26.05300      24.19940
      26.06310      24.19863
      26.07330      24.19787
      26.08350      24.19710
      26.09360      24.19634
      26.10380      24.19558
      26.11400      24.19481
      26.12410      24.19405
      26.13430      24.19329
      26.14450      24.19253
      26.15460      24.19177
      26.16480      24.19101
      26.17500      24.19025
      26.18510      24.18950
      26.19530      24.18874
      26.20540      24.18799
      26.21560      24.18723
      26.22580      24.18647
      26.23590      24.18572
      26.24610      24.18497
      26.25630      24.18421
      26.26640      24.18346
      26.27660      24.18271
      26.28680      24.18196
      26.29690      24.18121
      26.30710      24.18046
      26.31730      24.17971
      26.32740      24.17896
      26.33760      24.17821
      26.34770      24.17747
      26.35790      24.17672
      26.36810      24.17597
      26.37820      24.17523
      26.38840      24.17449
      26.39860      24.17374
      26.40870      24.17300
      26.41890      24.17226
      26.42910      24.17151
      26.43920      24.17077
      26.44940      24.17003
      26.45960      24.16929
      26.46970      24.16855
      26.47990      24.16781
      26.49010      24.16707
      26.50020      24.16633
      26.51040      24.16559
      26.52050      24.16486
      26.53070      24.16412
      26.54090      24.16338
      26.55100      24.16265
      26.56120      24.16191
      26.57140      24.16118
      26.58150      24.16045
      26.59170      24.15971
      26.60190      24.15898
      26.61200      24.15825
      26.62220      24.15751
      26.63240      24.15678
      26.64250      24.15606
      26.65270      24.15532
      26.66280      24.15460
      26.67300      24.15386
      26.68320      24.15313
      26.69330      24.15241
      26.70350      24.15168
      26.71370      24.15095
      26.72380      24.15023
      26.73400      24.14950
      26.74420      24.14877
      26.75430      24.14805
      26.76450      24.14732
      26.77470      24.14659
      26.78480      24.14587
      26.79500      24.14515
      26.80520      24.14442
      26.81530      24.14370
      26.82550      24.14298
      26.83560      24.14226
      26.84580      24.14154
      26.85600      24.14081
      26.86610      24.14010
      26.87630      24.13938
      26.88650      24.13865
      26.89660      24.13794
      26.90680      24.13722
      26.91700      24.13650
      26.92710      24.13578
      26.93730      24.13506
      26.94750      24.13434
      26.95760      24.13363
      26.96780      24.13291
      26.97790      24.13220
      26.98810      24.13148
      26.99830      24.13077
      27.00840      24.13005
      27.01860      24.12934
      27.02880      24.12862
      27.03890      24.12791
      27.04910      24.12720
      27.05930      24.12648
      27.06940      24.12577
      27.07960      24.12506
      27.08980      24.12435
      27.09990      24.12364
      27.11010      24.12293
      27.12020      24.12222
      27.13040      24.12151
      27.14060      24.12080
      27.15070      24.12009
      27.16090      24.11938
      27.17110      24.11867
      27.18120      24.11797
      27.19140      24.11725
      27.20160      24.11654
      27.21170      24.11584
      27.22190      24.11513
      27.23210      24.11442
      27.24220      24.11372
      27.25240      24.11301
      27.26260      24.11231
      27.27270      24.11161
      27.28290      24.11090
      27.29300      24.11020
      27.30320      24.10949
      27.31340      24.10879
      27.32350      24.10809
      27.33370      24.10738
      27.34390      24.10668
      27.35400      24.10598
      27.36420      24.10528
      27.37440      24.10457
      27.38450      24.10387
      27.39470      24.10317
      27.40490      24.10247
      27.41500      24.10177
      27.42520      24.10107
      27.43530      24.10037
      27.44550      24.09967
      27.45570      24.09897
      27.46580      24.09828
      27.47600      24.09758
      27.48620      24.09688
      27.49630      24.09618
      27.50650      24.09548
      27.51670      24.09478
      27.52680      24.09409
      27.53700      24.09339
      27.54720      24.09269
      27.55730      24.09200
      27.56750      24.09130
      27.57770      24.09060
      27.58780      24.08991
      27.59800      24.08922
      27.60810      24.08853
      27.61830      24.08783
      27.62850      24.08713
      27.63860      24.08644
      27.64880      24.08575
      27.65900      24.08505
      27.66910      24.08436
      27.67930      24.08367
      27.68950      24.08297
      27.69960      24.08228
      27.70980      24.08159
      27.72000      24.08090
      27.73010      24.08021
      27.74030      24.07952
      27.75040      24.07883
      27.76060      24.07814
      27.77080      24.07745
      27.78090      24.07676
      27.79110      24.07607
      27.80130      24.07538
      27.81140      24.07469
      27.82160      24.07400
      27.83180      24.07331
      27.84190      24.07262
      27.85210      24.07193
      27.86230      24.07124
      27.87240      24.07056
      27.88260      24.06987
      27.89280      24.06918
      27.90290      24.06850
      27.91310      24.06781
      27.92320      24.06713
      27.93340      24.06644
      27.94360      24.06575
      27.95370      24.06507
      27.96390      24.06438
      27.97410      24.06369
      27.98420      24.06301
      27.99440      24.06232
      28.00460      24.06164
      28.01470      24.06096
      28.02490      24.06027
      28.03510      24.05959
      28.04520      24.05891
      28.05540      24.05822
      28.06550      24.05754
      28.07570      24.05686
      28.08590      24.05617
      28.09600      24.05549
      28.10620      24.05481
      28.11640      24.05412
      28.12650      24.05345
      28.13670      24.05276
      28.14690      24.05208
      28.15700      24.05140
      28.16720      24.05072
      28.17740      24.05003
      28.18750      24.04936
      28.19770      24.04868
      28.20790      24.04799
      28.21800      24.04732
      28.22820      24.04663
      28.23830      24.04596
      28.24850      24.04528
      28.25870      24.04460
      28.26880      24.04392
      28.27900      24.04324
      28.28920      24.04256
      28.29930      24.04189
      28.30950      24.04120
      28.31970      24.04052
      28.32980      24.03985
      28.34000      24.03917
      28.35020      24.03849
      28.36030      24.03782
      28.37050      24.03714
      28.38060      24.03647
      28.39080      24.03579
      28.40100      24.03511
      28.41110      24.03444
      28.42130      24.03376
      28.43150      24.03308
      28.44160      24.03241
      28.45180      24.03173
      28.46200      24.03105
      28.47210      24.03038
      28.48230      24.02971
      28.49250      24.02903
      28.50260      24.02836
      28.51280      24.02768
      28.52300      24.02700
      28.53310      24.02633
      28.54330      24.02566
      28.55340      24.02499
      28.56360      24.02431
      28.57380      24.02364
      28.58390      24.02297
      28.59410      24.02229
      28.60430      24.02162
      28.61440      24.02095
      28.62460      24.02028
      28.63480      24.01960
      28.64490      24.01893
      28.65510      24.01826
      28.66530      24.01758
      28.67540      24.01692
      28.68560      24.01624
      28.69570      24.01558
      28.70590      24.01490
      28.71610      24.01423
      28.72620      24.01356
      28.73640      24.01289
      28.74660      24.01221
      28.75670      24.01155
      28.76690      24.01088
      28.77710      24.01020
      28.78720      24.00954
      28.79740      24.00887
      28.80760      24.00819
      28.81770      24.00753
      28.82790      24.00686
      28.83810      24.00619
      28.84820      24.00552
      28.85840      24.00485
      28.86850      24.00419
      28.87870      24.00352
      28.88890      24.00284
      28.89900      24.00218
      28.90920      24.00151
      28.91940      24.00084
      28.92950      24.00018
      28.93970      23.99951
      28.94990      23.99884
      28.96000      23.99817
      28.97020      23.99750
      28.98040      23.99683
      28.99050      23.99617
      29.00070      23.99550
      29.01080      23.99484
      29.02100      23.99417
      29.03120      23.99350
      29.04130      23.99284
      29.05150      23.99217
      29.06170      23.99150
      29.07180      23.99084
      29.08200      23.99018
      29.09220      23.98951
      29.10230      23.98885
      29.11250      23.98818
      29.12270      23.98751
      29.13280      23.98685
      29.14300      23.98618
      29.15310      23.98552
      29.16330      23.98486
      29.17350      23.98419
      29.18360      23.98353
      29.19380      23.98286
      29.20400      23.98219
      29.21410      23.98153
      29.22430      23.98087
      29.23450      23.98020
      29.24460      23.97954
      29.25480      23.97888
      29.26500      23.97821
      29.27510      23.97755
      29.28530      23.97689
      29.29550      23.97622
      29.30560      23.97556
      29.31580      23.97490
      29.32590      23.97424
      29.33610      23.97358
      29.34630      23.97291
      29.35640      23.97225
      29.36660      23.97159
      29.37680      23.97092
      29.38690      23.97027
      29.39710      23.96960
      29.40730      23.96894
      29.41740      23.96828
      29.42760      23.96762
      29.43780      23.96696
      29.44790      23.96630
      29.45810      23.96563
      29.46820      23.96498
      29.47840      23.96432
      29.48860      23.96365
      29.49870      23.96300
      29.50890      23.96233
      29.51910      23.96167
      29.52920      23.96101
      29.53940      23.96035
      29.54960      23.95969
      29.55970      23.95903
      29.56990      23.95837
      29.58010      23.95771
      29.59020      23.95705
      29.60040      23.95639
      29.61060      23.95573
      29.62070      23.95507
      29.63090      23.95441
      29.64100      23.95376
      29.65120      23.95310
      29.66140      23.95244
      29.67150      23.95178
      29.68170      23.95112
      29.69190      23.95046
      29.70200      23.94981
      29.71220      23.94915
      29.72240      23.94848
      29.73250      23.94783
      29.74270      23.94717
      29.75290      23.94651
      29.76300      23.94586
      29.77320      23.94520
      29.78330      23.94454
      29.79350      23.94388
      29.80370      23.94322
      29.81380      23.94257
      29.82400      23.94191
      29.83420      23.94125
      29.84430      23.94060
      29.85450      23.93994
      29.86470      23.93928
      29.87480      23.93863
      29.88500      23.93797
      29.89520      23.93731
      29.90530      23.93666
      29.91550      23.93600
      29.92570      23.93534
      29.93580      23.93469
      29.94600      23.93403
      29.95610      23.93338
      29.96630      23.93272
      29.97650      23.93206
      29.98660      23.93141
      29.99680      23.93075
      30.00700      23.93010
      30.01710      23.92944
      30.02730      23.92879
      30.03750      23.92813
      30.04760      23.92748
      30.05780      23.92682
      30.06800      23.92616
      30.07810      23.92551
      30.08830      23.92486
      30.09840      23.92421
      30.10860      23.92355
      30.11880      23.92289
      30.12890      23.92224
      30.13910      23.92159
      30.14930      23.92093
      30.15940      23.92028
      30.16960      23.91962
      30.17980      23.91897
      30.18990      23.91832
      30.20010      23.91766
      30.21030      23.91700
      30.22040      23.91635
      30.23060      23.91570
      30.24080      23.91504
      30.25090      23.91439
      30.26110      23.91374
      30.27120      23.91309
      30.28140      23.91243
      30.29160      23.91178
      30.30170      23.91113
      30.31190      23.91047
      30.32210      23.90982
      30.33220      23.90917
      30.34240      23.90851
      30.35260      23.90786
      30.36270      23.90721
      30.37290      23.90656
      30.38310      23.90590
      30.39320      23.90525
      30.40340      23.90460
      30.41350      23.90395
      30.42370      23.90330
      30.43390      23.90264
      30.44400      23.90199
      30.45420      23.90134
      30.46440      23.90069
      30.47450      23.90004
      30.48470      23.89939
      30.49490      23.89873
      30.50500      23.89808
      30.51520      23.89743
      30.52540      23.89678
      30.53550      23.89613
      30.54570      23.89548
      30.55590      23.89482
      30.56600      23.89418
      30.57620      23.89352
      30.58630      23.89288
      30.59650      23.89222
      30.60670      23.89157
      30.61680      23.89092
      30.62700      23.89027
      30.63720      23.88962
      30.64730      23.88897
      30.65750      23.88832
      30.66770      23.88767
      30.67780      23.88702
      30.68800      23.88637
      30.69820      23.88572
      30.70830      23.88507
      30.71850      23.88442
      30.72860      23.88377
      30.73880      23.88312
      30.74900      23.88247
      30.75910      23.88182
      30.76930      23.88117
      30.77950      23.88052
      30.78960      23.87987
      30.79980      23.87922
      30.81000      23.87857
      30.82010      23.87792
      30.83030      23.87727
      30.84050      23.87662
      30.85060      23.87598
      30.86080      23.87532
      30.87100      23.87467
      30.88110      23.87403
      30.89130      23.87338
      30.90140      23.87273
      30.91160      23.87208
      30.92180      23.87143
      30.93190      23.87079
      30.94210      23.87014
      30.95230      23.86949
      30.96240      23.86884
      30.97260      23.86819
      30.98280      23.86754
      30.99290      23.86690
      31.00310      23.86625
      31.01330      23.86559
      31.02340      23.86495
      31.03360      23.86430
      31.04370      23.86366
      31.05390      23.86301
      31.06410      23.86236
      31.07420      23.86171
      31.08440      23.86106
      31.09460      23.86041
      31.10470      23.85977
      31.11490      23.85912
      31.12510      23.85847
      31.13520      23.85783
      31.14540      23.85718
      31.15560      23.85653
      31.16570      23.85588
      31.17590      23.85524
      31.18600      23.85459
      31.19620      23.85394
      31.20640      23.85329
      31.21650      23.85265
      31.22670      23.85200
      31.23690      23.85135
      31.24700      23.85071
      31.25720      23.85006
      31.26740      23.84941
      31.27750      23.84877
      31.28770      23.84812
      31.29790      23.84747
      31.30800      23.84683
      31.31820      23.84618
      31.32840      23.84553
      31.33850      23.84489
      31.34870      23.84424
      31.35880      23.84360
      31.36900      23.84295
      31.37920      23.84230
      31.38930      23.84166
      31.39950      23.84101
      31.40970      23.84037
      31.41980      23.83972
      31.43000      23.83908
      31.44020      23.83843
      31.45030      23.83779
      31.46050      23.83714
      31.47070      23.83649
      31.48080      23.83585
      31.49100      23.83520
      31.50110      23.83456
      31.51130      23.83391
      31.52150      23.83327
      31.53160      23.83262
      31.54180      23.83198
      31.55200      23.83133
      31.56210      23.83069
      31.57230      23.83004
      31.58250      23.82939
      31.59260      23.82875
      31.60280      23.82811
      31.61300      23.82746
      31.62310      23.82682
      31.63330      23.82617
      31.64350      23.82552
      31.65360      23.82488
      31.66380      23.82424
      31.67390      23.82360
      31.68410      23.82295
      31.69430      23.82230
      31.70440      23.82166
      31.71460      23.82102
      31.72480      23.82037
      31.73490      23.81973
      31.74510      23.81908
      31.75530      23.81844
      31.76540      23.81780
      31.77560      23.81715
      31.78580      23.81650
      31.79590      23.81586
      31.80610      23.81522
      31.81620      23.81458
      31.82640      23.81393
      31.83660      23.81329
      31.84670      23.81264
      31.85690      23.81200
      31.86710      23.81135
      31.87720      23.81071
      31.88740      23.81007
      31.89760      23.80942
      31.90770      23.80878
      31.91790      23.80814
      31.92810      23.80749
      31.93820      23.80685
      31.94840      23.80621
      31.95860      23.80556
      31.96870      23.80492
      31.97890      23.80428
      31.98900      23.80364
      31.99920      23.80299
      32.00940      23.80235
      32.01950      23.80171
      32.02970      23.80106
      32.03990      23.80042
      32.05000      23.79978
      32.06020      23.79913
      32.07040      23.79849
      32.08050      23.79785
      32.09070      23.79720
      32.10090      23.79656
      32.11100      23.79592
      32.12120      23.79528
      32.13130      23.79464
      32.14150      23.79399
      32.15170      23.79335
      32.16180      23.79271
      32.17200      23.79207
      32.18220      23.79142
      32.19230      23.79078
      32.20250      23.79014
      32.21270      23.78949
      32.22280      23.78886
      32.23300      23.78821
      32.24320      23.78757
      32.25330      23.78693
      32.26350      23.78629
      32.27370      23.78564
      32.28380      23.78500
      32.29400      23.78436
      32.30410      23.78372
      32.31430      23.78308
      32.32450      23.78243
      32.33460      23.78180
      32.34480      23.78115
      32.35500      23.78051
      32.36510      23.77987
      32.37530      23.77923
      32.38550      23.77858
      32.39560      23.77794
      32.40580      23.77730
      32.41600      23.77666
      32.42610      23.77602
      32.43630      23.77538
      32.44640      23.77474
      32.45660      23.77410
      32.46680      23.77345
      32.47690      23.77281
      32.48710      23.77217
      32.49730      23.77153
      32.50740      23.77089
      32.51760      23.77025
      32.52780      23.76960
      32.53790      23.76897
      32.54810      23.76832
      32.55830      23.76768
      32.56840      23.76704
      32.57860      23.76640
      32.58880      23.76576
      32.59890      23.76512
      32.60910      23.76448
      32.61920      23.76384
      32.62940      23.76320
      32.63960      23.76256
      32.64970      23.76192
      32.65990      23.76128
      32.67010      23.76063
      32.68020      23.76000
      32.69040      23.75935
      32.70060      23.75871
      32.71070      23.75807
      32.72090      23.75743
      32.73110      23.75679
      32.74120      23.75615
      32.75140      23.75551
      32.76150      23.75488
      32.77170      23.75423
      32.78190      23.75359
      32.79200      23.75295
      32.80220      23.75231
      32.81240      23.75167
      32.82250      23.75103
      32.83270      23.75039
      32.84290      23.74975
      32.85300      23.74911
      32.86320      23.74847
      32.87340      23.74783
      32.88350      23.74719
      32.89370      23.74655
      32.90390      23.74591
      32.91400      23.74527
      32.92420      23.74463
      32.93430      23.74399
      32.94450      23.74335
      32.95470      23.74271
      32.96480      23.74207
      32.97500      23.74143
      32.98520      23.74079
      32.99530      23.74016
      33.00550      23.73951
      33.01570      23.73887
      33.02580      23.73824
      33.03600      23.73760
      33.04620      23.73695
      33.05630      23.73632
      33.06650      23.73568
      33.07660      23.73504
      33.08680      23.73440
      33.09700      23.73376
      33.10710      23.73312
      33.11730      23.73248
      33.12750      23.73184
      33.13760      23.73121
      33.14780      23.73056
      33.15800      23.72992
      33.16810      23.72929
      33.17830      23.72865
      33.18850      23.72801
      33.19860      23.72737
      33.20880      23.72673
      33.21890      23.72610
      33.22910      23.72545
      33.23930      23.72481
      33.24940      23.72418
      33.25960      23.72354
      33.26980      23.72290
      33.27990      23.72226
      33.29010      23.72162
      33.30030      23.72098
      33.31040      23.72034
      33.32060      23.71970
      33.33080      23.71906
      33.34090      23.71843
      33.35110      23.71779
      33.36130      23.71715
      33.37140      23.71651
      33.38160      23.71587
      33.39170      23.71524
      33.40190      23.71460
      33.41210      23.71396
      33.42220      23.71332
      33.43240      23.71268
      33.44260      23.71204
      33.45270      23.71141
      33.46290      23.71077
      33.47310      23.71013
      33.48320      23.70949
      33.49340      23.70885
      33.50360      23.70821
      33.51370      23.70758
      33.52390      23.70694
      33.53400      23.70630
      33.54420      23.70566
      33.55440      23.70502
      33.56450      23.70439
      33.57470      23.70375
      33.58490      23.70311
      33.59500      23.70247
      33.60520      23.70184
      33.61540      23.70119
      33.62550      23.70056
      33.63570      23.69992
      33.64590      23.69928
      33.65600      23.69865
      33.66620      23.69801
      33.67640      23.69737
      33.68650      23.69673
      33.69670      23.69609
      33.70680      23.69546
      33.71700      23.69482
      33.72720      23.69418
      33.73730      23.69355
      33.74750      23.69291
      33.75770      23.69227
      33.76780      23.69164
      33.77800      23.69100
      33.78820      23.69036
      33.79830      23.68972
      33.80850      23.68908
      33.81870      23.68844
      33.82880      23.68781
      33.83900      23.68717
      33.84910      23.68654
      33.85930      23.68590
      33.86950      23.68526
      33.87960      23.68463
      33.88980      23.68399
      33.90000      23.68335
      33.91010      23.68271
      33.92030      23.68207
      33.93050      23.68143
      33.94060      23.68080
      33.95080      23.68016
      33.96100      23.67952
      33.97110      23.67889
      33.98130      23.67825
      33.99150      23.67761
      34.00160      23.67698
      34.01180      23.67634
      34.02190      23.67571
      34.03210      23.67507
      34.04230      23.67443
      34.05240      23.67380
      34.06260      23.67316
      34.07280      23.67252
      34.08290      23.67189
      34.09310      23.67125
      34.10330      23.67061
      34.11340      23.66998
      34.12360      23.66934
      34.13380      23.66870
      34.14390      23.66806
      34.15410      23.66743
      34.16420      23.66679
      34.17440      23.66615
      34.18460      23.66552
      34.19470      23.66488
      34.20490      23.66425
      34.21510      23.66361
      34.22520      23.66297
      34.23540      23.66233
      34.24560      23.66170
      34.25570      23.66106
      34.26590      23.66043
      34.27610      23.65979
      34.28620      23.65915
      34.29640      23.65852
      34.30660      23.65788
      34.31670      23.65725
      34.32690      23.65661
      34.33700      23.65598
      34.34720      23.65534
      34.35740      23.65470
      34.36750      23.65407
      34.37770      23.65343
      34.38790      23.65279
      34.39800      23.65216
      34.40820      23.65152
      34.41840      23.65088
      34.42850      23.65025
      34.43870      23.64961
      34.44890      23.64897
      34.45900      23.64834
      34.46920      23.64770
      34.47930      23.64707
      34.48950      23.64643
      34.49970      23.64579
      34.50980      23.64516
      34.52000      23.64453
      34.53020      23.64389
      34.54030      23.64326
      34.55050      23.64262
      34.56070      23.64198
      34.57080      23.64135
      34.58100      23.64071
      34.59120      23.64007
      34.60130      23.63944
      34.61150      23.63880
      34.62170      23.63816
      34.63180      23.63753
      34.64200      23.63689
      34.65210      23.63626
      34.66230      23.63563
      34.67250      23.63499
      34.68260      23.63436
      34.69280      23.63372
      34.70300      23.63308
      34.71310      23.63245
      34.72330      23.63181
      34.73350      23.63117
      34.74360      23.63054
      34.75380      23.62991
      34.76400      23.62927
      34.77410      23.62864
      34.78430      23.62800
      34.79440      23.62737
      34.80460      23.62673
      34.81480      23.62609
      34.82490      23.62546
      34.83510      23.62482
      34.84530      23.62419
      34.85540      23.62355
      34.86560      23.62292
      34.87580      23.62228
      34.88590      23.62165
      34.89610      23.62101
      34.90630      23.62037
      34.91640      23.61974
      34.92660      23.61911
      34.93670      23.61847
      34.94690      23.61784
      34.95710      23.61720
      34.96720      23.61657
      34.97740      23.61593
      34.98760      23.61530
      34.99770      23.61466
      35.00790      23.61403
      35.01810      23.61339
      35.02820      23.61276
      35.03840      23.61212
      35.04860      23.61148
      35.05870      23.61085
      35.06890      23.61022
      35.07910      23.60958
      35.08920      23.60895
      35.09940      23.60831
      35.10950      23.60768
      35.11970      23.60704
      35.12990      23.60641
      35.14000      23.60578
      35.15020      23.60514
      35.16040      23.60450
      35.17050      23.60387
      35.18070      23.60324
      35.19090      23.60260
      35.20100      23.60197
      35.21120      23.60133
      35.22140      23.60069
      35.23150      23.60006
      35.24170      23.59943
      35.25180      23.59879
      35.26200      23.59816
      35.27220      23.59752
      35.28230      23.59689
      35.29250      23.59625
      35.30270      23.59562
      35.31280      23.59499
      35.32300      23.59435
      35.33320      23.59371
      35.34330      23.59308
      35.35350      23.59245
      35.36370      23.59181
      35.37380      23.59118
      35.38400      23.59054
      35.39420      23.58991
      35.40430      23.58928
      35.41450      23.58864
      35.42460      23.58801
      35.43480      23.58737
      35.44500      23.58674
      35.45510      23.58611
      35.46530      23.58547
      35.47550      23.58484
      35.48560      23.58420
      35.49580      23.58357
      35.50600      23.58293
      35.51610      23.58230
      35.52630      23.58167
      35.53650      23.58103
      35.54660      23.58040
      35.55680      23.57976
      35.56690      23.57913
      35.57710      23.57850
      35.58730      23.57786
      35.59740      23.57723
      35.60760      23.57659
      35.61780      23.57596
      35.62790      23.57533
      35.63810      23.57469
      35.64830      23.57405
      35.65840      23.57342
      35.66860      23.57279
      35.67880      23.57215
      35.68890      23.57152
      35.69910      23.57089
      35.70930      23.57025
      35.71940      23.56962
      35.72960      23.56898
      35.73970      23.56835
      35.74990      23.56772
      35.76010      23.56708
      35.77020      23.56645
      35.78040      23.56582
      35.79060      23.56518
      35.80070      23.56455
      35.81090      23.56392
      35.82110      23.56328
      35.83120      23.56265
      35.84140      23.56201
      35.85160      23.56138
      35.86170      23.56075
      35.87190      23.56011
      35.88200      23.55948
      35.89220      23.55885
      35.90240      23.55821
      35.91250      23.55758
      35.92270      23.55695
      35.93290      23.55631
      35.94300      23.55568
      35.95320      23.55504
      35.96340      23.55441
      35.97350      23.55378
      35.98370      23.55314
      35.99390      23.55251
      36.00400      23.55188
      36.01420      23.55124
      36.02440      23.55061
      36.03450      23.54998
      36.04470      23.54934
      36.05480      23.54871
      36.06500      23.54808
      36.07520      23.54744
      36.08530      23.54681
      36.09550      23.54618
      36.10570      23.54554
      36.11580      23.54491
      36.12600      23.54428
      36.13620      23.54364
      36.14630      23.54301
      36.15650      23.54238
      36.16670      23.54174
      36.17680      23.54111
      36.18700      23.54047
      36.19710      23.53984
      36.20730      23.53921
      36.21750      23.53857
      36.22760      23.53794
      36.23780      23.53731
      36.24800      23.53667
