! TITLE: Yobs                                                                                                                                                                                                                                                            
! Peak:  4
       6.00860      20.00000
       6.01870      20.00000
       6.02890      20.00000
       6.03910      20.00000
       6.04920      20.00000
       6.05940      20.00000
       6.06960      20.00000
       6.07970      20.00000
       6.08990      20.00000
       6.10010      20.00000
       6.11020      20.00000
       6.12040      20.00000
       6.13060      20.00000
       6.14070      20.00000
       6.15090      20.00000
       6.16110      20.00000
       6.17120      20.00000
       6.18140      20.00000
       6.19150      20.00000
       6.20170      20.00000
       6.21190      20.00000
       6.22200      20.00000
       6.23220      20.00000
       6.24240      20.00000
       6.25250      20.00000
       6.26270      20.00000
       6.27290      20.00000
       6.28300      20.00000
       6.29320      20.00000
       6.30340      20.00000
       6.31350      20.00000
       6.32370      20.00000
       6.33380      20.00000
       6.34400      20.00000
       6.35420      20.00000
       6.36430      20.00000
       6.37450      20.00000
       6.38470      20.00000
       6.39480      20.00000
       6.40500      20.00000
       6.41520      20.00000
       6.42530      20.00000
       6.43550      20.00000
       6.44570      20.00000
       6.45580      20.00000
       6.46600      20.00000
       6.47620      20.00000
       6.48630      20.00000
       6.49650      20.00000
       6.50660      20.00000
       6.51680      20.00000
       6.52700      20.00000
       6.53710      20.00000
       6.54730      20.00000
       6.55750      20.00000
       6.56760      20.00000
       6.57780      20.00000
       6.58800      20.00000
       6.59810      20.00000
       6.60830      20.00000
       6.61850      20.00000
       6.62860      20.00000
       6.63880      20.00000
       6.64890      20.00000
       6.65910      20.00000
       6.66930      20.00000
       6.67940      20.00000
       6.68960      20.00000
       6.69980      20.00000
       6.70990      20.00000
       6.72010      20.00000
       6.73030      20.00000
       6.74040      20.00000
       6.75060      20.00000
       6.76080      20.00000
       6.77090      20.00000
       6.78110      20.00000
       6.79130      20.00000
       6.80140      20.00000
       6.81160      20.00000
       6.82170      20.00000
       6.83190      20.00000
       6.84210      20.00000
       6.85220      20.00000
       6.86240      20.00000
       6.87260      20.00000
       6.88270      20.00000
       6.89290      20.00000
       6.90310      20.00000
       6.91320      20.00000
       6.92340      20.00000
       6.93360      20.00000
       6.94370      20.00000
       6.95390      20.00000
       6.96400      20.00000
       6.97420      20.00000
       6.98440      20.00000
       6.99450      20.00000
       7.00470      20.00000
       7.01490      20.00000
       7.02500      20.00000
       7.03520      20.00000
       7.04540      20.00000
       7.05550      20.00000
       7.06570      20.00000
       7.07590      20.00000
       7.08600      20.00000
       7.09620      20.00000
       7.10640      20.00000
       7.11650      20.00000
       7.12670      20.00000
       7.13680      20.00000
       7.14700      20.00000
       7.15720      20.00000
       7.16730      20.00000
       7.17750      20.00000
       7.18770      20.00000
       7.19780      20.00000
       7.20800      20.00000
       7.21820      20.00000
       7.22830      20.00000
       7.23850      20.00000
       7.24870      20.00000
       7.25880      20.00000
       7.26900      20.00000
       7.27910      20.00000
       7.28930      20.00000
       7.29950      20.00000
       7.30960      20.00000
       7.31980      20.00000
       7.33000      20.00000
       7.34010      20.00000
       7.35030      20.00000
       7.36050      20.00000
       7.37060      20.00000
       7.38080      20.00000
       7.39100      20.00000
       7.40110      20.00000
       7.41130      20.00000
       7.42150      20.00000
       7.43160      20.00000
       7.44180      20.00000
       7.45190      20.00000
       7.46210      20.00000
       7.47230      20.00000
       7.48240      20.00000
       7.49260      20.00000
       7.50280      20.00000
       7.51290      20.00000
       7.52310      20.00000
       7.53330      20.00000
       7.54340      20.00000
       7.55360      20.00000
       7.56380      20.00000
       7.57390      20.00000
       7.58410      20.00000
       7.59420      20.00000
       7.60440      20.00000
       7.61460      20.00000
       7.62470      20.00000
       7.63490      20.00000
       7.64510      20.00000
       7.65520      20.00000
       7.66540      20.00000
       7.67560      20.00000
       7.68570      20.00000
       7.69590      20.00000
       7.70610      20.00000
       7.71620      20.00000
       7.72640      20.00000
       7.73650      20.00000
       7.74670      20.00000
       7.75690      20.00000
       7.76700      20.00000
       7.77720      20.00000
       7.78740      20.00000
       7.79750      20.00000
       7.80770      20.00000
       7.81790      20.00000
       7.82800      20.00000
       7.83820      20.00000
       7.84840      20.00000
       7.85850      20.00000
       7.86870      20.00000
       7.87890      20.00000
       7.88900      20.00000
       7.89920      20.00000
       7.90930      20.00000
       7.91950      20.00000
       7.92970      20.00000
       7.93980      20.00000
       7.95000      20.00000
       7.96020      20.00000
       7.97030      20.00000
       7.98050      20.00000
       7.99070      20.00000
       8.00080      20.00000
       8.01100      20.00000
       8.02120      20.00000
       8.03130      20.00000
       8.04150      20.00000
       8.05160      20.00000
       8.06180      20.00000
       8.07200      20.00000
       8.08210      20.00000
       8.09230      20.00000
       8.10250      20.00000
       8.11260      20.00000
       8.12280      20.00000
       8.13300      20.00000
       8.14310      20.00000
       8.15330      20.00000
       8.16350      20.00000
       8.17360      20.00000
       8.18380      20.00000
       8.19400      20.00000
       8.20410      20.00000
       8.21430      20.00000
       8.22440      20.00000
       8.23460      20.00000
       8.24480      20.00000
       8.25490      20.00000
       8.26510      20.00000
       8.27530      20.00000
       8.28540      20.00000
       8.29560      20.00000
       8.30580      20.00000
       8.31590      20.00000
       8.32610      20.00000
       8.33630      20.00000
       8.34640      20.00000
       8.35660      20.00000
       8.36670      20.00000
       8.37690      20.00000
       8.38710      20.00000
       8.39720      20.00000
       8.40740      20.00000
       8.41760      20.00000
       8.42770      20.00000
       8.43790      20.00000
       8.44810      20.00000
       8.45820      20.00000
       8.46840      20.00000
       8.47860      20.00000
       8.48870      20.00000
       8.49890      20.00000
       8.50910      20.00000
       8.51920      20.00000
       8.52940      20.00000
       8.53950      20.00000
       8.54970      20.00000
       8.55990      20.00000
       8.57000      20.00000
       8.58020      20.00000
       8.59040      20.00000
       8.60050      20.00000
       8.61070      20.00000
       8.62090      20.00000
       8.63100      20.00000
       8.64120      20.00000
       8.65140      20.00000
       8.66150      20.00000
       8.67170      20.00000
       8.68180      20.00000
       8.69200      20.00000
       8.70220      20.00000
       8.71230      20.00000
       8.72250      20.00000
       8.73270      20.00000
       8.74280      20.00000
       8.75300      20.00000
       8.76320      20.00000
       8.77330      20.00000
       8.78350      20.00000
       8.79370      20.00000
       8.80380      20.00000
       8.81400      20.00000
       8.82420      20.00000
       8.83430      20.00000
       8.84450      20.00000
       8.85460      20.00000
       8.86480      20.00000
       8.87500      20.00000
       8.88510      20.00000
       8.89530      20.00000
       8.90550      20.00000
       8.91560      20.00000
       8.92580      20.00000
       8.93600      20.00000
       8.94610      20.00000
       8.95630      20.00000
       8.96650      20.00000
       8.97660      20.00000
       8.98680      20.00000
       8.99690      20.00000
       9.00710      20.00000
       9.01730      20.00000
       9.02740      20.00000
       9.03760      20.00000
       9.04780      20.00000
       9.05790      20.00000
       9.06810      20.00000
       9.07830      20.00000
       9.08840      20.00000
       9.09860      20.00000
       9.10880      20.00000
       9.11890      20.00000
       9.12910      20.00000
       9.13930      20.00000
       9.14940      20.00000
       9.15960      20.00000
       9.16970      20.00000
       9.17990      20.00000
       9.19010      20.00000
       9.20020      20.00000
       9.21040      20.00000
       9.22060      20.00000
       9.23070      20.00000
       9.24090      20.00000
       9.25110      20.00000
       9.26120      20.00000
       9.27140      20.00000
       9.28160      20.00000
       9.29170      20.00000
       9.30190      20.00000
       9.31200      20.00000
       9.32220      20.00000
       9.33240      20.00000
       9.34250      20.00000
       9.35270      20.00000
       9.36290      20.00000
       9.37300      20.00000
       9.38320      20.00000
       9.39340      20.00000
       9.40350      20.00000
       9.41370      20.00000
       9.42390      20.00000
       9.43400      20.00000
       9.44420      20.00000
       9.45440      20.00000
       9.46450      20.00000
       9.47470      20.00000
       9.48480      20.00000
       9.49500      20.00000
       9.50520      20.00000
       9.51530      20.00000
       9.52550      20.00000
       9.53570      20.00000
       9.54580      20.00000
       9.55600      20.00000
       9.56620      20.00000
       9.57630      20.00000
       9.58650      20.00000
       9.59670      20.00000
       9.60680      20.00000
       9.61700      20.00000
       9.62710      20.00000
       9.63730      20.00000
       9.64750      20.00000
       9.65760      20.00000
       9.66780      20.00000
       9.67800      20.00000
       9.68810      20.00000
       9.69830      20.00000
       9.70850      20.00000
       9.71860      20.00000
       9.72880      20.00000
       9.73900      20.00000
       9.74910      20.00000
       9.75930      20.00000
       9.76940      20.00000
       9.77960      20.00000
       9.78980      20.00000
       9.79990      20.00000
       9.81010      20.00000
       9.82030      20.00000
       9.83040      20.00000
       9.84060      20.00000
       9.85080      20.00000
       9.86090      20.00000
       9.87110      20.00000
       9.88130      20.00000
       9.89140      20.00000
       9.90160      20.00000
       9.91180      20.00000
       9.92190      20.00000
       9.93210      20.00000
       9.94220      20.00000
       9.95240      20.00000
       9.96260      20.00000
       9.97270      20.00000
       9.98290      20.00000
       9.99310      20.00000
      10.00320      20.00000
      10.01340      20.00000
      10.02360      20.00000
      10.03370      20.00000
      10.04390      20.00000
      10.05410      20.00000
      10.06420      20.00000
      10.07440      20.00000
      10.08450      20.00000
      10.09470      20.00000
      10.10490      20.00000
      10.11500      20.00000
      10.12520      20.00000
      10.13540      20.00000
      10.14550      20.00000
      10.15570      20.00000
      10.16590      20.00000
      10.17600      20.00000
      10.18620      20.00000
      10.19640      20.00000
      10.20650      20.00000
      10.21670      20.00000
      10.22690      20.00000
      10.23700      20.00000
      10.24720      20.00000
      10.25730      20.00000
      10.26750      20.00000
      10.27770      20.00000
      10.28780      20.00000
      10.29800      20.00000
      10.30820      20.00000
      10.31830      20.00000
      10.32850      20.00000
      10.33870      20.00000
      10.34880      20.00000
      10.35900      20.00000
      10.36920      20.00000
      10.37930      20.00000
      10.38950      20.00000
      10.39960      20.00000
      10.40980      20.00000
      10.42000      20.00000
      10.43010      20.00000
      10.44030      20.00000
      10.45050      20.00000
      10.46060      20.00000
      10.47080      20.00000
      10.48100      20.00000
      10.49110      20.00000
      10.50130      20.00000
      10.51150      20.00000
      10.52160      20.00000
      10.53180      20.00000
      10.54200      20.00000
      10.55210      20.00000
      10.56230      20.00000
      10.57240      20.00000
      10.58260      20.00000
      10.59280      20.00000
      10.60290      20.00000
      10.61310      20.00000
      10.62330      20.00000
      10.63340      20.00000
      10.64360      20.00000
      10.65380      20.00000
      10.66390      20.00000
      10.67410      20.00000
      10.68430      20.00000
      10.69440      20.00000
      10.70460      20.00000
      10.71470      20.00000
      10.72490      20.00000
      10.73510      20.00000
      10.74520      20.00000
      10.75540      20.00000
      10.76560      20.00000
      10.77570      20.00000
      10.78590      20.00000
      10.79610      20.00000
      10.80620      20.00000
      10.81640      20.00000
      10.82660      20.00000
      10.83670      20.00000
      10.84690      20.00000
      10.85710      20.00000
      10.86720      20.00000
      10.87740      20.00000
      10.88750      20.00000
      10.89770      20.00000
      10.90790      20.00000
      10.91800      20.00000
      10.92820      20.00000
      10.93840      20.00000
      10.94850      20.00000
      10.95870      20.00000
      10.96890      20.00000
      10.97900      20.00000
      10.98920      20.00000
      10.99940      20.00000
      11.00950      20.00000
      11.01970      20.00000
      11.02980      20.00000
      11.04000      20.00000
      11.05020      20.00000
      11.06030      20.00000
      11.07050      20.00000
      11.08070      20.00000
      11.09080      20.00000
      11.10100      20.00000
      11.11120      20.00000
      11.12130      20.00000
      11.13150      20.00000
      11.14170      20.00000
      11.15180      20.00000
      11.16200      20.00000
      11.17220      20.00000
      11.18230      20.00000
      11.19250      20.00000
      11.20260      20.00000
      11.21280      20.00000
      11.22300      20.00000
      11.23310      20.00000
      11.24330      20.00000
      11.25350      20.00000
      11.26360      20.00000
      11.27380      20.00000
      11.28400      20.00000
      11.29410      20.00000
      11.30430      20.00000
      11.31450      20.00000
      11.32460      20.00000
      11.33480      20.02866
      11.34490      20.02869
      11.35510      20.02873
      11.36530      20.02876
      11.37540      20.02880
      11.38560      20.02883
      11.39580      20.02886
      11.40590      20.02890
      11.41610      20.02893
      11.42630      20.02897
      11.43640      20.02900
      11.44660      20.02904
      11.45680      20.02907
      11.46690      20.02910
      11.47710      20.02914
      11.48730      20.02917
      11.49740      20.02921
      11.50760      20.02924
      11.51770      20.02928
      11.52790      20.02931
      11.53810      20.02935
      11.54820      20.02938
      11.55840      20.02942
      11.56860      20.02945
      11.57870      20.02949
      11.58890      20.02952
      11.59910      20.02956
      11.60920      20.02959
      11.61940      20.02963
      11.62960      20.02966
      11.63970      20.02970
      11.64990      20.02974
      11.66000      20.02977
      11.67020      20.02981
      11.68040      20.02984
      11.69050      20.02988
      11.70070      20.02991
      11.71090      20.02995
      11.72100      20.02999
      11.73120      20.03002
      11.74140      20.03006
      11.75150      20.03010
      11.76170      20.03013
      11.77190      20.03017
      11.78200      20.03020
      11.79220      20.03024
      11.80230      20.03028
      11.81250      20.03032
      11.82270      20.03035
      11.83280      20.03039
      11.84300      20.03043
      11.85320      20.03046
      11.86330      20.03050
      11.87350      20.03054
      11.88370      20.03057
      11.89380      20.03061
      11.90400      20.03065
      11.91420      20.03069
      11.92430      20.03072
      11.93450      20.03076
      11.94470      20.03080
      11.95480      20.03084
      11.96500      20.03087
      11.97510      20.03091
      11.98530      20.03095
      11.99550      20.03099
      12.00560      20.03102
      12.01580      20.03106
      12.02600      20.03110
      12.03610      20.03114
      12.04630      20.03118
      12.05650      20.03122
      12.06660      20.03125
      12.07680      20.03129
      12.08700      20.03133
      12.09710      20.03137
      12.10730      20.03141
      12.11740      20.03145
      12.12760      20.03149
      12.13780      20.03152
      12.14790      20.03156
      12.15810      20.03160
      12.16830      20.03164
      12.17840      20.03168
      12.18860      20.03172
      12.19880      20.03176
      12.20890      20.03180
      12.21910      20.03184
      12.22930      20.03188
      12.23940      20.03192
      12.24960      20.03196
      12.25980      20.03200
      12.26990      20.03204
      12.28010      20.03208
      12.29020      20.03212
      12.30040      20.03216
      12.31060      20.03220
      12.32070      20.03224
      12.33090      20.03228
      12.34110      20.03232
      12.35120      20.03236
      12.36140      20.03240
      12.37160      20.03244
      12.38170      20.03248
      12.39190      20.03252
      12.40210      20.03256
      12.41220      20.03260
      12.42240      20.03264
      12.43250      20.03269
      12.44270      20.03273
      12.45290      20.03277
      12.46300      20.03281
      12.47320      20.03285
      12.48340      20.03289
      12.49350      20.03293
      12.50370      20.03298
      12.51390      20.03302
      12.52400      20.03306
      12.53420      20.03310
      12.54440      20.03314
      12.55450      20.03318
      12.56470      20.03323
      12.57490      20.03327
      12.58500      20.03331
      12.59520      20.03335
      12.60530      20.03340
      12.61550      20.03344
      12.62570      20.03348
      12.63580      20.03352
      12.64600      20.03357
      12.65620      20.03361
      12.66630      20.03365
      12.67650      20.03370
      12.68670      20.03374
      12.69680      20.03378
      12.70700      20.03382
      12.71720      20.03387
      12.72730      20.03391
      12.73750      20.03395
      12.74760      20.03400
      12.75780      20.03404
      12.76800      20.03409
      12.77810      20.03413
      12.78830      20.03417
      12.79850      20.03422
      12.80860      20.03426
      12.81880      20.03431
      12.82900      20.03435
      12.83910      20.03439
      12.84930      20.03444
      12.85950      20.03448
      12.86960      20.03453
      12.87980      20.03457
      12.89000      20.03462
      12.90010      20.03466
      12.91030      20.03471
      12.92040      20.03475
      12.93060      20.03480
      12.94080      20.03484
      12.95090      20.03489
      12.96110      20.03493
      12.97130      20.03498
      12.98140      20.03502
      12.99160      20.03507
      13.00180      20.03512
      13.01190      20.03516
      13.02210      20.03521
      13.03230      20.03525
      13.04240      20.03530
      13.05260      20.03535
      13.06270      20.03539
      13.07290      20.03544
      13.08310      20.03548
      13.09320      20.03553
      13.10340      20.03558
      13.11360      20.03562
      13.12370      20.03567
      13.13390      20.03572
      13.14410      20.03576
      13.15420      20.03581
      13.16440      20.03586
      13.17460      20.03591
      13.18470      20.03595
      13.19490      20.03600
      13.20510      20.03605
      13.21520      20.03610
      13.22540      20.03614
      13.23550      20.03619
      13.24570      20.03624
      13.25590      20.03629
      13.26600      20.03633
      13.27620      20.03638
      13.28640      20.03643
      13.29650      20.03648
      13.30670      20.03653
      13.31690      20.03658
      13.32700      20.03663
      13.33720      20.03668
      13.34740      20.03672
      13.35750      20.03677
      13.36770      20.03682
      13.37780      20.03687
      13.38800      20.03692
      13.39820      20.03697
      13.40830      20.03702
      13.41850      20.03707
      13.42870      20.03712
      13.43880      20.03717
      13.44900      20.03722
      13.45920      20.03727
      13.46930      20.03732
      13.47950      20.03737
      13.48970      20.03742
      13.49980      20.03747
      13.51000      20.03752
      13.52010      20.03757
      13.53030      20.03762
      13.54050      20.03767
      13.55060      20.03772
      13.56080      20.03778
      13.57100      20.03783
      13.58110      20.03788
      13.59130      20.03793
      13.60150      20.03798
      13.61160      20.03803
      13.62180      20.03808
      13.63200      20.03814
      13.64210      20.03819
      13.65230      20.03824
      13.66250      20.03829
      13.67260      20.03834
      13.68280      20.03839
      13.69290      20.03845
      13.70310      20.03850
      13.71330      20.03855
      13.72340      20.03860
      13.73360      20.03866
      13.74380      20.03871
      13.75390      20.03876
      13.76410      20.03882
      13.77430      20.03887
      13.78440      20.03892
      13.79460      20.03898
      13.80480      20.03903
      13.81490      20.03908
      13.82510      20.03914
      13.83520      20.03919
      13.84540      20.03925
      13.85560      20.03930
      13.86570      20.03935
      13.87590      20.03941
      13.88610      20.03946
      13.89620      20.03952
      13.90640      20.03957
      13.91660      20.03963
      13.92670      20.03968
      13.93690      20.03974
      13.94710      20.03979
      13.95720      20.03985
      13.96740      20.03990
      13.97760      20.03996
      13.98770      20.04001
      13.99790      20.04007
      14.00800      20.04012
      14.01820      20.04018
      14.02840      20.04024
      14.03850      20.04029
      14.04870      20.04035
      14.05890      20.04041
      14.06900      20.04046
      14.07920      20.04052
      14.08940      20.04058
      14.09950      20.04063
      14.10970      20.04069
      14.11990      20.04075
      14.13000      20.04081
      14.14020      20.04086
      14.15030      20.04092
      14.16050      20.04098
      14.17070      20.04103
      14.18080      20.04109
      14.19100      20.04115
      14.20120      20.04121
      14.21130      20.04127
      14.22150      20.04133
      14.23170      20.04138
      14.24180      20.04144
      14.25200      20.04150
      14.26220      20.04156
      14.27230      20.04162
      14.28250      20.04168
      14.29270      20.04174
      14.30280      20.04180
      14.31300      20.04186
      14.32310      20.04192
      14.33330      20.04198
      14.34350      20.04204
      14.35360      20.04210
      14.36380      20.04216
      14.37400      20.04222
      14.38410      20.04228
      14.39430      20.04234
      14.40450      20.04240
      14.41460      20.04246
      14.42480      20.04252
      14.43500      20.04258
      14.44510      20.04264
      14.45530      20.04270
      14.46540      20.04276
      14.47560      20.04283
      14.48580      20.04289
      14.49590      20.04295
      14.50610      20.04301
      14.51630      20.04307
      14.52640      20.04314
      14.53660      20.04320
      14.54680      20.04326
      14.55690      20.04332
      14.56710      20.04339
      14.57730      20.04345
      14.58740      20.04351
      14.59760      20.04358
      14.60780      20.04364
      14.61790      20.04370
      14.62810      20.04377
      14.63820      20.04383
      14.64840      20.04389
      14.65860      20.04396
      14.66870      20.04402
      14.67890      20.04409
      14.68910      20.04415
      14.69920      20.04421
      14.70940      20.04428
      14.71960      20.04435
      14.72970      20.04441
      14.73990      20.04448
      14.75010      20.04454
      14.76020      20.04461
      14.77040      20.04467
      14.78050      20.04474
      14.79070      20.04480
      14.80090      20.04487
      14.81100      20.04494
      14.82120      20.04500
      14.83140      20.04507
      14.84150      20.04513
      14.85170      20.04520
      14.86190      20.04527
      14.87200      20.04534
      14.88220      20.04540
      14.89240      20.04547
      14.90250      20.04554
      14.91270      20.04560
      14.92290      20.04567
      14.93300      20.04574
      14.94320      20.04581
      14.95330      20.04588
      14.96350      20.04595
      14.97370      20.04601
      14.98380      20.04608
      14.99400      20.04615
      15.00420      20.04622
      15.01430      20.04629
      15.02450      20.04636
      15.03470      20.04643
      15.04480      20.04650
      15.05500      20.04657
      15.06520      20.04664
      15.07530      20.04671
      15.08550      20.04678
      15.09560      20.04685
      15.10580      20.04692
      15.11600      20.04699
      15.12610      20.04706
      15.13630      20.04713
      15.14650      20.04720
      15.15660      20.04727
      15.16680      20.04735
      15.17700      20.04742
      15.18710      20.04749
      15.19730      20.04756
      15.20750      20.04763
      15.21760      20.04771
      15.22780      20.04778
      15.23800      20.04785
      15.24810      20.04792
      15.25830      20.04800
      15.26840      20.04807
      15.27860      20.04814
      15.28880      20.04822
      15.29890      20.04829
      15.30910      20.04836
      15.31930      20.04844
      15.32940      20.04851
      15.33960      20.04859
      15.34980      20.04866
      15.35990      20.04874
      15.37010      20.04881
      15.38030      20.04889
      15.39040      20.04896
      15.40060      20.04904
      15.41070      20.04911
      15.42090      20.04919
      15.43110      20.04926
      15.44120      20.04934
      15.45140      20.04942
      15.46160      20.04949
      15.47170      20.04957
      15.48190      20.04965
      15.49210      20.04972
      15.50220      20.04980
      15.51240      20.04988
      15.52260      20.04996
      15.53270      20.05003
      15.54290      20.05011
      15.55300      20.05019
      15.56320      20.05027
      15.57340      20.05035
      15.58350      20.05042
      15.59370      20.05050
      15.60390      20.05058
      15.61400      20.05066
      15.62420      20.05074
      15.63440      20.05082
      15.64450      20.05090
      15.65470      20.05098
      15.66490      20.05106
      15.67500      20.05114
      15.68520      20.05122
      15.69540      20.05130
      15.70550      20.05138
      15.71570      20.05147
      15.72580      20.05155
      15.73600      20.05163
      15.74620      20.05171
      15.75630      20.05179
      15.76650      20.05187
      15.77670      20.05196
      15.78680      20.05204
      15.79700      20.05212
      15.80720      20.05220
      15.81730      20.05229
      15.82750      20.05237
      15.83770      20.05245
      15.84780      20.05254
      15.85800      20.05262
      15.86810      20.05270
      15.87830      20.05279
      15.88850      20.05287
      15.89860      20.05296
      15.90880      20.05304
      15.91900      20.05313
      15.92910      20.05321
      15.93930      20.05330
      15.94950      20.05338
      15.95960      20.05347
      15.96980      20.05356
      15.98000      20.05364
      15.99010      20.05373
      16.00030      20.05382
      16.01050      20.05390
      16.02060      20.05399
      16.03080      20.05408
      16.04090      20.05416
      16.05110      20.05425
      16.06130      20.05434
      16.07140      20.05443
      16.08160      20.05452
      16.09180      20.05461
      16.10190      20.05469
      16.11210      20.05478
      16.12230      20.05487
      16.13240      20.05496
      16.14260      20.05505
      16.15280      20.05514
      16.16290      20.05523
      16.17310      20.05532
      16.18320      20.05541
      16.19340      20.05550
      16.20360      20.05560
      16.21370      20.05569
      16.22390      20.05578
      16.23410      20.05587
      16.24420      20.05596
      16.25440      20.05605
      16.26460      20.05614
      16.27470      20.05624
      16.28490      20.05633
      16.29510      20.05642
      16.30520      20.05652
      16.31540      20.05661
      16.32560      20.05671
      16.33570      20.05680
      16.34590      20.05689
      16.35600      20.05699
      16.36620      20.05708
      16.37640      20.05718
      16.38650      20.05727
      16.39670      20.05737
      16.40690      20.05746
      16.41700      20.05756
      16.42720      20.05766
      16.43740      20.05775
      16.44750      20.05785
      16.45770      20.05795
      16.46790      20.05804
      16.47800      20.05814
      16.48820      20.05824
      16.49830      20.05833
      16.50850      20.05843
      16.51870      20.05853
      16.52880      20.05863
      16.53900      20.05873
      16.54920      20.05883
      16.55930      20.05893
      16.56950      20.05903
      16.57970      20.05913
      16.58980      20.05923
      16.60000      20.05933
      16.61020      20.05943
      16.62030      20.05953
      16.63050      20.05963
      16.64070      20.05973
      16.65080      20.05983
      16.66100      20.05993
      16.67110      20.06004
      16.68130      20.06014
      16.69150      20.06024
      16.70160      20.06034
      16.71180      20.06045
      16.72200      20.06055
      16.73210      20.06065
      16.74230      20.06076
      16.75250      20.06086
      16.76260      20.06097
      16.77280      20.06107
      16.78300      20.06118
      16.79310      20.06128
      16.80330      20.06139
      16.81340      20.06149
      16.82360      20.06160
      16.83380      20.06171
      16.84390      20.06181
      16.85410      20.06192
      16.86430      20.06203
      16.87440      20.06213
      16.88460      20.06224
      16.89480      20.06235
      16.90490      20.06246
      16.91510      20.06257
      16.92530      20.06268
      16.93540      20.06278
      16.94560      20.06289
      16.95580      20.06301
      16.96590      20.06311
      16.97610      20.06322
      16.98620      20.06334
      16.99640      20.06345
      17.00660      20.06356
      17.01670      20.06367
      17.02690      20.06378
      17.03710      20.06389
      17.04720      20.06400
      17.05740      20.06412
      17.06760      20.06423
      17.07770      20.06434
      17.08790      20.06446
      17.09810      20.06457
      17.10820      20.06469
      17.11840      20.06480
      17.12850      20.06491
      17.13870      20.06503
      17.14890      20.06515
      17.15900      20.06526
      17.16920      20.06538
      17.17940      20.06549
      17.18950      20.06561
      17.19970      20.06573
      17.20990      20.06585
      17.22000      20.06596
      17.23020      20.06608
      17.24040      20.06620
      17.25050      20.06632
      17.26070      20.06644
      17.27090      20.06656
      17.28100      20.06667
      17.29120      20.06680
      17.30130      20.06691
      17.31150      20.06703
      17.32170      20.06716
      17.33180      20.06728
      17.34200      20.06740
      17.35220      20.06752
      17.36230      20.06764
      17.37250      20.06776
      17.38270      20.06789
      17.39280      20.06801
      17.40300      20.06813
      17.41320      20.06826
      17.42330      20.06838
      17.43350      20.06851
      17.44360      20.06863
      17.45380      20.06876
      17.46400      20.06888
      17.47410      20.06901
      17.48430      20.06913
      17.49450      20.06926
      17.50460      20.06939
      17.51480      20.06951
      17.52500      20.06964
      17.53510      20.06977
      17.54530      20.06990
      17.55550      20.07003
      17.56560      20.07015
      17.57580      20.07028
      17.58590      20.07041
      17.59610      20.07054
      17.60630      20.07067
      17.61640      20.07080
      17.62660      20.07094
      17.63680      20.07107
      17.64690      20.07120
      17.65710      20.07133
      17.66730      20.07146
      17.67740      20.07160
      17.68760      20.07173
      17.69780      20.07187
      17.70790      20.07200
      17.71810      20.07213
      17.72830      20.07227
      17.73840      20.07240
      17.74860      20.07254
      17.75870      20.07267
      17.76890      20.07281
      17.77910      20.07295
      17.78920      20.07308
      17.79940      20.07322
      17.80960      20.07336
      17.81970      20.07350
      17.82990      20.07364
      17.84010      20.07378
      17.85020      20.07392
      17.86040      20.07405
      17.87060      20.07420
      17.88070      20.07434
      17.89090      20.07448
      17.90100      20.07462
      17.91120      20.07476
      17.92140      20.07490
      17.93150      20.07504
      17.94170      20.07519
      17.95190      20.07533
      17.96200      20.07548
      17.97220      20.07562
      17.98240      20.07577
      17.99250      20.07591
      18.00270      20.07606
      18.01290      20.07620
      18.02300      20.07635
      18.03320      20.07649
      18.04340      20.07664
      18.05350      20.07679
      18.06370      20.07694
      18.07380      20.07709
      18.08400      20.07723
      18.09420      20.07738
      18.10430      20.07753
      18.11450      20.07768
      18.12470      20.07784
      18.13480      20.07799
      18.14500      20.07814
      18.15520      20.07829
      18.16530      20.07844
      18.17550      20.07859
      18.18570      20.07875
      18.19580      20.07890
      18.20600      20.07906
      18.21610      20.07921
      18.22630      20.07936
      18.23650      20.07952
      18.24660      20.07968
      18.25680      20.07983
      18.26700      20.07999
      18.27710      20.08015
      18.28730      20.08031
      18.29750      20.08046
      18.30760      20.08062
      18.31780      20.08078
      18.32800      20.08094
      18.33810      20.08110
      18.34830      20.08126
      18.35850      20.08142
      18.36860      20.08158
      18.37880      20.08175
      18.38890      20.08191
      18.39910      20.08207
      18.40930      20.08224
      18.41940      20.08240
      18.42960      20.08257
      18.43980      20.08273
      18.44990      20.08290
      18.46010      20.08306
      18.47030      20.08323
      18.48040      20.08340
      18.49060      20.08356
      18.50080      20.08373
      18.51090      20.08390
      18.52110      20.08407
      18.53120      20.08424
      18.54140      20.08441
      18.55160      20.08458
      18.56170      20.08475
      18.57190      20.08492
      18.58210      20.08509
      18.59220      20.08527
      18.60240      20.08544
      18.61260      20.08562
      18.62270      20.08579
      18.63290      20.08596
      18.64310      20.08614
      18.65320      20.08631
      18.66340      20.08649
      18.67360      20.08667
      18.68370      20.08685
      18.69390      20.08702
      18.70400      20.08720
      18.71420      20.08738
      18.72440      20.08756
      18.73450      20.08774
      18.74470      20.08792
      18.75490      20.08810
      18.76500      20.08828
      18.77520      20.08847
      18.78540      20.08865
      18.79550      20.08883
      18.80570      20.08902
      18.81590      20.08920
      18.82600      20.08939
      18.83620      20.08957
      18.84630      20.08976
      18.85650      20.08995
      18.86670      20.09014
      18.87680      20.09032
      18.88700      20.09051
      18.89720      20.09070
      18.90730      20.09089
      18.91750      20.09108
      18.92770      20.09127
      18.93780      20.09146
      18.94800      20.09166
      18.95820      20.09185
      18.96830      20.09204
      18.97850      20.09224
      18.98870      20.09243
      18.99880      20.09263
      19.00900      20.09282
      19.01910      20.09302
      19.02930      20.09322
      19.03950      20.09342
      19.04960      20.09361
      19.05980      20.09381
      19.07000      20.09402
      19.08010      20.09422
      19.09030      20.09442
      19.10050      20.09462
      19.11060      20.09482
      19.12080      20.09502
      19.13100      20.09523
      19.14110      20.09543
      19.15130      20.09564
      19.16140      20.09584
      19.17160      20.09605
      19.18180      20.09626
      19.19190      20.09646
      19.20210      20.09667
      19.21230      20.09688
      19.22240      20.09709
      19.23260      20.09730
      19.24280      20.09751
      19.25290      20.09772
      19.26310      20.09794
      19.27330      20.09815
      19.28340      20.09836
      19.29360      20.09858
      19.30380      20.09879
      19.31390      20.09901
      19.32410      20.09923
      19.33420      20.09944
      19.34440      20.09966
      19.35460      20.09988
      19.36470      20.10010
      19.37490      20.10032
      19.38510      20.10054
      19.39520      20.10076
      19.40540      20.10098
      19.41560      20.10121
      19.42570      20.10143
      19.43590      20.10166
      19.44610      20.10188
      19.45620      20.10211
      19.46640      20.10234
      19.47650      20.10256
      19.48670      20.10279
      19.49690      20.10302
      19.50700      20.10325
      19.51720      20.10348
      19.52740      20.10371
      19.53750      20.10394
      19.54770      20.10418
      19.55790      20.10441
      19.56800      20.10465
      19.57820      20.10488
      19.58840      20.10512
      19.59850      20.10535
      19.60870      20.10559
      19.61880      20.10583
      19.62900      20.10607
      19.63920      20.10631
      19.64930      20.10655
      19.65950      20.10679
      19.66970      20.10704
      19.67980      20.10728
      19.69000      20.10752
      19.70020      20.10777
      19.71030      20.10802
      19.72050      20.10826
      19.73070      20.10851
      19.74080      20.10876
      19.75100      20.10901
      19.76120      20.10926
      19.77130      20.10951
      19.78150      20.10976
      19.79160      20.11001
      19.80180      20.11027
      19.81200      20.11052
      19.82210      20.11078
      19.83230      20.11103
      19.84250      20.11129
      19.85260      20.11155
      19.86280      20.11181
      19.87300      20.11207
      19.88310      20.11233
      19.89330      20.11259
      19.90350      20.11286
      19.91360      20.11312
      19.92380      20.11338
      19.93390      20.11365
      19.94410      20.11391
      19.95430      20.11418
      19.96440      20.11445
      19.97460      20.11472
      19.98480      20.11499
      19.99490      20.11526
      20.00510      20.11553
      20.01530      20.11581
      20.02540      20.11608
      20.03560      20.11636
      20.04580      20.11663
      20.05590      20.11691
      20.06610      20.11719
      20.07630      20.11747
      20.08640      20.11774
      20.09660      20.11803
      20.10670      20.11831
      20.11690      20.11859
      20.12710      20.11888
      20.13720      20.11916
      20.14740      20.11945
      20.15760      20.11973
      20.16770      20.12002
      20.17790      20.12031
      20.18810      20.12060
      20.19820      20.12089
      20.20840      20.12118
      20.21860      20.12148
      20.22870      20.12177
      20.23890      20.12207
      20.24900      20.12236
      20.25920      20.12266
      20.26940      20.12296
      20.27950      20.12326
      20.28970      20.12356
      20.29990      20.12386
      20.31000      20.12416
      20.32020      20.12447
      20.33040      20.12477
      20.34050      20.12508
      20.35070      20.12539
      20.36090      20.12570
      20.37100      20.12601
      20.38120      20.12632
      20.39140      20.12663
      20.40150      20.12694
      20.41170      20.12726
      20.42180      20.12757
      20.43200      20.12789
      20.44220      20.12821
      20.45230      20.12852
      20.46250      20.12885
      20.47270      20.12917
      20.48280      20.12949
      20.49300      20.12981
      20.50320      20.13014
      20.51330      20.13046
      20.52350      20.13079
      20.53370      20.13112
      20.54380      20.13145
      20.55400      20.13178
      20.56410      20.13211
      20.57430      20.13245
      20.58450      20.13278
      20.59460      20.13312
      20.60480      20.13346
      20.61500      20.13380
      20.62510      20.13414
      20.63530      20.13448
      20.64550      20.13482
      20.65560      20.13516
      20.66580      20.13551
      20.67600      20.13586
      20.68610      20.13620
      20.69630      20.13655
      20.70650      20.13691
      20.71660      20.13726
      20.72680      20.13761
      20.73690      20.13796
      20.74710      20.13832
      20.75730      20.13868
      20.76740      20.13904
      20.77760      20.13940
      20.78780      20.13976
      20.79790      20.14012
      20.80810      20.14049
      20.81830      20.14085
      20.82840      20.14122
      20.83860      20.14159
      20.84880      20.14196
      20.85890      20.14233
      20.86910      20.14270
      20.87920      20.14308
      20.88940      20.14345
      20.89960      20.14383
      20.90970      20.14421
      20.91990      20.14459
      20.93010      20.14498
      20.94020      20.14536
      20.95040      20.14574
      20.96060      20.14613
      20.97070      20.14652
      20.98090      20.14691
      20.99110      20.14730
      21.00120      20.14769
      21.01140      20.14809
      21.02160      20.14848
      21.03170      20.14888
      21.04190      20.14928
      21.05200      20.14968
      21.06220      20.15008
      21.07240      20.15049
      21.08250      20.15089
      21.09270      20.15130
      21.10290      20.15171
      21.11300      20.15212
      21.12320      20.15253
      21.13340      20.15294
      21.14350      20.15336
      21.15370      20.15378
      21.16390      20.15420
      21.17400      20.15462
      21.18420      20.15504
      21.19430      20.15546
      21.20450      20.15589
      21.21470      20.15632
      21.22480      20.15674
      21.23500      20.15718
      21.24520      20.15761
      21.25530      20.15804
      21.26550      20.15848
      21.27570      20.15892
      21.28580      20.15936
      21.29600      20.15980
      21.30620      20.16025
      21.31630      20.16069
      21.32650      20.16114
      21.33660      20.16158
      21.34680      20.16204
      21.35700      20.16249
      21.36710      20.16294
      21.37730      20.16340
      21.38750      20.16386
      21.39760      20.16432
      21.40780      20.16478
      21.41800      20.16525
      21.42810      20.16571
      21.43830      20.16618
      21.44850      20.16666
      21.45860      20.16713
      21.46880      20.16760
      21.47900      20.16808
      21.48910      20.16855
      21.49930      20.16904
      21.50940      20.16952
      21.51960      20.17000
      21.52980      20.17049
      21.53990      20.17098
      21.55010      20.17147
      21.56030      20.17196
      21.57040      20.17246
      21.58060      20.17296
      21.59080      20.17346
      21.60090      20.17396
      21.61110      20.17446
      21.62130      20.17497
      21.63140      20.17547
      21.64160      20.17599
      21.65170      20.17650
      21.66190      20.17701
      21.67210      20.17753
      21.68220      20.17805
      21.69240      20.17857
      21.70260      20.17910
      21.71270      20.17962
      21.72290      20.18015
      21.73310      20.18068
      21.74320      20.18121
      21.75340      20.18175
      21.76360      20.18229
      21.77370      20.18283
      21.78390      20.18337
      21.79410      20.18392
      21.80420      20.18446
      21.81440      20.18501
      21.82450      20.18556
      21.83470      20.18612
      21.84490      20.18668
      21.85500      20.18724
      21.86520      20.18780
      21.87540      20.18837
      21.88550      20.18893
      21.89570      20.18950
      21.90590      20.19008
      21.91600      20.19065
      21.92620      20.19123
      21.93640      20.19181
      21.94650      20.19239
      21.95670      20.19298
      21.96680      20.19356
      21.97700      20.19416
      21.98720      20.19475
      21.99730      20.19534
      22.00750      20.19595
      22.01770      20.19655
      22.02780      20.19715
      22.03800      20.19776
      22.04820      20.19837
      22.05830      20.19898
      22.06850      20.19960
      22.07870      20.20022
      22.08880      20.20084
      22.09900      20.20147
      22.10920      20.20210
      22.11930      20.20272
      22.12950      20.20336
      22.13960      20.20399
      22.14980      20.20463
      22.16000      20.20528
      22.17010      20.20592
      22.18030      20.20657
      22.19050      20.20722
      22.20060      20.20787
      22.21080      20.20853
      22.22100      20.20920
      22.23110      20.20986
      22.24130      20.21053
      22.25150      20.21120
      22.26160      20.21187
      22.27180      20.21255
      22.28190      20.21322
      22.29210      20.21391
      22.30230      20.21460
      22.31240      20.21528
      22.32260      20.21598
      22.33280      20.21668
      22.34290      20.21737
      22.35310      20.21808
      22.36330      20.21879
      22.37340      20.21949
      22.38360      20.22021
      22.39380      20.22093
      22.40390      20.22164
      22.41410      20.22237
      22.42430      20.22310
      22.43440      20.22382
      22.44460      20.22456
      22.45470      20.22529
      22.46490      20.22604
      22.47510      20.22679
      22.48520      20.22753
      22.49540      20.22829
      22.50560      20.22905
      22.51570      20.22980
      22.52590      20.23057
      22.53610      20.23134
      22.54620      20.23211
      22.55640      20.23288
      22.56660      20.23367
      22.57670      20.23444
      22.58690      20.23523
      22.59700      20.23602
      22.60720      20.23682
      22.61740      20.23762
      22.62750      20.23842
      22.63770      20.23923
      22.64790      20.24004
      22.65800      20.24085
      22.66820      20.24167
      22.67840      20.24250
      22.68850      20.24332
      22.69870      20.24416
      22.70890      20.24500
      22.71900      20.24583
      22.72920      20.24668
      22.73940      20.24753
      22.74950      20.24838
      22.75970      20.24924
      22.76980      20.25010
      22.78000      20.25097
      22.79020      20.25184
      22.80030      20.25272
      22.81050      20.25360
      22.82070      20.25449
      22.83080      20.25537
      22.84100      20.25627
      22.85120      20.25717
      22.86130      20.25807
      22.87150      20.25898
      22.88170      20.25990
      22.89180      20.26081
      22.90200      20.26174
      22.91210      20.26266
      22.92230      20.26360
      22.93250      20.26454
      22.94260      20.26547
      22.95280      20.26642
      22.96300      20.26738
      22.97310      20.26833
      22.98330      20.26930
      22.99350      20.27027
      23.00360      20.27124
      23.01380      20.27222
      23.02400      20.27321
      23.03410      20.27419
      23.04430      20.27519
      23.05450      20.27619
      23.06460      20.27719
      23.07480      20.27821
      23.08490      20.27922
      23.09510      20.28024
      23.10530      20.28127
      23.11540      20.28230
      23.12560      20.28334
      23.13580      20.28439
      23.14590      20.28543
      23.15610      20.28650
      23.16630      20.28756
      23.17640      20.28862
      23.18660      20.28970
      23.19680      20.29078
      23.20690      20.29186
      23.21710      20.29296
      23.22720      20.29405
      23.23740      20.29516
      23.24760      20.29627
      23.25770      20.29738
      23.26790      20.29851
      23.27810      20.29964
      23.28820      20.30077
      23.29840      20.30192
      23.30860      20.30307
      23.31870      20.30422
      23.32890      20.30538
      23.33910      20.30655
      23.34920      20.30772
      23.35940      20.30891
      23.36950      20.31009
      23.37970      20.31129
      23.38990      20.31249
      23.40000      20.31370
      23.41020      20.31492
      23.42040      20.31614
      23.43050      20.31737
      23.44070      20.31861
      23.45090      20.31986
      23.46100      20.32110
      23.47120      20.32236
      23.48140      20.32364
      23.49150      20.32490
      23.50170      20.32619
      23.51190      20.32748
      23.52200      20.32877
      23.53220      20.33008
      23.54230      20.33138
      23.55250      20.33271
      23.56270      20.33404
      23.57280      20.33537
      23.58300      20.33671
      23.59320      20.33807
      23.60330      20.33942
      23.61350      20.34079
      23.62370      20.34217
      23.63380      20.34355
      23.64400      20.34495
      23.65420      20.34635
      23.66430      20.34776
      23.67450      20.34918
      23.68460      20.35060
      23.69480      20.35204
      23.70500      20.35349
      23.71510      20.35493
      23.72530      20.35640
      23.73550      20.35787
      23.74560      20.35934
      23.75580      20.36084
      23.76600      20.36234
      23.77610      20.36384
      23.78630      20.36536
      23.79650      20.36690
      23.80660      20.36842
      23.81680      20.36997
      23.82700      20.37153
      23.83710      20.37309
      23.84730      20.37467
      23.85740      20.37625
      23.86760      20.37785
      23.87780      20.37946
      23.88790      20.38106
      23.89810      20.38269
      23.90830      20.38433
      23.91840      20.38597
      23.92860      20.38763
      23.93880      20.38931
      23.94890      20.39097
      23.95910      20.39267
      23.96930      20.39437
      23.97940      20.39607
      23.98960      20.39780
      23.99970      20.39952
      24.00990      20.40128
      24.02010      20.40304
      24.03020      20.40479
      24.04040      20.40658
      24.05060      20.40837
      24.06070      20.41016
      24.07090      20.41199
      24.08110      20.41382
      24.09120      20.41564
      24.10140      20.41750
      24.11160      20.41937
      24.12170      20.42123
      24.13190      20.42313
      24.14210      20.42503
      24.15220      20.42693
      24.16240      20.42887
      24.17250      20.43079
      24.18270      20.43275
      24.19290      20.43472
      24.20300      20.43669
      24.21320      20.43869
      24.22340      20.44070
      24.23350      20.44270
      24.24370      20.44474
      24.25390      20.44680
      24.26400      20.44884
      24.27420      20.45093
      24.28440      20.45302
      24.29450      20.45511
      24.30470      20.45724
      24.31480      20.45936
      24.32500      20.46151
      24.33520      20.46368
      24.34530      20.46585
      24.35550      20.46804
      24.36570      20.47026
      24.37580      20.47247
      24.38600      20.47472
      24.39620      20.47698
      24.40630      20.47924
      24.41650      20.48153
      24.42670      20.48384
      24.43680      20.48615
      24.44700      20.48849
      24.45720      20.49085
      24.46730      20.49321
      24.47750      20.49560
      24.48760      20.49799
      24.49780      20.50042
      24.50800      20.50287
      24.51810      20.50531
      24.52830      20.50779
      24.53850      20.51029
      24.54860      20.51279
      24.55880      20.51533
      24.56900      20.51789
      24.57910      20.52044
      24.58930      20.52303
      24.59950      20.52564
      24.60960      20.52825
      24.61980      20.53090
      24.62990      20.53355
      24.64010      20.53624
      24.65030      20.53895
      24.66040      20.54166
      24.67060      20.54441
      24.68080      20.54719
      24.69090      20.54996
      24.70110      20.55277
      24.71130      20.55561
      24.72140      20.55844
      24.73160      20.56132
      24.74180      20.56422
      24.75190      20.56712
      24.76210      20.57007
      24.77230      20.57304
      24.78240      20.57600
      24.79260      20.57902
      24.80270      20.58203
      24.81290      20.58509
      24.82310      20.58818
      24.83320      20.59126
      24.84340      20.59440
      24.85360      20.59756
      24.86370      20.60072
      24.87390      20.60393
      24.88410      20.60716
      24.89420      20.61039
      24.90440      20.61368
      24.91460      20.61699
      24.92470      20.62030
      24.93490      20.62367
      24.94500      20.62703
      24.95520      20.63045
      24.96540      20.63390
      24.97550      20.63735
      24.98570      20.64085
      24.99590      20.64439
      25.00600      20.64791
      25.01620      20.65151
      25.02640      20.65513
      25.03650      20.65874
      25.04670      20.66243
      25.05690      20.66614
      25.06700      20.66984
      25.07720      20.67362
      25.08740      20.67742
      25.09750      20.68122
      25.10770      20.68509
      25.11780      20.68896
      25.12800      20.69289
      25.13820      20.69686
      25.14830      20.70082
      25.15850      20.70486
      25.16870      20.70893
      25.17880      20.71299
      25.18900      20.71713
      25.19920      20.72131
      25.20930      20.72548
      25.21950      20.72972
      25.22970      20.73401
      25.23980      20.73829
      25.25000      20.74265
      25.26010      20.74700
      25.27030      20.75144
      25.28050      20.75591
      25.29060      20.76038
      25.30080      20.76494
      25.31100      20.76953
      25.32110      20.77412
      25.33130      20.77880
      25.34150      20.78351
      25.35160      20.78823
      25.36180      20.79303
      25.37200      20.79788
      25.38210      20.80272
      25.39230      20.80765
      25.40240      20.81258
      25.41260      20.81761
      25.42280      20.82268
      25.43290      20.82774
      25.44310      20.83291
      25.45330      20.83812
      25.46340      20.84333
      25.47360      20.84863
      25.48380      20.85399
      25.49390      20.85935
      25.50410      20.86481
      25.51430      20.87031
      25.52440      20.87582
      25.53460      20.88143
      25.54480      20.88710
      25.55490      20.89277
      25.56510      20.89854
      25.57520      20.90431
      25.58540      20.91020
      25.59560      20.91614
      25.60570      20.92208
      25.61590      20.92814
      25.62610      20.93426
      25.63620      20.94038
      25.64640      20.94661
      25.65660      20.95291
      25.66670      20.95921
      25.67690      20.96563
      25.68710      20.97212
      25.69720      20.97861
      25.70740      20.98523
      25.71750      20.99184
      25.72770      20.99859
      25.73790      21.00541
      25.74800      21.01223
      25.75820      21.01919
      25.76840      21.02622
      25.77850      21.03325
      25.78870      21.04043
      25.79890      21.04768
      25.80900      21.05493
      25.81920      21.06233
      25.82940      21.06981
      25.83950      21.07730
      25.84970      21.08493
      25.85990      21.09265
      25.87000      21.10037
      25.88020      21.10826
      25.89030      21.11615
      25.90050      21.12420
      25.91070      21.13234
      25.92080      21.14049
      25.93100      21.14881
      25.94120      21.15723
      25.95130      21.16565
      25.96150      21.17425
      25.97170      21.18295
      25.98180      21.19166
      25.99200      21.20055
      26.00220      21.20955
      26.01230      21.21856
      26.02250      21.22776
      26.03260      21.23698
      26.04280      21.24640
      26.05300      21.25593
      26.06310      21.26548
      26.07330      21.27523
      26.08350      21.28510
      26.09360      21.29500
      26.10380      21.30511
      26.11400      21.31535
      26.12410      21.32561
      26.13430      21.33610
      26.14450      21.34673
      26.15460      21.35738
      26.16480      21.36827
      26.17500      21.37930
      26.18510      21.39037
      26.19530      21.40168
      26.20540      21.41304
      26.21560      21.42466
      26.22580      21.43643
      26.23590      21.44825
      26.24610      21.46034
      26.25630      21.47260
      26.26640      21.48490
      26.27660      21.49750
      26.28680      21.51028
      26.29690      21.52311
      26.30710      21.53626
      26.31730      21.54959
      26.32740      21.56299
      26.33760      21.57672
      26.34770      21.59052
      26.35790      21.60466
      26.36810      21.61902
      26.37820      21.63346
      26.38840      21.64827
      26.39860      21.66331
      26.40870      21.67844
      26.41890      21.69396
      26.42910      21.70973
      26.43920      21.72561
      26.44940      21.74191
      26.45960      21.75848
      26.46970      21.77517
      26.47990      21.79231
      26.49010      21.80975
      26.50020      21.82732
      26.51040      21.84538
      26.52050      21.86357
      26.53070      21.88228
      26.54090      21.90133
      26.55100      21.92055
      26.56120      21.94032
      26.57140      21.96046
      26.58150      21.98078
      26.59170      22.00170
      26.60190      22.02303
      26.61200      22.04456
      26.62220      22.06674
      26.63240      22.08936
      26.64250      22.11222
      26.65270      22.13577
      26.66280      22.15958
      26.67300      22.18412
      26.68320      22.20918
      26.69330      22.23452
      26.70350      22.26067
      26.71370      22.28737
      26.72380      22.31440
      26.73400      22.34229
      26.74420      22.37080
      26.75430      22.39967
      26.76450      22.42948
      26.77470      22.45997
      26.78480      22.49085
      26.79500      22.52275
      26.80520      22.55541
      26.81530      22.58849
      26.82550      22.62269
      26.83560      22.65735
      26.84580      22.69319
      26.85600      22.72990
      26.86610      22.76712
      26.87630      22.80562
      26.88650      22.84505
      26.89660      22.88506
      26.90680      22.92645
      26.91700      22.96888
      26.92710      23.01192
      26.93730      23.05648
      26.94750      23.10215
      26.95760      23.14850
      26.96780      23.19649
      26.97790      23.24520
      26.98810      23.29564
      26.99830      23.34736
      27.00840      23.39986
      27.01860      23.45424
      27.02880      23.50999
      27.03890      23.56662
      27.04910      23.62525
      27.05930      23.68538
      27.06940      23.74644
      27.07960      23.80967
      27.08980      23.87453
      27.09990      23.94038
      27.11010      24.00858
      27.12020      24.07781
      27.13040      24.14952
      27.14060      24.22305
      27.15070      24.29770
      27.16090      24.37499
      27.17110      24.45424
      27.18120      24.53467
      27.19140      24.61795
      27.20160      24.70330
      27.21170      24.78994
      27.22190      24.87960
      27.23210      24.97147
      27.24220      25.06470
      27.25240      25.16113
      27.26260      25.25995
      27.27270      25.36016
      27.28290      25.46383
      27.29300      25.56893
      27.30320      25.67762
      27.31340      25.78891
      27.32350      25.90169
      27.33370      26.01828
      27.34390      26.13761
      27.35400      26.25848
      27.36420      26.38338
      27.37440      26.51112
      27.38450      26.64051
      27.39470      26.77409
      27.40490      26.91069
      27.41500      27.04896
      27.42520      27.19162
      27.43530      27.33600
      27.44550      27.48491
      27.45570      27.63706
      27.46580      27.79088
      27.47600      27.94950
      27.48620      28.11144
      27.49630      28.27506
      27.50650      28.44369
      27.51670      28.61572
      27.52680      28.78943
      27.53700      28.96834
      27.54720      29.15071
      27.55730      29.33480
      27.56750      29.52420
      27.57770      29.71720
      27.58780      29.91182
      27.59800      30.11198
      27.60810      30.31375
      27.61830      30.52109
      27.62850      30.73211
      27.63860      30.94464
      27.64880      31.16295
      27.65900      31.38492
      27.66910      31.60831
      27.67930      31.83758
      27.68950      32.07051
      27.69960      32.30474
      27.70980      32.54495
      27.72000      32.78875
      27.73010      33.03379
      27.74030      33.28477
      27.75040      33.53689
      27.76060      33.79497
      27.77080      34.05662
      27.78090      34.31912
      27.79110      34.58769
      27.80130      34.85968
      27.81140      35.13229
      27.82160      35.41093
      27.83180      35.69285
      27.84190      35.97514
      27.85210      36.26339
      27.86230      36.55473
      27.87240      36.84616
      27.88260      37.14342
      27.89280      37.44350
      27.90290      37.74344
      27.91310      38.04894
      27.92320      38.35408
      27.93340      38.66464
      27.94360      38.97763
      27.95370      39.28975
      27.96390      39.60713
      27.97410      39.92653
      27.98420      40.24463
      27.99440      40.56765
      28.00460      40.89227
      28.01470      41.21511
      28.02490      41.54248
      28.03510      41.87096
      28.04520      42.19713
      28.05540      42.52734
      28.06550      42.85484
      28.07570      43.18601
      28.08590      43.51730
      28.09600      43.84540
      28.10620      44.17641
      28.11640      44.50700
      28.12650      44.83360
      28.13670      45.16251
      28.14690      45.49020
      28.15700      45.81319
      28.16720      46.13766
      28.17740      46.46011
      28.18750      46.77706
      28.19770      47.09459
      28.20790      47.40914
      28.21800      47.71751
      28.22820      48.02538
      28.23830      48.32638
      28.24850      48.62622
      28.25870      48.92146
      28.26880      49.20907
      28.27900      49.49425
      28.28920      49.77390
      28.29930      50.04493
      28.30950      50.31242
      28.31970      50.57325
      28.32980      50.82460
      28.34000      51.07112
      28.35020      51.30992
      28.36030      51.53839
      28.37050      51.76075
      28.38060      51.97226
      28.39080      52.17682
      28.40100      52.37189
      28.41110      52.55547
      28.42130      52.73080
      28.43150      52.89573
      28.44160      53.04855
      28.45180      53.19196
      28.46200      53.32418
      28.47210      53.44381
      28.48230      53.55302
      28.49250      53.65036
      28.50260      53.73484
      28.51280      53.80800
      28.52300      53.86880
      28.53310      53.91670
      28.54330      53.95256
      28.55340      53.97561
      28.56360      53.98626
      28.57380      53.98419
      28.58390      53.96962
      28.59410      53.94229
      28.60430      53.90234
      28.61440      53.85041
      28.62460      53.78559
      28.63480      53.70844
      28.64490      53.62006
      28.65510      53.51885
      28.66530      53.40582
      28.67540      53.28248
      28.68560      53.14659
      28.69570      53.00108
      28.70590      52.84331
      28.71610      52.67495
      28.72620      52.49812
      28.73640      52.30957
      28.74660      52.11140
      28.75670      51.90591
      28.76690      51.68948
      28.77710      51.46433
      28.78720      51.23318
      28.79740      50.99188
      28.80760      50.74292
      28.81770      50.48928
      28.82790      50.22625
      28.83810      49.95668
      28.84820      49.68370
      28.85840      49.40220
      28.86850      49.11810
      28.87870      48.82607
      28.88890      48.52926
      28.89900      48.23103
      28.90920      47.92574
      28.91940      47.61674
      28.92950      47.30730
      28.93970      46.99176
      28.94990      46.67336
      28.96000      46.35562
      28.97020      46.03249
      28.98040      45.70741
      28.99050      45.38392
      29.00070      45.05581
      29.01080      44.72982
      29.02100      44.39969
      29.03120      44.06892
      29.04130      43.74103
      29.05150      43.40968
      29.06170      43.07836
      29.07180      42.75057
      29.08200      42.41995
      29.09220      42.09004
      29.10230      41.76410
      29.11250      41.43602
      29.12270      41.10906
      29.13280      40.78667
      29.14300      40.46255
      29.15310      40.14327
      29.16330      39.82257
      29.17350      39.50382
      29.18360      39.19025
      29.19380      38.87572
      29.20400      38.56349
      29.21410      38.25673
      29.22430      37.94941
      29.23450      37.64471
      29.24460      37.34571
      29.25480      37.04650
      29.26500      36.75024
      29.27510      36.45972
      29.28530      36.16943
      29.29550      35.88219
      29.30560      35.60093
      29.31580      35.32007
      29.32590      35.04523
      29.33610      34.77097
      29.34630      34.50008
      29.35640      34.23527
      29.36660      33.97125
      29.37680      33.71074
      29.38690      33.45630
      29.39710      33.20285
      29.40730      32.95298
      29.41740      32.70915
      29.42760      32.46649
      29.43780      32.22751
      29.44790      31.99441
      29.45810      31.76271
      29.46820      31.53683
      29.47840      31.31242
      29.48860      31.09164
      29.49870      30.87666
      29.50890      30.66317
      29.51910      30.45334
      29.52920      30.24917
      29.53940      30.04657
      29.54960      29.84759
      29.55970      29.65412
      29.56990      29.46228
      29.58010      29.27404
      29.59020      29.09108
      29.60040      28.90981
      29.61060      28.73207
      29.62070      28.55943
      29.63090      28.38855
      29.64100      28.22264
      29.65120      28.05848
      29.66140      27.89762
      29.67150      27.74161
      29.68170      27.58729
      29.69190      27.43619
      29.70200      27.28973
      29.71220      27.14493
      29.72240      27.00325
      29.73250      26.86599
      29.74270      26.73037
      29.75290      26.59776
      29.76300      26.46931
      29.77320      26.34250
      29.78330      26.21972
      29.79350      26.09853
      29.80370      25.98012
      29.81380      25.86552
      29.82400      25.75247
      29.83420      25.64203
      29.84430      25.53523
      29.85450      25.42989
      29.86470      25.32703
      29.87480      25.22759
      29.88500      25.12955
      29.89520      25.03385
      29.90530      24.94137
      29.91550      24.85022
      29.92570      24.76129
      29.93580      24.67534
      29.94600      24.59068
      29.95610      24.50886
      29.96630      24.42828
      29.97650      24.34967
      29.98660      24.27374
      29.99680      24.19897
      30.00700      24.12603
      30.01710      24.05561
      30.02730      23.98624
      30.03750      23.91859
      30.04760      23.85328
      30.05780      23.78896
      30.06800      23.72624
      30.07810      23.66568
      30.08830      23.60603
      30.09840      23.54845
      30.10860      23.49173
      30.11880      23.43643
      30.12890      23.38301
      30.13910      23.33042
      30.14930      23.27912
      30.15940      23.22957
      30.16960      23.18077
      30.17980      23.13317
      30.18990      23.08719
      30.20010      23.04189
      30.21030      22.99769
      30.22040      22.95498
      30.23060      22.91290
      30.24080      22.87183
      30.25090      22.83214
      30.26110      22.79300
      30.27120      22.75518
      30.28140      22.71787
      30.29160      22.68146
      30.30170      22.64623
      30.31190      22.61149
      30.32210      22.57755
      30.33220      22.54472
      30.34240      22.51231
      30.35260      22.48064
      30.36270      22.44999
      30.37290      22.41972
      30.38310      22.39013
      30.39320      22.36147
      30.40340      22.33316
      30.41350      22.30574
      30.42370      22.27863
      30.43390      22.25211
      30.44400      22.22640
      30.45420      22.20098
      30.46440      22.17609
      30.47450      22.15195
      30.48470      22.12807
      30.49490      22.10467
      30.50500      22.08196
      30.51520      22.05948
      30.52540      22.03745
      30.53550      22.01605
      30.54570      21.99486
      30.55590      21.97407
      30.56600      21.95387
      30.57620      21.93386
      30.58630      21.91440
      30.59650      21.89511
      30.60670      21.87617
      30.61680      21.85775
      30.62700      21.83947
      30.63720      21.82152
      30.64730      21.80405
      30.65750      21.78671
      30.66770      21.76966
      30.67780      21.75307
      30.68800      21.73659
      30.69820      21.72037
      30.70830      21.70458
      30.71850      21.68889
      30.72860      21.67360
      30.73880      21.65840
      30.74900      21.64343
      30.75910      21.62884
      30.76930      21.61433
      30.77950      21.60005
      30.78960      21.58611
      30.79980      21.57224
      30.81000      21.55858
      30.82010      21.54524
      30.83030      21.53197
      30.84050      21.51888
      30.85060      21.50611
      30.86080      21.49339
      30.87100      21.48085
      30.88110      21.46860
      30.89130      21.45639
      30.90140      21.44447
      30.91160      21.43259
      30.92180      21.42087
      30.93190      21.40941
      30.94210      21.39799
      30.95230      21.38672
      30.96240      21.37570
      30.97260      21.36471
      30.98280      21.35387
      30.99290      21.34326
      31.00310      21.33268
      31.01330      21.32223
      31.02340      21.31201
      31.03360      21.30182
      31.04370      21.29184
      31.05390      21.28189
      31.06410      21.27205
      31.07420      21.26243
      31.08440      21.25282
      31.09460      21.24333
      31.10470      21.23404
      31.11490      21.22476
      31.12510      21.21559
      31.13520      21.20661
      31.14540      21.19765
      31.15560      21.18879
      31.16570      21.18011
      31.17590      21.17145
      31.18600      21.16296
      31.19620      21.15448
      31.20640      21.14610
      31.21650      21.13789
      31.22670      21.12969
      31.23690      21.12157
      31.24700      21.11363
      31.25720      21.10569
      31.26740      21.09783
      31.27750      21.09013
      31.28770      21.08244
      31.29790      21.07483
      31.30800      21.06737
      31.31820      21.05992
      31.32840      21.05255
      31.33850      21.04532
      31.34870      21.03809
      31.35880      21.03101
      31.36900      21.02393
      31.37920      21.01693
      31.38930      21.01006
      31.39950      21.00319
      31.40970      20.99640
      31.41980      20.98973
      31.43000      20.98307
      31.44020      20.97647
      31.45030      20.97001
      31.46050      20.96354
      31.47070      20.95714
      31.48080      20.95086
      31.49100      20.94458
      31.50110      20.93842
      31.51130      20.93227
      31.52150      20.92617
      31.53160      20.92019
      31.54180      20.91421
      31.55200      20.90828
      31.56210      20.90247
      31.57230      20.89666
      31.58250      20.89090
      31.59260      20.88525
      31.60280      20.87960
      31.61300      20.87401
      31.62310      20.86852
      31.63330      20.86303
      31.64350      20.85758
      31.65360      20.85225
      31.66380      20.84690
      31.67390      20.84166
      31.68410      20.83642
      31.69430      20.83122
      31.70440      20.82613
      31.71460      20.82103
      31.72480      20.81597
      31.73490      20.81101
      31.74510      20.80605
      31.75530      20.80112
      31.76540      20.79630
      31.77560      20.79147
      31.78580      20.78668
      31.79590      20.78198
      31.80610      20.77727
      31.81620      20.77266
      31.82640      20.76803
      31.83660      20.76345
      31.84670      20.75896
      31.85690      20.75446
      31.86710      20.74999
      31.87720      20.74561
      31.88740      20.74123
      31.89760      20.73688
      31.90770      20.73261
      31.91790      20.72834
      31.92810      20.72411
      31.93820      20.71995
      31.94840      20.71578
      31.95860      20.71165
      31.96870      20.70760
      31.97890      20.70354
      31.98900      20.69956
      31.99920      20.69557
      32.00940      20.69161
      32.01950      20.68772
      32.02970      20.68383
      32.03990      20.67997
      32.05000      20.67618
      32.06020      20.67239
      32.07040      20.66862
      32.08050      20.66493
      32.09070      20.66123
      32.10090      20.65755
      32.11100      20.65395
      32.12120      20.65034
      32.13130      20.64679
      32.14150      20.64324
      32.15170      20.63971
      32.16180      20.63625
      32.17200      20.63278
      32.18220      20.62934
      32.19230      20.62596
      32.20250      20.62257
      32.21270      20.61922
      32.22280      20.61592
      32.23300      20.61261
      32.24320      20.60933
      32.25330      20.60611
      32.26350      20.60288
      32.27370      20.59968
      32.28380      20.59653
      32.29400      20.59338
      32.30410      20.59028
      32.31430      20.58718
      32.32450      20.58410
      32.33460      20.58107
      32.34480      20.57804
      32.35500      20.57503
      32.36510      20.57207
      32.37530      20.56911
      32.38550      20.56617
      32.39560      20.56328
      32.40580      20.56038
      32.41600      20.55751
      32.42610      20.55469
      32.43630      20.55186
      32.44640      20.54907
      32.45660      20.54628
      32.46680      20.54352
      32.47690      20.54080
      32.48710      20.53807
      32.49730      20.53537
      32.50740      20.53271
      32.51760      20.53004
      32.52780      20.52739
      32.53790      20.52479
      32.54810      20.52218
      32.55830      20.51960
      32.56840      20.51705
      32.57860      20.51450
      32.58880      20.51197
      32.59890      20.50948
      32.60910      20.50698
      32.61920      20.50453
      32.62940      20.50207
      32.63960      20.49963
      32.64970      20.49723
      32.65990      20.49482
      32.67010      20.49243
      32.68020      20.49008
      32.69040      20.48773
      32.70060      20.48539
      32.71070      20.48309
      32.72090      20.48078
      32.73110      20.47849
      32.74120      20.47624
      32.75140      20.47399
      32.76150      20.47177
      32.77170      20.46954
      32.78190      20.46733
      32.79200      20.46515
      32.80220      20.46297
      32.81240      20.46081
      32.82250      20.45868
      32.83270      20.45654
      32.84290      20.45443
      32.85300      20.45234
      32.86320      20.45025
      32.87340      20.44817
      32.88350      20.44613
      32.89370      20.44408
      32.90390      20.44204
      32.91400      20.44004
      32.92420      20.43804
      32.93430      20.43606
      32.94450      20.43408
      32.95470      20.43211
      32.96480      20.43018
      32.97500      20.42824
      32.98520      20.42631
      32.99530      20.42441
      33.00550      20.42251
      33.01570      20.42062
      33.02580      20.41876
      33.03600      20.41690
      33.04620      20.41504
      33.05630      20.41322
      33.06650      20.41139
      33.07660      20.40959
      33.08680      20.40779
      33.09700      20.40600
      33.10710      20.40423
      33.11730      20.40246
      33.12750      20.40071
      33.13760      20.39898
      33.14780      20.39724
      33.15800      20.39552
      33.16810      20.39382
      33.17830      20.39212
      33.18850      20.39043
      33.19860      20.38876
      33.20880      20.38709
      33.21890      20.38545
      33.22910      20.38380
      33.23930      20.38216
      33.24940      20.38055
      33.25960      20.37893
      33.26980      20.37733
      33.27990      20.37574
      33.29010      20.37416
      33.30030      20.37258
      33.31040      20.37103
      33.32060      20.36947
      33.33080      20.36792
      33.34090      20.36640
      33.35110      20.36487
      33.36130      20.36335
      33.37140      20.36185
      33.38160      20.36035
      33.39170      20.35888
      33.40190      20.35739
      33.41210      20.35592
      33.42220      20.35447
      33.43240      20.35301
      33.44260      20.35157
      33.45270      20.35014
      33.46290      20.34871
      33.47310      20.34729
      33.48320      20.34590
      33.49340      20.34449
      33.50360      20.34310
      33.51370      20.34173
      33.52390      20.34035
      33.53400      20.33899
      33.54420      20.33763
      33.55440      20.33628
      33.56450      20.33494
      33.57470      20.33360
      33.58490      20.33228
      33.59500      20.33097
      33.60520      20.32965
      33.61540      20.32835
      33.62550      20.32706
      33.63570      20.32577
      33.64590      20.32448
      33.65600      20.32322
      33.66620      20.32195
      33.67640      20.32069
      33.68650      20.31945
      33.69670      20.31820
      33.70680      20.31698
      33.71700      20.31574
      33.72720      20.31452
      33.73730      20.31331
      33.74750      20.31210
      33.75770      20.31090
      33.76780      20.30971
      33.77800      20.30852
      33.78820      20.30734
      33.79830      20.30617
      33.80850      20.30500
      33.81870      20.30384
      33.82880      20.30269
      33.83900      20.30154
      33.84910      20.30041
      33.85930      20.29927
      33.86950      20.29814
      33.87960      20.29703
      33.88980      20.29591
      33.90000      20.29480
      33.91010      20.29370
      33.92030      20.29260
      33.93050      20.29151
      33.94060      20.29043
      33.95080      20.28935
      33.96100      20.28827
      33.97110      20.28721
      33.98130      20.28615
      33.99150      20.28509
      34.00160      20.28405
      34.01180      20.28300
      34.02190      20.28197
      34.03210      20.28094
      34.04230      20.27991
      34.05240      20.27889
      34.06260      20.27788
      34.07280      20.27686
      34.08290      20.27587
      34.09310      20.27486
      34.10330      20.27387
      34.11340      20.27289
      34.12360      20.27190
      34.13380      20.27092
      34.14390      20.26995
      34.15410      20.26898
      34.16420      20.26803
      34.17440      20.26707
      34.18460      20.26612
      34.19470      20.26517
      34.20490      20.26423
      34.21510      20.26329
      34.22520      20.26237
      34.23540      20.26143
      34.24560      20.26051
      34.25570      20.25960
      34.26590      20.25868
      34.27610      20.25777
      34.28620      20.25688
      34.29640      20.25598
      34.30660      20.25508
      34.31670      20.25420
      34.32690      20.25331
      34.33700      20.25244
      34.34720      20.25156
      34.35740      20.25069
      34.36750      20.24983
      34.37770      20.24896
      34.38790      20.24810
      34.39800      20.24726
      34.40820      20.24641
      34.41840      20.24556
      34.42850      20.24472
      34.43870      20.24389
      34.44890      20.24305
      34.45900      20.24223
      34.46920      20.24141
      34.47930      20.24059
      34.48950      20.23978
      34.49970      20.23896
      34.50980      20.23816
      34.52000      20.23736
      34.53020      20.23656
      34.54030      20.23577
      34.55050      20.23498
      34.56070      20.23419
      34.57080      20.23341
      34.58100      20.23263
      34.59120      20.23185
      34.60130      20.23109
      34.61150      20.23032
      34.62170      20.22955
      34.63180      20.22880
      34.64200      20.22804
      34.65210      20.22729
      34.66230      20.22654
      34.67250      20.22580
      34.68260      20.22506
      34.69280      20.22432
      34.70300      20.22359
      34.71310      20.22286
      34.72330      20.22213
      34.73350      20.22141
      34.74360      20.22069
      34.75380      20.21997
      34.76400      20.21926
      34.77410      20.21856
      34.78430      20.21785
      34.79440      20.21715
      34.80460      20.21645
      34.81480      20.21575
      34.82490      20.21506
      34.83510      20.21437
      34.84530      20.21368
      34.85540      20.21301
      34.86560      20.21233
      34.87580      20.21165
      34.88590      20.21098
      34.89610      20.21031
      34.90630      20.20964
      34.91640      20.20898
      34.92660      20.20832
      34.93670      20.20767
      34.94690      20.20701
      34.95710      20.20636
      34.96720      20.20572
      34.97740      20.20507
      34.98760      20.20442
      34.99770      20.20379
      35.00790      20.20315
      35.01810      20.20252
      35.02820      20.20189
      35.03840      20.20126
      35.04860      20.20064
      35.05870      20.20002
      35.06890      20.19940
      35.07910      20.19878
      35.08920      20.19818
      35.09940      20.19756
      35.10950      20.19696
      35.11970      20.19635
      35.12990      20.19575
      35.14000      20.19516
      35.15020      20.19456
      35.16040      20.19396
      35.17050      20.19338
      35.18070      20.19279
      35.19090      20.19220
      35.20100      20.19162
      35.21120      20.19104
      35.22140      20.19046
      35.23150      20.18989
      35.24170      20.18932
      35.25180      20.18875
      35.26200      20.18818
      35.27220      20.18762
      35.28230      20.18706
      35.29250      20.18650
      35.30270      20.18594
      35.31280      20.18539
      35.32300      20.18484
      35.33320      20.18428
      35.34330      20.18374
      35.35350      20.18320
      35.36370      20.18265
      35.37380      20.18211
      35.38400      20.18158
      35.39420      20.18104
      35.40430      20.18051
      35.41450      20.17998
      35.42460      20.17945
      35.43480      20.17893
      35.44500      20.17840
      35.45510      20.17788
      35.46530      20.17736
      35.47550      20.17685
      35.48560      20.17633
      35.49580      20.17582
      35.50600      20.17531
      35.51610      20.17480
      35.52630      20.17430
      35.53650      20.17379
      35.54660      20.17329
      35.55680      20.17279
      35.56690      20.17230
      35.57710      20.17180
      35.58730      20.17131
      35.59740      20.17082
      35.60760      20.17033
      35.61780      20.16985
      35.62790      20.16936
      35.63810      20.16888
      35.64830      20.16840
      35.65840      20.16792
      35.66860      20.16745
      35.67880      20.16697
      35.68890      20.16650
      35.69910      20.16603
      35.70930      20.16556
      35.71940      20.16510
      35.72960      20.16463
      35.73970      20.16417
      35.74990      20.16371
      35.76010      20.16325
      35.77020      20.16280
      35.78040      20.16234
      35.79060      20.16189
      35.80070      20.16144
      35.81090      20.16099
      35.82110      20.16054
      35.83120      20.16010
      35.84140      20.15966
      35.85160      20.15921
      35.86170      20.15878
      35.87190      20.15834
      35.88200      20.15790
      35.89220      20.15747
      35.90240      20.15703
      35.91250      20.15661
      35.92270      20.15618
      35.93290      20.15575
      35.94300      20.15532
      35.95320      20.15490
      35.96340      20.15448
      35.97350      20.15406
      35.98370      20.15364
      35.99390      20.15322
