! TITLE: Yobs                                                                                                                                                                                                                                                            
! peaks position
      18.70544      -2.22300
      20.49938      -2.22300
      22.55310      -2.22300
      28.56804      -2.22300
      30.00418      -2.22300
      33.38763      -2.22300
      17.50000      -2.22300
      20.10443      -2.22300
