! TITLE: Yobs                                                                                                                                                                                                                                                            
! Peak:  1
       6.00860      20.00000
       6.01870      20.00000
       6.02890      20.00000
       6.03910      20.00000
       6.04920      20.00000
       6.05940      20.00000
       6.06960      20.00000
       6.07970      20.00000
       6.08990      20.00000
       6.10010      20.00000
       6.11020      20.00000
       6.12040      20.00000
       6.13060      20.00000
       6.14070      20.00000
       6.15090      20.00000
       6.16110      20.00000
       6.17120      20.00000
       6.18140      20.00000
       6.19150      20.00000
       6.20170      20.00000
       6.21190      20.00000
       6.22200      20.00000
       6.23220      20.00000
       6.24240      20.00000
       6.25250      20.00000
       6.26270      20.00000
       6.27290      20.00000
       6.28300      20.00000
       6.29320      20.00000
       6.30340      20.00000
       6.31350      20.00000
       6.32370      20.00000
       6.33380      20.00000
       6.34400      20.00000
       6.35420      20.00000
       6.36430      20.00000
       6.37450      20.00000
       6.38470      20.00000
       6.39480      20.00000
       6.40500      20.00000
       6.41520      20.00000
       6.42530      20.00000
       6.43550      20.00000
       6.44570      20.00000
       6.45580      20.00000
       6.46600      20.00000
       6.47620      20.00000
       6.48630      20.00000
       6.49650      20.00000
       6.50660      20.00000
       6.51680      20.00000
       6.52700      20.00000
       6.53710      20.00000
       6.54730      20.00000
       6.55750      20.00000
       6.56760      20.00000
       6.57780      20.00000
       6.58800      20.00000
       6.59810      20.00000
       6.60830      20.00000
       6.61850      20.00000
       6.62860      20.00000
       6.63880      20.00000
       6.64890      20.00000
       6.65910      20.00000
       6.66930      20.00000
       6.67940      20.00000
       6.68960      20.00000
       6.69980      20.00000
       6.70990      20.00000
       6.72010      20.00000
       6.73030      20.00000
       6.74040      20.00000
       6.75060      20.00000
       6.76080      20.00000
       6.77090      20.00000
       6.78110      20.00000
       6.79130      20.00000
       6.80140      20.00000
       6.81160      20.00000
       6.82170      20.00000
       6.83190      20.00000
       6.84210      20.00000
       6.85220      20.00000
       6.86240      20.00000
       6.87260      20.00000
       6.88270      20.00000
       6.89290      20.00000
       6.90310      20.00000
       6.91320      20.00000
       6.92340      20.00000
       6.93360      20.00000
       6.94370      20.00000
       6.95390      20.00000
       6.96400      20.00000
       6.97420      20.00000
       6.98440      20.00000
       6.99450      20.00000
       7.00470      20.00000
       7.01490      20.00000
       7.02500      20.00000
       7.03520      20.00000
       7.04540      20.00000
       7.05550      20.00000
       7.06570      20.00000
       7.07590      20.00000
       7.08600      20.00000
       7.09620      20.00000
       7.10640      20.00000
       7.11650      20.00000
       7.12670      20.00000
       7.13680      20.00000
       7.14700      20.00000
       7.15720      20.00000
       7.16730      20.00000
       7.17750      20.00000
       7.18770      20.00000
       7.19780      20.00000
       7.20800      20.00000
       7.21820      20.00000
       7.22830      20.00000
       7.23850      20.00000
       7.24870      20.00000
       7.25880      20.00000
       7.26900      20.00000
       7.27910      20.00000
       7.28930      20.00000
       7.29950      20.00000
       7.30960      20.00000
       7.31980      20.00000
       7.33000      20.00000
       7.34010      20.00000
       7.35030      20.00000
       7.36050      20.00000
       7.37060      20.00000
       7.38080      20.00000
       7.39100      20.00000
       7.40110      20.00000
       7.41130      20.00000
       7.42150      20.00000
       7.43160      20.00000
       7.44180      20.00000
       7.45190      20.00000
       7.46210      20.00000
       7.47230      20.00000
       7.48240      20.00000
       7.49260      20.00000
       7.50280      20.00000
       7.51290      20.00000
       7.52310      20.00000
       7.53330      20.00000
       7.54340      20.00000
       7.55360      20.00000
       7.56380      20.00000
       7.57390      20.00000
       7.58410      20.00000
       7.59420      20.00000
       7.60440      20.00000
       7.61460      20.00000
       7.62470      20.00000
       7.63490      20.00000
       7.64510      20.00000
       7.65520      20.00000
       7.66540      20.00000
       7.67560      20.00000
       7.68570      20.00000
       7.69590      20.00000
       7.70610      20.00000
       7.71620      20.00000
       7.72640      20.00000
       7.73650      20.00000
       7.74670      20.00000
       7.75690      20.00000
       7.76700      20.00000
       7.77720      20.00000
       7.78740      20.00000
       7.79750      20.00000
       7.80770      20.00000
       7.81790      20.00000
       7.82800      20.00000
       7.83820      20.00000
       7.84840      20.00000
       7.85850      20.00000
       7.86870      20.00000
       7.87890      20.00000
       7.88900      20.00000
       7.89920      20.00000
       7.90930      20.00000
       7.91950      20.00000
       7.92970      20.00000
       7.93980      20.00000
       7.95000      20.00000
       7.96020      20.00000
       7.97030      20.00000
       7.98050      20.00000
       7.99070      20.00000
       8.00080      20.00000
       8.01100      20.00000
       8.02120      20.00000
       8.03130      20.00000
       8.04150      20.00000
       8.05160      20.00000
       8.06180      20.00000
       8.07200      20.00000
       8.08210      20.00000
       8.09230      20.00000
       8.10250      20.00000
       8.11260      20.00000
       8.12280      20.00000
       8.13300      20.00000
       8.14310      20.00000
       8.15330      20.00000
       8.16350      20.00000
       8.17360      20.00000
       8.18380      20.00000
       8.19400      20.00000
       8.20410      20.00000
       8.21430      20.00000
       8.22440      20.00000
       8.23460      20.00000
       8.24480      20.00000
       8.25490      20.00000
       8.26510      20.00000
       8.27530      20.00000
       8.28540      20.00000
       8.29560      20.00000
       8.30580      20.00000
       8.31590      20.00000
       8.32610      20.00000
       8.33630      20.00000
       8.34640      20.00000
       8.35660      20.00000
       8.36670      20.00000
       8.37690      20.00000
       8.38710      20.00000
       8.39720      20.00000
       8.40740      20.00000
       8.41760      20.00000
       8.42770      20.00000
       8.43790      20.00000
       8.44810      20.00000
       8.45820      20.00000
       8.46840      20.00000
       8.47860      20.00000
       8.48870      20.00000
       8.49890      20.00000
       8.50910      20.00000
       8.51920      20.00000
       8.52940      20.00000
       8.53950      20.00000
       8.54970      20.00000
       8.55990      20.00000
       8.57000      20.00000
       8.58020      20.00000
       8.59040      20.00000
       8.60050      20.00000
       8.61070      20.00000
       8.62090      20.00000
       8.63100      20.00000
       8.64120      20.00000
       8.65140      20.00000
       8.66150      20.00000
       8.67170      20.00000
       8.68180      20.00000
       8.69200      20.00000
       8.70220      20.00000
       8.71230      20.00000
       8.72250      20.00000
       8.73270      20.00000
       8.74280      20.00000
       8.75300      20.00000
       8.76320      20.00000
       8.77330      20.00000
       8.78350      20.00000
       8.79370      20.00000
       8.80380      20.00000
       8.81400      20.00000
       8.82420      20.00000
       8.83430      20.00000
       8.84450      20.00000
       8.85460      20.00000
       8.86480      20.00000
       8.87500      20.00000
       8.88510      20.00000
       8.89530      20.00000
       8.90550      20.00000
       8.91560      20.00000
       8.92580      20.00000
       8.93600      20.00000
       8.94610      20.00000
       8.95630      20.00000
       8.96650      20.00000
       8.97660      20.00000
       8.98680      20.00000
       8.99690      20.00000
       9.00710      20.00000
       9.01730      20.00000
       9.02740      20.00000
       9.03760      20.00000
       9.04780      20.00000
       9.05790      20.00000
       9.06810      20.00000
       9.07830      20.00000
       9.08840      20.00000
       9.09860      20.00000
       9.10880      20.00000
       9.11890      20.00000
       9.12910      20.00000
       9.13930      20.00000
       9.14940      20.00000
       9.15960      20.00000
       9.16970      20.00000
       9.17990      20.00000
       9.19010      20.00000
       9.20020      20.00000
       9.21040      20.00000
       9.22060      20.00000
       9.23070      20.00000
       9.24090      20.00000
       9.25110      20.00000
       9.26120      20.00000
       9.27140      20.00000
       9.28160      20.00000
       9.29170      20.00000
       9.30190      20.00000
       9.31200      20.00000
       9.32220      20.00000
       9.33240      20.00000
       9.34250      20.00000
       9.35270      20.00000
       9.36290      20.00000
       9.37300      20.00000
       9.38320      20.00000
       9.39340      20.00000
       9.40350      20.00000
       9.41370      20.00000
       9.42390      20.00000
       9.43400      20.00000
       9.44420      20.00000
       9.45440      20.00000
       9.46450      20.00000
       9.47470      20.00000
       9.48480      20.00000
       9.49500      20.00000
       9.50520      20.00000
       9.51530      20.00000
       9.52550      20.00000
       9.53570      20.00000
       9.54580      20.00000
       9.55600      20.00000
       9.56620      20.00000
       9.57630      20.00000
       9.58650      20.00000
       9.59670      20.00000
       9.60680      20.00000
       9.61700      20.00000
       9.62710      20.00000
       9.63730      20.00000
       9.64750      20.00000
       9.65760      20.00000
       9.66780      20.00000
       9.67800      20.00000
       9.68810      20.00000
       9.69830      20.00000
       9.70850      20.00000
       9.71860      20.00000
       9.72880      20.12811
       9.73900      20.12840
       9.74910      20.12869
       9.75930      20.12899
       9.76940      20.12928
       9.77960      20.12958
       9.78980      20.12987
       9.79990      20.13017
       9.81010      20.13047
       9.82030      20.13077
       9.83040      20.13107
       9.84060      20.13137
       9.85080      20.13167
       9.86090      20.13197
       9.87110      20.13228
       9.88130      20.13258
       9.89140      20.13289
       9.90160      20.13320
       9.91180      20.13351
       9.92190      20.13381
       9.93210      20.13412
       9.94220      20.13444
       9.95240      20.13475
       9.96260      20.13506
       9.97270      20.13538
       9.98290      20.13569
       9.99310      20.13601
      10.00320      20.13633
      10.01340      20.13665
      10.02360      20.13697
      10.03370      20.13729
      10.04390      20.13761
      10.05410      20.13794
      10.06420      20.13826
      10.07440      20.13859
      10.08450      20.13891
      10.09470      20.13924
      10.10490      20.13957
      10.11500      20.13990
      10.12520      20.14024
      10.13540      20.14057
      10.14550      20.14090
      10.15570      20.14124
      10.16590      20.14158
      10.17600      20.14191
      10.18620      20.14225
      10.19640      20.14260
      10.20650      20.14293
      10.21670      20.14328
      10.22690      20.14362
      10.23700      20.14397
      10.24720      20.14431
      10.25730      20.14466
      10.26750      20.14501
      10.27770      20.14536
      10.28780      20.14571
      10.29800      20.14606
      10.30820      20.14642
      10.31830      20.14677
      10.32850      20.14713
      10.33870      20.14749
      10.34880      20.14785
      10.35900      20.14821
      10.36920      20.14857
      10.37930      20.14893
      10.38950      20.14930
      10.39960      20.14966
      10.40980      20.15003
      10.42000      20.15040
      10.43010      20.15077
      10.44030      20.15114
      10.45050      20.15152
      10.46060      20.15189
      10.47080      20.15227
      10.48100      20.15264
      10.49110      20.15302
      10.50130      20.15340
      10.51150      20.15378
      10.52160      20.15416
      10.53180      20.15455
      10.54200      20.15493
      10.55210      20.15532
      10.56230      20.15571
      10.57240      20.15610
      10.58260      20.15649
      10.59280      20.15688
      10.60290      20.15727
      10.61310      20.15767
      10.62330      20.15807
      10.63340      20.15847
      10.64360      20.15887
      10.65380      20.15927
      10.66390      20.15967
      10.67410      20.16008
      10.68430      20.16049
      10.69440      20.16089
      10.70460      20.16130
      10.71470      20.16171
      10.72490      20.16212
      10.73510      20.16254
      10.74520      20.16295
      10.75540      20.16337
      10.76560      20.16379
      10.77570      20.16421
      10.78590      20.16463
      10.79610      20.16506
      10.80620      20.16548
      10.81640      20.16591
      10.82660      20.16634
      10.83670      20.16677
      10.84690      20.16720
      10.85710      20.16764
      10.86720      20.16807
      10.87740      20.16851
      10.88750      20.16894
      10.89770      20.16939
      10.90790      20.16983
      10.91800      20.17027
      10.92820      20.17072
      10.93840      20.17117
      10.94850      20.17161
      10.95870      20.17207
      10.96890      20.17252
      10.97900      20.17297
      10.98920      20.17343
      10.99940      20.17389
      11.00950      20.17435
      11.01970      20.17481
      11.02980      20.17527
      11.04000      20.17574
      11.05020      20.17621
      11.06030      20.17667
      11.07050      20.17715
      11.08070      20.17762
      11.09080      20.17809
      11.10100      20.17857
      11.11120      20.17905
      11.12130      20.17953
      11.13150      20.18001
      11.14170      20.18050
      11.15180      20.18098
      11.16200      20.18147
      11.17220      20.18196
      11.18230      20.18245
      11.19250      20.18295
      11.20260      20.18344
      11.21280      20.18394
      11.22300      20.18445
      11.23310      20.18495
      11.24330      20.18545
      11.25350      20.18596
      11.26360      20.18647
      11.27380      20.18698
      11.28400      20.18749
      11.29410      20.18800
      11.30430      20.18852
      11.31450      20.18904
      11.32460      20.18956
      11.33480      20.19009
      11.34490      20.19061
      11.35510      20.19114
      11.36530      20.19167
      11.37540      20.19220
      11.38560      20.19274
      11.39580      20.19328
      11.40590      20.19381
      11.41610      20.19436
      11.42630      20.19490
      11.43640      20.19544
      11.44660      20.19599
      11.45680      20.19654
      11.46690      20.19709
      11.47710      20.19765
      11.48730      20.19821
      11.49740      20.19877
      11.50760      20.19933
      11.51770      20.19989
      11.52790      20.20046
      11.53810      20.20103
      11.54820      20.20160
      11.55840      20.20218
      11.56860      20.20275
      11.57870      20.20333
      11.58890      20.20391
      11.59910      20.20450
      11.60920      20.20508
      11.61940      20.20568
      11.62960      20.20627
      11.63970      20.20686
      11.64990      20.20746
      11.66000      20.20805
      11.67020      20.20866
      11.68040      20.20926
      11.69050      20.20987
      11.70070      20.21048
      11.71090      20.21109
      11.72100      20.21171
      11.73120      20.21233
      11.74140      20.21295
      11.75150      20.21357
      11.76170      20.21420
      11.77190      20.21483
      11.78200      20.21545
      11.79220      20.21609
      11.80230      20.21672
      11.81250      20.21737
      11.82270      20.21801
      11.83280      20.21865
      11.84300      20.21931
      11.85320      20.21996
      11.86330      20.22061
      11.87350      20.22127
      11.88370      20.22193
      11.89380      20.22259
      11.90400      20.22326
      11.91420      20.22393
      11.92430      20.22460
      11.93450      20.22528
      11.94470      20.22596
      11.95480      20.22663
      11.96500      20.22732
      11.97510      20.22800
      11.98530      20.22869
      11.99550      20.22939
      12.00560      20.23008
      12.01580      20.23079
      12.02600      20.23149
      12.03610      20.23219
      12.04630      20.23291
      12.05650      20.23362
      12.06660      20.23433
      12.07680      20.23506
      12.08700      20.23578
      12.09710      20.23650
      12.10730      20.23723
      12.11740      20.23796
      12.12760      20.23870
      12.13780      20.23944
      12.14790      20.24018
      12.15810      20.24093
      12.16830      20.24169
      12.17840      20.24243
      12.18860      20.24319
      12.19880      20.24396
      12.20890      20.24472
      12.21910      20.24549
      12.22930      20.24626
      12.23940      20.24703
      12.24960      20.24781
      12.25980      20.24860
      12.26990      20.24938
      12.28010      20.25017
      12.29020      20.25096
      12.30040      20.25176
      12.31060      20.25257
      12.32070      20.25337
      12.33090      20.25418
      12.34110      20.25499
      12.35120      20.25580
      12.36140      20.25663
      12.37160      20.25746
      12.38170      20.25828
      12.39190      20.25912
      12.40210      20.25995
      12.41220      20.26079
      12.42240      20.26164
      12.43250      20.26248
      12.44270      20.26334
      12.45290      20.26420
      12.46300      20.26505
      12.47320      20.26592
      12.48340      20.26679
      12.49350      20.26766
      12.50370      20.26855
      12.51390      20.26943
      12.52400      20.27031
      12.53420      20.27121
      12.54440      20.27210
      12.55450      20.27300
      12.56470      20.27391
      12.57490      20.27482
      12.58500      20.27573
      12.59520      20.27665
      12.60530      20.27757
      12.61550      20.27850
      12.62570      20.27943
      12.63580      20.28036
      12.64600      20.28131
      12.65620      20.28226
      12.66630      20.28320
      12.67650      20.28416
      12.68670      20.28513
      12.69680      20.28609
      12.70700      20.28706
      12.71720      20.28804
      12.72730      20.28901
      12.73750      20.29000
      12.74760      20.29099
      12.75780      20.29199
      12.76800      20.29299
      12.77810      20.29399
      12.78830      20.29500
      12.79850      20.29602
      12.80860      20.29704
      12.81880      20.29807
      12.82900      20.29910
      12.83910      20.30014
      12.84930      20.30118
      12.85950      20.30223
      12.86960      20.30328
      12.87980      20.30435
      12.89000      20.30541
      12.90010      20.30648
      12.91030      20.30756
      12.92040      20.30863
      12.93060      20.30972
      12.94080      20.31082
      12.95090      20.31191
      12.96110      20.31302
      12.97130      20.31414
      12.98140      20.31525
      12.99160      20.31637
      13.00180      20.31750
      13.01190      20.31863
      13.02210      20.31978
      13.03230      20.32093
      13.04240      20.32207
      13.05260      20.32324
      13.06270      20.32440
      13.07290      20.32557
      13.08310      20.32675
      13.09320      20.32793
      13.10340      20.32913
      13.11360      20.33033
      13.12370      20.33152
      13.13390      20.33274
      13.14410      20.33396
      13.15420      20.33518
      13.16440      20.33641
      13.17460      20.33765
      13.18470      20.33889
      13.19490      20.34015
      13.20510      20.34141
      13.21520      20.34266
      13.22540      20.34394
      13.23550      20.34521
      13.24570      20.34650
      13.25590      20.34780
      13.26600      20.34909
      13.27620      20.35041
      13.28640      20.35173
      13.29650      20.35304
      13.30670      20.35438
      13.31690      20.35572
      13.32700      20.35706
      13.33720      20.35841
      13.34740      20.35978
      13.35750      20.36114
      13.36770      20.36252
      13.37780      20.36390
      13.38800      20.36529
      13.39820      20.36670
      13.40830      20.36810
      13.41850      20.36952
      13.42870      20.37095
      13.43880      20.37237
      13.44900      20.37382
      13.45920      20.37527
      13.46930      20.37672
      13.47950      20.37819
      13.48970      20.37967
      13.49980      20.38115
      13.51000      20.38264
      13.52010      20.38413
      13.53030      20.38565
      13.54050      20.38717
      13.55060      20.38869
      13.56080      20.39023
      13.57100      20.39178
      13.58110      20.39333
      13.59130      20.39490
      13.60150      20.39648
      13.61160      20.39805
      13.62180      20.39965
      13.63200      20.40126
      13.64210      20.40286
      13.65230      20.40449
      13.66250      20.40612
      13.67260      20.40775
      13.68280      20.40941
      13.69290      20.41106
      13.70310      20.41274
      13.71330      20.41443
      13.72340      20.41611
      13.73360      20.41781
      13.74380      20.41953
      13.75390      20.42125
      13.76410      20.42299
      13.77430      20.42474
      13.78440      20.42648
      13.79460      20.42825
      13.80480      20.43003
      13.81490      20.43181
      13.82510      20.43362
      13.83520      20.43542
      13.84540      20.43724
      13.85560      20.43909
      13.86570      20.44092
      13.87590      20.44278
      13.88610      20.44465
      13.89620      20.44652
      13.90640      20.44842
      13.91660      20.45033
      13.92670      20.45224
      13.93690      20.45417
      13.94710      20.45612
      13.95720      20.45806
      13.96740      20.46003
      13.97760      20.46202
      13.98770      20.46399
      13.99790      20.46601
      14.00800      20.46801
      14.01820      20.47005
      14.02840      20.47210
      14.03850      20.47414
      14.04870      20.47622
      14.05890      20.47831
      14.06900      20.48039
      14.07920      20.48251
      14.08940      20.48464
      14.09950      20.48677
      14.10970      20.48893
      14.11990      20.49110
      14.13000      20.49327
      14.14020      20.49548
      14.15030      20.49767
      14.16050      20.49990
      14.17070      20.50215
      14.18080      20.50440
      14.19100      20.50667
      14.20120      20.50897
      14.21130      20.51126
      14.22150      20.51358
      14.23170      20.51592
      14.24180      20.51826
      14.25200      20.52063
      14.26220      20.52302
      14.27230      20.52540
      14.28250      20.52782
      14.29270      20.53026
      14.30280      20.53270
      14.31300      20.53517
      14.32310      20.53764
      14.33330      20.54014
      14.34350      20.54267
      14.35360      20.54519
      14.36380      20.54775
      14.37400      20.55033
      14.38410      20.55290
      14.39430      20.55551
      14.40450      20.55814
      14.41460      20.56077
      14.42480      20.56344
      14.43500      20.56613
      14.44510      20.56881
      14.45530      20.57154
      14.46540      20.57426
      14.47560      20.57703
      14.48580      20.57982
      14.49590      20.58260
      14.50610      20.58543
      14.51630      20.58828
      14.52640      20.59112
      14.53660      20.59401
      14.54680      20.59692
      14.55690      20.59982
      14.56710      20.60278
      14.57730      20.60575
      14.58740      20.60872
      14.59760      20.61174
      14.60780      20.61479
      14.61790      20.61782
      14.62810      20.62091
      14.63820      20.62399
      14.64840      20.62712
      14.65860      20.63028
      14.66870      20.63343
      14.67890      20.63664
      14.68910      20.63987
      14.69920      20.64309
      14.70940      20.64637
      14.71960      20.64968
      14.72970      20.65297
      14.73990      20.65633
      14.75010      20.65971
      14.76020      20.66308
      14.77040      20.66652
      14.78050      20.66994
      14.79070      20.67343
      14.80090      20.67694
      14.81100      20.68045
      14.82120      20.68402
      14.83140      20.68761
      14.84150      20.69120
      14.85170      20.69486
      14.86190      20.69854
      14.87200      20.70221
      14.88220      20.70596
      14.89240      20.70973
      14.90250      20.71349
      14.91270      20.71732
      14.92290      20.72118
      14.93300      20.72504
      14.94320      20.72896
      14.95330      20.73288
      14.96350      20.73687
      14.97370      20.74089
      14.98380      20.74490
      14.99400      20.74899
      15.00420      20.75311
      15.01430      20.75722
      15.02450      20.76141
      15.03470      20.76563
      15.04480      20.76985
      15.05500      20.77415
      15.06520      20.77847
      15.07530      20.78279
      15.08550      20.78720
      15.09560      20.79159
      15.10580      20.79607
      15.11600      20.80058
      15.12610      20.80509
      15.13630      20.80968
      15.14650      20.81431
      15.15660      20.81894
      15.16680      20.82364
      15.17700      20.82839
      15.18710      20.83314
      15.19730      20.83797
      15.20750      20.84285
      15.21760      20.84771
      15.22780      20.85267
      15.23800      20.85768
      15.24810      20.86267
      15.25830      20.86776
      15.26840      20.87285
      15.27860      20.87803
      15.28880      20.88326
      15.29890      20.88848
      15.30910      20.89380
      15.31930      20.89917
      15.32940      20.90453
      15.33960      20.91000
      15.34980      20.91551
      15.35990      20.92102
      15.37010      20.92664
      15.38030      20.93230
      15.39040      20.93796
      15.40060      20.94373
      15.41070      20.94950
      15.42090      20.95538
      15.43110      20.96131
      15.44120      20.96723
      15.45140      20.97328
      15.46160      20.97937
      15.47170      20.98547
      15.48190      20.99168
      15.49210      20.99795
      15.50220      21.00422
      15.51240      21.01061
      15.52260      21.01706
      15.53270      21.02351
      15.54290      21.03009
      15.55300      21.03666
      15.56320      21.04336
      15.57340      21.05013
      15.58350      21.05689
      15.59370      21.06379
      15.60390      21.07076
      15.61400      21.07772
      15.62420      21.08482
      15.63440      21.09200
      15.64450      21.09917
      15.65470      21.10649
      15.66490      21.11387
      15.67500      21.12126
      15.68520      21.12880
      15.69540      21.13641
      15.70550      21.14402
      15.71570      21.15179
      15.72580      21.15956
      15.73600      21.16748
      15.74620      21.17548
      15.75630      21.18349
      15.76650      21.19166
      15.77670      21.19992
      15.78680      21.20817
      15.79700      21.21660
      15.80720      21.22511
      15.81730      21.23363
      15.82750      21.24232
      15.83770      21.25111
      15.84780      21.25990
      15.85800      21.26887
      15.86810      21.27785
      15.87830      21.28701
      15.88850      21.29627
      15.89860      21.30554
      15.90880      21.31500
      15.91900      21.32456
      15.92910      21.33413
      15.93930      21.34391
      15.94950      21.35378
      15.95960      21.36367
      15.96980      21.37377
      15.98000      21.38398
      15.99010      21.39420
      16.00030      21.40464
      16.01050      21.41519
      16.02060      21.42576
      16.03080      21.43655
      16.04090      21.44736
      16.05110      21.45839
      16.06130      21.46955
      16.07140      21.48073
      16.08160      21.49215
      16.09180      21.50370
      16.10190      21.51527
      16.11210      21.52709
      16.12230      21.53905
      16.13240      21.55103
      16.14260      21.56326
      16.15280      21.57564
      16.16290      21.58805
      16.17310      21.60073
      16.18320      21.61343
      16.19340      21.62641
      16.20360      21.63954
      16.21370      21.65270
      16.22390      21.66616
      16.23410      21.67978
      16.24420      21.69343
      16.25440      21.70738
      16.26460      21.72150
      16.27470      21.73566
      16.28490      21.75014
      16.29510      21.76479
      16.30520      21.77948
      16.31540      21.79450
      16.32560      21.80971
      16.33570      21.82497
      16.34590      21.84057
      16.35600      21.85621
      16.36620      21.87221
      16.37640      21.88841
      16.38650      21.90466
      16.39670      21.92129
      16.40690      21.93814
      16.41700      21.95503
      16.42720      21.97231
      16.43740      21.98983
      16.44750      22.00740
      16.45770      22.02538
      16.46790      22.04360
      16.47800      22.06188
      16.48820      22.08059
      16.49830      22.09937
      16.50850      22.11859
      16.51870      22.13807
      16.52880      22.15763
      16.53900      22.17765
      16.54920      22.19795
      16.55930      22.21833
      16.56950      22.23919
      16.57970      22.26035
      16.58980      22.28160
      16.60000      22.30336
      16.61020      22.32543
      16.62030      22.34759
      16.63050      22.37029
      16.64070      22.39331
      16.65080      22.41645
      16.66100      22.44014
      16.67110      22.46395
      16.68130      22.48835
      16.69150      22.51310
      16.70160      22.53798
      16.71180      22.56347
      16.72200      22.58935
      16.73210      22.61535
      16.74230      22.64201
      16.75250      22.66908
      16.76260      22.69628
      16.77280      22.72417
      16.78300      22.75250
      16.79310      22.78097
      16.80330      22.81018
      16.81340      22.83954
      16.82360      22.86967
      16.83380      22.90026
      16.84390      22.93105
      16.85410      22.96262
      16.86430      22.99470
      16.87440      23.02698
      16.88460      23.06010
      16.89480      23.09376
      16.90490      23.12764
      16.91510      23.16241
      16.92530      23.19775
      16.93540      23.23333
      16.94560      23.26986
      16.95580      23.30699
      16.96590      23.34439
      16.97610      23.38280
      16.98620      23.42147
      16.99640      23.46119
      17.00660      23.50160
      17.01670      23.54230
      17.02690      23.58412
      17.03710      23.62667
      17.04720      23.66955
      17.05740      23.71362
      17.06760      23.75847
      17.07770      23.80367
      17.08790      23.85015
      17.09810      23.89747
      17.10820      23.94517
      17.11840      23.99423
      17.12850      24.04370
      17.13870      24.09459
      17.14890      24.14643
      17.15900      24.19873
      17.16920      24.25254
      17.17940      24.30737
      17.18950      24.36272
      17.19970      24.41967
      17.20990      24.47775
      17.22000      24.53638
      17.23020      24.59675
      17.24040      24.65833
      17.25050      24.72053
      17.26070      24.78460
      17.27090      24.84999
      17.28100      24.91606
      17.29120      24.98416
      17.30130      25.05300
      17.31150      25.12399
      17.32170      25.19649
      17.33180      25.26983
      17.34200      25.34549
      17.35220      25.42283
      17.36230      25.50112
      17.37250      25.58194
      17.38270      25.66462
      17.39280      25.74835
      17.40300      25.83490
      17.41320      25.92351
      17.42330      26.01333
      17.43350      26.10627
      17.44360      26.20054
      17.45380      26.29815
      17.46400      26.39826
      17.47410      26.49994
      17.48430      26.60535
      17.49450      26.71357
      17.50460      26.82369
      17.51480      26.93796
      17.52500      27.05550
      17.53510      27.17527
      17.54530      27.29976
      17.55550      27.42803
      17.56560      27.55893
      17.57580      27.69528
      17.58590      27.83461
      17.59610      27.97992
      17.60630      28.13012
      17.61640      28.28389
      17.62660      28.44461
      17.63680      28.61107
      17.64690      28.78187
      17.65710      28.96077
      17.66730      29.14644
      17.67740      29.33743
      17.68760      29.53784
      17.69780      29.74637
      17.70790      29.96126
      17.71810      30.18733
      17.72830      30.42300
      17.73840      30.66637
      17.74860      30.92290
      17.75870      31.18816
      17.76890      31.46811
      17.77910      31.76088
      17.78920      32.06411
      17.79940      32.38467
      17.80960      32.72041
      17.81970      33.06864
      17.82990      33.43723
      17.84010      33.82366
      17.85020      34.22504
      17.86040      34.65011
      17.87060      35.09627
      17.88070      35.55980
      17.89090      36.05113
      17.90100      36.56170
      17.91120      37.10293
      17.92140      37.67113
      17.93150      38.26153
      17.94170      38.88729
      17.95190      39.54399
      17.96200      40.22606
      17.97220      40.94853
      17.98240      41.70619
      17.99250      42.49243
      18.00270      43.32446
      18.01290      44.19588
      18.02300      45.09944
      18.03320      46.05399
      18.04340      47.05269
      18.05350      48.08625
      18.06370      49.17677
      18.07380      50.30403
      18.08400      51.49194
      18.09420      52.73079
      18.10430      54.00881
      18.11450      55.35281
      18.12470      56.75141
      18.13480      58.19100
      18.14500      59.70140
      18.15520      61.26910
      18.16530      62.87939
      18.17550      64.56432
      18.18570      66.30859
      18.19580      68.09550
      18.20600      69.95975
      18.21610      71.86597
      18.22630      73.85086
      18.23650      75.89660
      18.24660      77.98132
      18.25680      80.14622
      18.26700      82.37000
      18.27710      84.62883
      18.28730      86.96675
      18.29750      89.36003
      18.30760      91.78248
      18.31780      94.28069
      18.32800      96.82796
      18.33810      99.39727
      18.34830     102.03580
      18.35850     104.71487
      18.36860     107.40536
      18.37880     110.15524
      18.38890     112.90784
      18.39910     115.71154
      18.40930     118.53536
      18.41940     121.34503
      18.42960     124.19081
      18.43980     127.03812
      18.44990     129.85179
      18.46010     132.68071
      18.47030     135.48863
      18.48040     138.23959
      18.49060     140.97974
      18.50080     143.67126
      18.51090     146.27991
      18.52110     148.84552
      18.53120     151.30864
      18.54140     153.70612
      18.55160     156.00160
      18.56170     158.16389
      18.57190     160.22328
      18.58210     162.14740
      18.59220     163.90794
      18.60240     165.52954
      18.61260     166.98378
      18.62270     168.24951
      18.63290     169.34366
      18.64310     170.24524
      18.65320     170.94197
      18.66340     171.44284
      18.67360     171.73633
      18.68370     171.82053
      18.69390     171.69650
      18.70400     171.36748
      18.71420     170.82950
      18.72440     170.08846
      18.73450     169.15970
      18.74470     168.03169
      18.75490     166.71980
      18.76500     165.24844
      18.77520     163.59763
      18.78540     161.79140
      18.79550     159.86057
      18.80570     157.77745
      18.81590     155.57208
      18.82600     153.27936
      18.83620     150.86473
      18.84630     148.38708
      18.85650     145.80782
      18.86670     143.16251
      18.87680     140.48705
      18.88700     137.73976
      18.89720     134.95509
      18.90730     132.17000
      18.91750     129.33867
      18.92770     126.49527
      18.93780     123.67595
      18.94800     120.83115
      18.95820     117.99553
      18.96830     115.20288
      18.97850     112.40277
      18.98870     109.62826
      18.99880     106.91102
      19.00900     104.20080
      19.01910     101.55508
      19.02930      98.92433
      19.03950      96.33880
      19.04960      93.82476
      19.05980      91.33624
      19.07000      88.89938
      19.08010      86.53987
      19.09030      84.21212
      19.10050      81.94136
      19.11060      79.75039
      19.12080      77.59621
      19.13100      75.50177
      19.14110      73.48741
      19.15130      71.51311
      19.16140      69.61812
      19.17160      67.76447
      19.18180      65.97122
      19.19190      64.25494
      19.20210      62.58076
      19.21230      60.96586
      19.22240      59.42377
      19.23260      57.92397
      19.24280      56.48039
      19.25290      55.10579
      19.26310      53.77154
      19.27330      52.49052
      19.28340      51.27341
      19.29360      50.09457
      19.30380      48.96510
      19.31390      47.89411
      19.32410      46.85875
      19.33420      45.87815
      19.34440      44.93122
      19.35460      44.02652
      19.36470      43.17097
      19.37490      42.34595
      19.38510      41.55890
      19.39520      40.81519
      19.40540      40.09906
      19.41560      39.41629
      19.42570      38.77189
      19.43590      38.15158
      19.44610      37.56062
      19.45620      37.00311
      19.46640      36.46661
      19.47650      35.96051
      19.48670      35.47348
      19.49690      35.00950
      19.50700      34.57171
      19.51720      34.15024
      19.52740      33.74859
      19.53750      33.36921
      19.54770      33.00376
      19.55790      32.65516
      19.56800      32.32555
      19.57820      32.00771
      19.58840      31.70402
      19.59850      31.41656
      19.60870      31.13885
      19.61880      30.87569
      19.62900      30.62115
      19.63920      30.37728
      19.64930      30.14575
      19.65950      29.92137
      19.66970      29.70595
      19.67980      29.50101
      19.69000      29.30198
      19.70020      29.11051
      19.71030      28.92790
      19.72050      28.75019
      19.73070      28.57887
      19.74080      28.41510
      19.75100      28.25542
      19.76120      28.10108
      19.77130      27.95329
      19.78150      27.80883
      19.79160      27.67031
      19.80180      27.53473
      19.81200      27.40326
      19.82210      27.27697
      19.83230      27.15312
      19.84250      27.03283
      19.85260      26.91706
      19.86280      26.80334
      19.87300      26.69272
      19.88310      26.58606
      19.89330      26.48118
      19.90350      26.37897
      19.91360      26.28030
      19.92380      26.18315
      19.93390      26.08928
      19.94410      25.99677
      19.95430      25.90645
      19.96440      25.81911
      19.97460      25.73292
      19.98480      25.64870
      19.99490      25.56719
      20.00510      25.48668
      20.01530      25.40795
      20.02540      25.33169
      20.03560      25.25631
      20.04580      25.18255
      20.05590      25.11103
      20.06610      25.04033
      20.07630      24.97107
      20.08640      24.90389
      20.09660      24.83742
      20.10670      24.77291
      20.11690      24.70908
      20.12710      24.64650
      20.13720      24.58575
      20.14740      24.52558
      20.15760      24.46659
      20.16770      24.40929
      20.17790      24.35252
      20.18810      24.29683
      20.19820      24.24272
      20.20840      24.18909
      20.21860      24.13647
      20.22870      24.08531
      20.23890      24.03460
      20.24900      23.98528
      20.25920      23.93640
      20.26940      23.88838
      20.27950      23.84168
      20.28970      23.79536
      20.29990      23.74985
      20.31000      23.70559
      20.32020      23.66166
      20.33040      23.61850
      20.34050      23.57650
      20.35070      23.53481
      20.36090      23.49384
      20.37100      23.45395
      20.38120      23.41435
      20.39140      23.37542
      20.40150      23.33751
      20.41170      23.29987
      20.42180      23.26320
      20.43200      23.22679
      20.44220      23.19097
      20.45230      23.15608
      20.46250      23.12141
      20.47270      23.08730
      20.48280      23.05407
      20.49300      23.02104
      20.50320      22.98854
      20.51330      22.95687
      20.52350      22.92538
      20.53370      22.89439
      20.54380      22.86418
      20.55400      22.83414
      20.56410      22.80486
      20.57430      22.77573
      20.58450      22.74706
      20.59460      22.71909
      20.60480      22.69128
      20.61500      22.66388
      20.62510      22.63716
      20.63530      22.61057
      20.64550      22.58438
      20.65560      22.55883
      20.66580      22.53341
      20.67600      22.50835
      20.68610      22.48391
      20.69630      22.45958
      20.70650      22.43560
      20.71660      22.41220
      20.72680      22.38890
      20.73690      22.36616
      20.74710      22.34351
      20.75730      22.32119
      20.76740      22.29940
      20.77760      22.27770
      20.78780      22.25630
      20.79790      22.23540
      20.80810      22.21459
      20.81830      22.19406
      20.82840      22.17401
      20.83860      22.15404
      20.84880      22.13434
      20.85890      22.11510
      20.86910      22.09592
      20.87920      22.07719
      20.88940      22.05852
      20.89960      22.04011
      20.90970      22.02211
      20.91990      22.00417
      20.93010      21.98647
      20.94020      21.96917
      20.95040      21.95193
      20.96060      21.93491
      20.97070      21.91827
      20.98090      21.90168
      20.99110      21.88531
      21.00120      21.86930
      21.01140      21.85334
      21.02160      21.83758
      21.03170      21.82217
      21.04190      21.80680
      21.05200      21.79177
      21.06220      21.77678
      21.07240      21.76198
      21.08250      21.74750
      21.09270      21.73306
      21.10290      21.71880
      21.11300      21.70484
      21.12320      21.69092
      21.13340      21.67717
      21.14350      21.66372
      21.15370      21.65029
      21.16390      21.63702
      21.17400      21.62405
      21.18420      21.61110
      21.19430      21.59842
      21.20450      21.58577
      21.21470      21.57327
      21.22480      21.56104
      21.23500      21.54883
      21.24520      21.53676
      21.25530      21.52494
      21.26550      21.51315
      21.27570      21.50149
      21.28580      21.49008
      21.29600      21.47868
      21.30620      21.46742
      21.31630      21.45639
      21.32650      21.44537
      21.33660      21.43459
      21.34680      21.42382
      21.35700      21.41317
      21.36710      21.40274
      21.37730      21.39232
      21.38750      21.38202
      21.39760      21.37194
      21.40780      21.36186
      21.41800      21.35189
      21.42810      21.34213
      21.43830      21.33238
      21.44850      21.32273
      21.45860      21.31328
      21.46880      21.30384
      21.47900      21.29450
      21.48910      21.28535
      21.49930      21.27620
      21.50940      21.26724
      21.51960      21.25829
      21.52980      21.24943
      21.53990      21.24075
      21.55010      21.23207
      21.56030      21.22348
      21.57040      21.21507
      21.58060      21.20666
      21.59080      21.19834
      21.60090      21.19018
      21.61110      21.18202
      21.62130      21.17395
      21.63140      21.16604
      21.64160      21.15813
      21.65170      21.15038
      21.66190      21.14263
      21.67210      21.13495
      21.68220      21.12743
      21.69240      21.11991
      21.70260      21.11246
      21.71270      21.10516
      21.72290      21.09785
      21.73310      21.09062
      21.74320      21.08353
      21.75340      21.07644
      21.76360      21.06942
      21.77370      21.06254
      21.78390      21.05565
      21.79410      21.04883
      21.80420      21.04214
      21.81440      21.03545
      21.82450      21.02889
      21.83470      21.02233
      21.84490      21.01583
      21.85500      21.00945
      21.86520      21.00307
      21.87540      20.99675
      21.88550      20.99055
      21.89570      20.98435
      21.90590      20.97821
      21.91600      20.97218
      21.92620      20.96615
      21.93640      20.96017
      21.94650      20.95431
      21.95670      20.94844
      21.96680      20.94269
      21.97700      20.93693
      21.98720      20.93122
      21.99730      20.92562
      22.00750      20.92001
      22.01770      20.91446
      22.02780      20.90900
      22.03800      20.90355
      22.04820      20.89814
      22.05830      20.89283
      22.06850      20.88752
      22.07870      20.88226
      22.08880      20.87709
      22.09900      20.87192
      22.10920      20.86679
      22.11930      20.86176
      22.12950      20.85672
      22.13960      20.85177
      22.14980      20.84682
      22.16000      20.84191
      22.17010      20.83709
      22.18030      20.83227
      22.19050      20.82749
      22.20060      20.82279
      22.21080      20.81809
      22.22100      20.81343
      22.23110      20.80885
      22.24130      20.80426
      22.25150      20.79972
      22.26160      20.79526
      22.27180      20.79079
      22.28190      20.78640
      22.29210      20.78200
      22.30230      20.77765
      22.31240      20.77337
      22.32260      20.76908
      22.33280      20.76483
      22.34290      20.76065
      22.35310      20.75647
      22.36330      20.75232
      22.37340      20.74825
      22.38360      20.74417
      22.39380      20.74012
      22.40390      20.73615
      22.41410      20.73216
      22.42430      20.72821
      22.43440      20.72433
      22.44460      20.72045
      22.45470      20.71663
      22.46490      20.71280
      22.47510      20.70901
      22.48520      20.70528
      22.49540      20.70154
      22.50560      20.69783
      22.51570      20.69419
      22.52590      20.69055
      22.53610      20.68693
      22.54620      20.68337
      22.55640      20.67981
      22.56660      20.67627
      22.57670      20.67280
      22.58690      20.66931
      22.59700      20.66589
      22.60720      20.66246
      22.61740      20.65906
      22.62750      20.65572
      22.63770      20.65237
      22.64790      20.64904
      22.65800      20.64578
      22.66820      20.64250
      22.67840      20.63925
      22.68850      20.63606
      22.69870      20.63286
      22.70890      20.62968
      22.71900      20.62656
      22.72920      20.62343
      22.73940      20.62032
      22.74950      20.61727
      22.75970      20.61420
      22.76980      20.61120
      22.78000      20.60818
      22.79020      20.60519
      22.80030      20.60224
      22.81050      20.59929
      22.82070      20.59636
      22.83080      20.59348
      22.84100      20.59060
      22.85120      20.58773
      22.86130      20.58492
      22.87150      20.58209
      22.88170      20.57929
      22.89180      20.57653
      22.90200      20.57376
      22.91210      20.57105
      22.92230      20.56832
      22.93250      20.56562
      22.94260      20.56296
      22.95280      20.56029
      22.96300      20.55764
      22.97310      20.55504
      22.98330      20.55243
      22.99350      20.54983
      23.00360      20.54728
      23.01380      20.54472
      23.02400      20.54218
      23.03410      20.53969
      23.04430      20.53718
      23.05450      20.53470
      23.06460      20.53225
      23.07480      20.52980
      23.08490      20.52739
      23.09510      20.52497
      23.10530      20.52256
      23.11540      20.52020
      23.12560      20.51783
      23.13580      20.51547
      23.14590      20.51316
      23.15610      20.51084
      23.16630      20.50853
      23.17640      20.50626
      23.18660      20.50398
      23.19680      20.50172
      23.20690      20.49950
      23.21710      20.49727
      23.22720      20.49508
      23.23740      20.49287
      23.24760      20.49069
      23.25770      20.48854
      23.26790      20.48638
      23.27810      20.48423
      23.28820      20.48213
      23.29840      20.48001
      23.30860      20.47791
      23.31870      20.47584
      23.32890      20.47377
      23.33910      20.47170
      23.34920      20.46968
      23.35940      20.46764
      23.36950      20.46564
      23.37970      20.46363
      23.38990      20.46164
      23.40000      20.45967
      23.41020      20.45770
      23.42040      20.45575
      23.43050      20.45382
      23.44070      20.45189
      23.45090      20.44997
      23.46100      20.44808
      23.47120      20.44618
      23.48140      20.44430
      23.49150      20.44244
      23.50170      20.44058
      23.51190      20.43873
      23.52200      20.43691
      23.53220      20.43509
      23.54230      20.43329
      23.55250      20.43149
      23.56270      20.42969
      23.57280      20.42793
      23.58300      20.42616
      23.59320      20.42440
      23.60330      20.42267
      23.61350      20.42093
      23.62370      20.41920
      23.63380      20.41751
      23.64400      20.41580
      23.65420      20.41410
      23.66430      20.41243
      23.67450      20.41076
      23.68460      20.40911
      23.69480      20.40746
      23.70500      20.40581
      23.71510      20.40419
      23.72530      20.40257
      23.73550      20.40095
      23.74560      20.39936
      23.75580      20.39776
      23.76600      20.39618
      23.77610      20.39462
      23.78630      20.39305
      23.79650      20.39149
      23.80660      20.38995
      23.81680      20.38841
      23.82700      20.38688
      23.83710      20.38538
      23.84730      20.38386
      23.85740      20.38237
      23.86760      20.38088
      23.87780      20.37939
      23.88790      20.37793
      23.89810      20.37646
      23.90830      20.37499
      23.91840      20.37355
      23.92860      20.37211
      23.93880      20.37067
      23.94890      20.36926
      23.95910      20.36784
      23.96930      20.36643
      23.97940      20.36504
      23.98960      20.36364
      23.99970      20.36227
      24.00990      20.36089
      24.02010      20.35952
      24.03020      20.35817
      24.04040      20.35681
      24.05060      20.35546
      24.06070      20.35413
      24.07090      20.35280
      24.08110      20.35147
      24.09120      20.35017
      24.10140      20.34886
      24.11160      20.34755
      24.12170      20.34627
      24.13190      20.34498
      24.14210      20.34370
      24.15220      20.34243
      24.16240      20.34117
      24.17250      20.33992
      24.18270      20.33866
      24.19290      20.33742
      24.20300      20.33619
      24.21320      20.33495
      24.22340      20.33373
      24.23350      20.33252
      24.24370      20.33130
      24.25390      20.33010
      24.26400      20.32891
      24.27420      20.32771
      24.28440      20.32653
      24.29450      20.32536
      24.30470      20.32418
      24.31480      20.32303
      24.32500      20.32186
      24.33520      20.32071
      24.34530      20.31957
      24.35550      20.31843
      24.36570      20.31729
      24.37580      20.31617
      24.38600      20.31504
      24.39620      20.31392
      24.40630      20.31282
      24.41650      20.31171
      24.42670      20.31061
      24.43680      20.30953
      24.44700      20.30844
      24.45720      20.30735
      24.46730      20.30628
      24.47750      20.30521
      24.48760      20.30415
      24.49780      20.30309
      24.50800      20.30203
      24.51810      20.30099
      24.52830      20.29995
      24.53850      20.29891
      24.54860      20.29788
      24.55880      20.29685
      24.56900      20.29583
      24.57910      20.29482
      24.58930      20.29381
      24.59950      20.29280
      24.60960      20.29181
      24.61980      20.29081
      24.62990      20.28982
      24.64010      20.28884
      24.65030      20.28785
      24.66040      20.28688
      24.67060      20.28591
      24.68080      20.28494
      24.69090      20.28399
      24.70110      20.28303
      24.71130      20.28208
      24.72140      20.28114
      24.73160      20.28019
      24.74180      20.27925
      24.75190      20.27833
      24.76210      20.27740
      24.77230      20.27647
      24.78240      20.27556
      24.79260      20.27464
      24.80270      20.27374
      24.81290      20.27284
      24.82310      20.27193
      24.83320      20.27104
      24.84340      20.27015
      24.85360      20.26926
      24.86370      20.26838
      24.87390      20.26750
      24.88410      20.26663
      24.89420      20.26576
      24.90440      20.26490
      24.91460      20.26403
      24.92470      20.26318
      24.93490      20.26233
      24.94500      20.26148
      24.95520      20.26064
      24.96540      20.25979
      24.97550      20.25896
      24.98570      20.25813
      24.99590      20.25730
      25.00600      20.25648
      25.01620      20.25566
      25.02640      20.25484
      25.03650      20.25403
      25.04670      20.25322
      25.05690      20.25241
      25.06700      20.25162
      25.07720      20.25082
      25.08740      20.25002
      25.09750      20.24924
      25.10770      20.24845
      25.11780      20.24767
      25.12800      20.24689
      25.13820      20.24611
      25.14830      20.24535
      25.15850      20.24458
      25.16870      20.24381
      25.17880      20.24306
      25.18900      20.24230
      25.19920      20.24154
      25.20930      20.24080
      25.21950      20.24005
      25.22970      20.23930
      25.23980      20.23857
      25.25000      20.23783
      25.26010      20.23710
      25.27030      20.23637
      25.28050      20.23564
      25.29060      20.23492
      25.30080      20.23420
      25.31100      20.23349
      25.32110      20.23278
      25.33130      20.23207
      25.34150      20.23136
      25.35160      20.23066
      25.36180      20.22996
      25.37200      20.22926
      25.38210      20.22857
      25.39230      20.22788
      25.40240      20.22720
      25.41260      20.22651
      25.42280      20.22583
      25.43290      20.22515
      25.44310      20.22448
      25.45330      20.22380
      25.46340      20.22314
      25.47360      20.22247
      25.48380      20.22180
      25.49390      20.22115
      25.50410      20.22049
      25.51430      20.21983
      25.52440      20.21919
      25.53460      20.21854
      25.54480      20.21789
      25.55490      20.21725
      25.56510      20.21661
      25.57520      20.21598
      25.58540      20.21534
      25.59560      20.21471
      25.60570      20.21408
      25.61590      20.21346
      25.62610      20.21283
      25.63620      20.21221
      25.64640      20.21159
      25.65660      20.21098
      25.66670      20.21037
      25.67690      20.20976
      25.68710      20.20915
      25.69720      20.20855
      25.70740      20.20794
      25.71750      20.20735
      25.72770      20.20675
      25.73790      20.20615
      25.74800      20.20557
      25.75820      20.20498
      25.76840      20.20439
      25.77850      20.20381
      25.78870      20.20323
      25.79890      20.20264
      25.80900      20.20207
      25.81920      20.20150
      25.82940      20.20092
      25.83950      20.20036
      25.84970      20.19979
      25.85990      20.19922
      25.87000      20.19867
      25.88020      20.19810
      25.89030      20.19755
      25.90050      20.19699
      25.91070      20.19644
      25.92080      20.19589
      25.93100      20.19534
      25.94120      20.19480
      25.95130      20.19426
      25.96150      20.19371
      25.97170      20.19317
      25.98180      20.19264
      25.99200      20.19210
      26.00220      20.19157
      26.01230      20.19104
      26.02250      20.19052
      26.03260      20.18999
      26.04280      20.18947
      26.05300      20.18894
      26.06310      20.18843
      26.07330      20.18791
      26.08350      20.18740
      26.09360      20.18689
      26.10380      20.18637
      26.11400      20.18586
      26.12410      20.18536
      26.13430      20.18485
      26.14450      20.18435
      26.15460      20.18385
      26.16480      20.18335
      26.17500      20.18286
      26.18510      20.18237
      26.19530      20.18187
      26.20540      20.18138
      26.21560      20.18089
      26.22580      20.18041
      26.23590      20.17993
      26.24610      20.17944
      26.25630      20.17896
      26.26640      20.17848
      26.27660      20.17801
      26.28680      20.17753
      26.29690      20.17706
      26.30710      20.17659
      26.31730      20.17612
      26.32740      20.17565
      26.33760      20.17519
      26.34770      20.17473
      26.35790      20.17426
      26.36810      20.17380
      26.37820      20.17335
      26.38840      20.17289
      26.39860      20.17243
      26.40870      20.17198
      26.41890      20.17153
      26.42910      20.17108
      26.43920      20.17064
      26.44940      20.17019
      26.45960      20.16974
      26.46970      20.16931
      26.47990      20.16886
      26.49010      20.16842
      26.50020      20.16799
      26.51040      20.16755
      26.52050      20.16712
      26.53070      20.16669
      26.54090      20.16626
      26.55100      20.16583
      26.56120      20.16540
      26.57140      20.16498
      26.58150      20.16456
      26.59170      20.16413
      26.60190      20.16371
      26.61200      20.16330
      26.62220      20.16288
      26.63240      20.16246
      26.64250      20.16205
      26.65270      20.16163
      26.66280      20.16123
      26.67300      20.16082
      26.68320      20.16041
      26.69330      20.16000
      26.70350      20.15960
      26.71370      20.15919
      26.72380      20.15879
      26.73400      20.15839
      26.74420      20.15799
      26.75430      20.15760
      26.76450      20.15720
      26.77470      20.15681
      26.78480      20.15642
      26.79500      20.15602
      26.80520      20.15563
      26.81530      20.15525
      26.82550      20.15486
      26.83560      20.15448
      26.84580      20.15409
      26.85600      20.15371
      26.86610      20.15333
      26.87630      20.15295
      26.88650      20.15257
      26.89660      20.15220
      26.90680      20.15182
      26.91700      20.15145
      26.92710      20.15108
      26.93730      20.15070
      26.94750      20.15033
      26.95760      20.14997
      26.96780      20.14960
      26.97790      20.14923
      26.98810      20.14887
      26.99830      20.14850
      27.00840      20.14814
      27.01860      20.14778
      27.02880      20.14742
      27.03890      20.14707
      27.04910      20.14671
      27.05930      20.14635
      27.06940      20.14600
      27.07960      20.14565
      27.08980      20.14529
      27.09990      20.14495
      27.11010      20.14460
      27.12020      20.14425
      27.13040      20.14390
      27.14060      20.14356
      27.15070      20.14322
      27.16090      20.14287
      27.17110      20.14253
      27.18120      20.14219
      27.19140      20.14185
      27.20160      20.14151
      27.21170      20.14118
      27.22190      20.14084
      27.23210      20.14051
      27.24220      20.14017
      27.25240      20.13984
      27.26260      20.13951
      27.27270      20.13918
      27.28290      20.13885
      27.29300      20.13853
      27.30320      20.13820
      27.31340      20.13788
      27.32350      20.13755
      27.33370      20.13723
      27.34390      20.13691
      27.35400      20.13659
      27.36420      20.13627
      27.37440      20.13595
      27.38450      20.13564
      27.39470      20.13532
      27.40490      20.13500
      27.41500      20.13469
      27.42520      20.13438
      27.43530      20.13407
      27.44550      20.13376
      27.45570      20.13345
      27.46580      20.13314
      27.47600      20.13283
      27.48620      20.13253
      27.49630      20.13222
      27.50650      20.13192
      27.51670      20.13161
      27.52680      20.13131
      27.53700      20.13101
      27.54720      20.13071
      27.55730      20.13041
      27.56750      20.13012
      27.57770      20.12982
      27.58780      20.12952
      27.59800      20.12923
      27.60810      20.12894
      27.61830      20.12864
      27.62850      20.12835
      27.63860      20.12806
      27.64880      20.00000
      27.65900      20.00000
      27.66910      20.00000
      27.67930      20.00000
      27.68950      20.00000
      27.69960      20.00000
      27.70980      20.00000
      27.72000      20.00000
      27.73010      20.00000
      27.74030      20.00000
      27.75040      20.00000
      27.76060      20.00000
      27.77080      20.00000
      27.78090      20.00000
      27.79110      20.00000
      27.80130      20.00000
      27.81140      20.00000
      27.82160      20.00000
      27.83180      20.00000
      27.84190      20.00000
      27.85210      20.00000
      27.86230      20.00000
      27.87240      20.00000
      27.88260      20.00000
      27.89280      20.00000
      27.90290      20.00000
      27.91310      20.00000
      27.92320      20.00000
      27.93340      20.00000
      27.94360      20.00000
      27.95370      20.00000
      27.96390      20.00000
      27.97410      20.00000
      27.98420      20.00000
      27.99440      20.00000
      28.00460      20.00000
      28.01470      20.00000
      28.02490      20.00000
      28.03510      20.00000
      28.04520      20.00000
      28.05540      20.00000
      28.06550      20.00000
      28.07570      20.00000
      28.08590      20.00000
      28.09600      20.00000
      28.10620      20.00000
      28.11640      20.00000
      28.12650      20.00000
      28.13670      20.00000
      28.14690      20.00000
      28.15700      20.00000
      28.16720      20.00000
      28.17740      20.00000
      28.18750      20.00000
      28.19770      20.00000
      28.20790      20.00000
      28.21800      20.00000
      28.22820      20.00000
      28.23830      20.00000
      28.24850      20.00000
      28.25870      20.00000
      28.26880      20.00000
      28.27900      20.00000
      28.28920      20.00000
      28.29930      20.00000
      28.30950      20.00000
      28.31970      20.00000
      28.32980      20.00000
      28.34000      20.00000
      28.35020      20.00000
      28.36030      20.00000
      28.37050      20.00000
      28.38060      20.00000
      28.39080      20.00000
      28.40100      20.00000
      28.41110      20.00000
      28.42130      20.00000
      28.43150      20.00000
      28.44160      20.00000
      28.45180      20.00000
      28.46200      20.00000
      28.47210      20.00000
      28.48230      20.00000
      28.49250      20.00000
      28.50260      20.00000
      28.51280      20.00000
      28.52300      20.00000
      28.53310      20.00000
      28.54330      20.00000
      28.55340      20.00000
      28.56360      20.00000
      28.57380      20.00000
      28.58390      20.00000
      28.59410      20.00000
      28.60430      20.00000
      28.61440      20.00000
      28.62460      20.00000
      28.63480      20.00000
      28.64490      20.00000
      28.65510      20.00000
      28.66530      20.00000
      28.67540      20.00000
      28.68560      20.00000
      28.69570      20.00000
      28.70590      20.00000
      28.71610      20.00000
      28.72620      20.00000
      28.73640      20.00000
      28.74660      20.00000
      28.75670      20.00000
      28.76690      20.00000
      28.77710      20.00000
      28.78720      20.00000
      28.79740      20.00000
      28.80760      20.00000
      28.81770      20.00000
      28.82790      20.00000
      28.83810      20.00000
      28.84820      20.00000
      28.85840      20.00000
      28.86850      20.00000
      28.87870      20.00000
      28.88890      20.00000
      28.89900      20.00000
      28.90920      20.00000
      28.91940      20.00000
      28.92950      20.00000
      28.93970      20.00000
      28.94990      20.00000
      28.96000      20.00000
      28.97020      20.00000
      28.98040      20.00000
      28.99050      20.00000
      29.00070      20.00000
      29.01080      20.00000
      29.02100      20.00000
      29.03120      20.00000
      29.04130      20.00000
      29.05150      20.00000
      29.06170      20.00000
      29.07180      20.00000
      29.08200      20.00000
      29.09220      20.00000
      29.10230      20.00000
      29.11250      20.00000
      29.12270      20.00000
      29.13280      20.00000
      29.14300      20.00000
      29.15310      20.00000
      29.16330      20.00000
      29.17350      20.00000
      29.18360      20.00000
      29.19380      20.00000
      29.20400      20.00000
      29.21410      20.00000
      29.22430      20.00000
      29.23450      20.00000
      29.24460      20.00000
      29.25480      20.00000
      29.26500      20.00000
      29.27510      20.00000
      29.28530      20.00000
      29.29550      20.00000
      29.30560      20.00000
      29.31580      20.00000
      29.32590      20.00000
      29.33610      20.00000
      29.34630      20.00000
      29.35640      20.00000
      29.36660      20.00000
      29.37680      20.00000
      29.38690      20.00000
      29.39710      20.00000
      29.40730      20.00000
      29.41740      20.00000
      29.42760      20.00000
      29.43780      20.00000
      29.44790      20.00000
      29.45810      20.00000
      29.46820      20.00000
      29.47840      20.00000
      29.48860      20.00000
      29.49870      20.00000
      29.50890      20.00000
      29.51910      20.00000
      29.52920      20.00000
      29.53940      20.00000
      29.54960      20.00000
      29.55970      20.00000
      29.56990      20.00000
      29.58010      20.00000
      29.59020      20.00000
      29.60040      20.00000
      29.61060      20.00000
      29.62070      20.00000
      29.63090      20.00000
      29.64100      20.00000
      29.65120      20.00000
      29.66140      20.00000
      29.67150      20.00000
      29.68170      20.00000
      29.69190      20.00000
      29.70200      20.00000
      29.71220      20.00000
      29.72240      20.00000
      29.73250      20.00000
      29.74270      20.00000
      29.75290      20.00000
      29.76300      20.00000
      29.77320      20.00000
      29.78330      20.00000
      29.79350      20.00000
      29.80370      20.00000
      29.81380      20.00000
      29.82400      20.00000
      29.83420      20.00000
      29.84430      20.00000
      29.85450      20.00000
      29.86470      20.00000
      29.87480      20.00000
      29.88500      20.00000
      29.89520      20.00000
      29.90530      20.00000
      29.91550      20.00000
      29.92570      20.00000
      29.93580      20.00000
      29.94600      20.00000
      29.95610      20.00000
      29.96630      20.00000
      29.97650      20.00000
      29.98660      20.00000
      29.99680      20.00000
      30.00700      20.00000
      30.01710      20.00000
      30.02730      20.00000
      30.03750      20.00000
      30.04760      20.00000
      30.05780      20.00000
      30.06800      20.00000
      30.07810      20.00000
      30.08830      20.00000
      30.09840      20.00000
      30.10860      20.00000
      30.11880      20.00000
      30.12890      20.00000
      30.13910      20.00000
      30.14930      20.00000
      30.15940      20.00000
      30.16960      20.00000
      30.17980      20.00000
      30.18990      20.00000
      30.20010      20.00000
      30.21030      20.00000
      30.22040      20.00000
      30.23060      20.00000
      30.24080      20.00000
      30.25090      20.00000
      30.26110      20.00000
      30.27120      20.00000
      30.28140      20.00000
      30.29160      20.00000
      30.30170      20.00000
      30.31190      20.00000
      30.32210      20.00000
      30.33220      20.00000
      30.34240      20.00000
      30.35260      20.00000
      30.36270      20.00000
      30.37290      20.00000
      30.38310      20.00000
      30.39320      20.00000
      30.40340      20.00000
      30.41350      20.00000
      30.42370      20.00000
      30.43390      20.00000
      30.44400      20.00000
      30.45420      20.00000
      30.46440      20.00000
      30.47450      20.00000
      30.48470      20.00000
      30.49490      20.00000
      30.50500      20.00000
      30.51520      20.00000
      30.52540      20.00000
      30.53550      20.00000
      30.54570      20.00000
      30.55590      20.00000
      30.56600      20.00000
      30.57620      20.00000
      30.58630      20.00000
      30.59650      20.00000
      30.60670      20.00000
      30.61680      20.00000
      30.62700      20.00000
      30.63720      20.00000
      30.64730      20.00000
      30.65750      20.00000
      30.66770      20.00000
      30.67780      20.00000
      30.68800      20.00000
      30.69820      20.00000
      30.70830      20.00000
      30.71850      20.00000
      30.72860      20.00000
      30.73880      20.00000
      30.74900      20.00000
      30.75910      20.00000
      30.76930      20.00000
      30.77950      20.00000
      30.78960      20.00000
      30.79980      20.00000
      30.81000      20.00000
      30.82010      20.00000
      30.83030      20.00000
      30.84050      20.00000
      30.85060      20.00000
      30.86080      20.00000
      30.87100      20.00000
      30.88110      20.00000
      30.89130      20.00000
      30.90140      20.00000
      30.91160      20.00000
      30.92180      20.00000
      30.93190      20.00000
      30.94210      20.00000
      30.95230      20.00000
      30.96240      20.00000
      30.97260      20.00000
      30.98280      20.00000
      30.99290      20.00000
      31.00310      20.00000
      31.01330      20.00000
      31.02340      20.00000
      31.03360      20.00000
      31.04370      20.00000
      31.05390      20.00000
      31.06410      20.00000
      31.07420      20.00000
      31.08440      20.00000
      31.09460      20.00000
      31.10470      20.00000
      31.11490      20.00000
      31.12510      20.00000
      31.13520      20.00000
      31.14540      20.00000
      31.15560      20.00000
      31.16570      20.00000
      31.17590      20.00000
      31.18600      20.00000
      31.19620      20.00000
      31.20640      20.00000
      31.21650      20.00000
      31.22670      20.00000
      31.23690      20.00000
      31.24700      20.00000
      31.25720      20.00000
      31.26740      20.00000
      31.27750      20.00000
      31.28770      20.00000
      31.29790      20.00000
      31.30800      20.00000
      31.31820      20.00000
      31.32840      20.00000
      31.33850      20.00000
      31.34870      20.00000
      31.35880      20.00000
      31.36900      20.00000
      31.37920      20.00000
      31.38930      20.00000
      31.39950      20.00000
      31.40970      20.00000
      31.41980      20.00000
      31.43000      20.00000
      31.44020      20.00000
      31.45030      20.00000
      31.46050      20.00000
      31.47070      20.00000
      31.48080      20.00000
      31.49100      20.00000
      31.50110      20.00000
      31.51130      20.00000
      31.52150      20.00000
      31.53160      20.00000
      31.54180      20.00000
      31.55200      20.00000
      31.56210      20.00000
      31.57230      20.00000
      31.58250      20.00000
      31.59260      20.00000
      31.60280      20.00000
      31.61300      20.00000
      31.62310      20.00000
      31.63330      20.00000
      31.64350      20.00000
      31.65360      20.00000
      31.66380      20.00000
      31.67390      20.00000
      31.68410      20.00000
      31.69430      20.00000
      31.70440      20.00000
      31.71460      20.00000
      31.72480      20.00000
      31.73490      20.00000
      31.74510      20.00000
      31.75530      20.00000
      31.76540      20.00000
      31.77560      20.00000
      31.78580      20.00000
      31.79590      20.00000
      31.80610      20.00000
      31.81620      20.00000
      31.82640      20.00000
      31.83660      20.00000
      31.84670      20.00000
      31.85690      20.00000
      31.86710      20.00000
      31.87720      20.00000
      31.88740      20.00000
      31.89760      20.00000
      31.90770      20.00000
      31.91790      20.00000
      31.92810      20.00000
      31.93820      20.00000
      31.94840      20.00000
      31.95860      20.00000
      31.96870      20.00000
      31.97890      20.00000
      31.98900      20.00000
      31.99920      20.00000
      32.00940      20.00000
      32.01950      20.00000
      32.02970      20.00000
      32.03990      20.00000
      32.05000      20.00000
      32.06020      20.00000
      32.07040      20.00000
      32.08050      20.00000
      32.09070      20.00000
      32.10090      20.00000
      32.11100      20.00000
      32.12120      20.00000
      32.13130      20.00000
      32.14150      20.00000
      32.15170      20.00000
      32.16180      20.00000
      32.17200      20.00000
      32.18220      20.00000
      32.19230      20.00000
      32.20250      20.00000
      32.21270      20.00000
      32.22280      20.00000
      32.23300      20.00000
      32.24320      20.00000
      32.25330      20.00000
      32.26350      20.00000
      32.27370      20.00000
      32.28380      20.00000
      32.29400      20.00000
      32.30410      20.00000
      32.31430      20.00000
      32.32450      20.00000
      32.33460      20.00000
      32.34480      20.00000
      32.35500      20.00000
      32.36510      20.00000
      32.37530      20.00000
      32.38550      20.00000
      32.39560      20.00000
      32.40580      20.00000
      32.41600      20.00000
      32.42610      20.00000
      32.43630      20.00000
      32.44640      20.00000
      32.45660      20.00000
      32.46680      20.00000
      32.47690      20.00000
      32.48710      20.00000
      32.49730      20.00000
      32.50740      20.00000
      32.51760      20.00000
      32.52780      20.00000
      32.53790      20.00000
      32.54810      20.00000
      32.55830      20.00000
      32.56840      20.00000
      32.57860      20.00000
      32.58880      20.00000
      32.59890      20.00000
      32.60910      20.00000
      32.61920      20.00000
      32.62940      20.00000
      32.63960      20.00000
      32.64970      20.00000
      32.65990      20.00000
      32.67010      20.00000
      32.68020      20.00000
      32.69040      20.00000
      32.70060      20.00000
      32.71070      20.00000
      32.72090      20.00000
      32.73110      20.00000
      32.74120      20.00000
      32.75140      20.00000
      32.76150      20.00000
      32.77170      20.00000
      32.78190      20.00000
      32.79200      20.00000
      32.80220      20.00000
      32.81240      20.00000
      32.82250      20.00000
      32.83270      20.00000
      32.84290      20.00000
      32.85300      20.00000
      32.86320      20.00000
      32.87340      20.00000
      32.88350      20.00000
      32.89370      20.00000
      32.90390      20.00000
      32.91400      20.00000
      32.92420      20.00000
      32.93430      20.00000
      32.94450      20.00000
      32.95470      20.00000
      32.96480      20.00000
      32.97500      20.00000
      32.98520      20.00000
      32.99530      20.00000
      33.00550      20.00000
      33.01570      20.00000
      33.02580      20.00000
      33.03600      20.00000
      33.04620      20.00000
      33.05630      20.00000
      33.06650      20.00000
      33.07660      20.00000
      33.08680      20.00000
      33.09700      20.00000
      33.10710      20.00000
      33.11730      20.00000
      33.12750      20.00000
      33.13760      20.00000
      33.14780      20.00000
      33.15800      20.00000
      33.16810      20.00000
      33.17830      20.00000
      33.18850      20.00000
      33.19860      20.00000
      33.20880      20.00000
      33.21890      20.00000
      33.22910      20.00000
      33.23930      20.00000
      33.24940      20.00000
      33.25960      20.00000
      33.26980      20.00000
      33.27990      20.00000
      33.29010      20.00000
      33.30030      20.00000
      33.31040      20.00000
      33.32060      20.00000
      33.33080      20.00000
      33.34090      20.00000
      33.35110      20.00000
      33.36130      20.00000
      33.37140      20.00000
      33.38160      20.00000
      33.39170      20.00000
      33.40190      20.00000
      33.41210      20.00000
      33.42220      20.00000
      33.43240      20.00000
      33.44260      20.00000
      33.45270      20.00000
      33.46290      20.00000
      33.47310      20.00000
      33.48320      20.00000
      33.49340      20.00000
      33.50360      20.00000
      33.51370      20.00000
      33.52390      20.00000
      33.53400      20.00000
      33.54420      20.00000
      33.55440      20.00000
      33.56450      20.00000
      33.57470      20.00000
      33.58490      20.00000
      33.59500      20.00000
      33.60520      20.00000
      33.61540      20.00000
      33.62550      20.00000
      33.63570      20.00000
      33.64590      20.00000
      33.65600      20.00000
      33.66620      20.00000
      33.67640      20.00000
      33.68650      20.00000
      33.69670      20.00000
      33.70680      20.00000
      33.71700      20.00000
      33.72720      20.00000
      33.73730      20.00000
      33.74750      20.00000
      33.75770      20.00000
      33.76780      20.00000
      33.77800      20.00000
      33.78820      20.00000
      33.79830      20.00000
      33.80850      20.00000
      33.81870      20.00000
      33.82880      20.00000
      33.83900      20.00000
      33.84910      20.00000
      33.85930      20.00000
      33.86950      20.00000
      33.87960      20.00000
      33.88980      20.00000
      33.90000      20.00000
      33.91010      20.00000
      33.92030      20.00000
      33.93050      20.00000
      33.94060      20.00000
      33.95080      20.00000
      33.96100      20.00000
      33.97110      20.00000
      33.98130      20.00000
      33.99150      20.00000
      34.00160      20.00000
      34.01180      20.00000
      34.02190      20.00000
      34.03210      20.00000
      34.04230      20.00000
      34.05240      20.00000
      34.06260      20.00000
      34.07280      20.00000
      34.08290      20.00000
      34.09310      20.00000
      34.10330      20.00000
      34.11340      20.00000
      34.12360      20.00000
      34.13380      20.00000
      34.14390      20.00000
      34.15410      20.00000
      34.16420      20.00000
      34.17440      20.00000
      34.18460      20.00000
      34.19470      20.00000
      34.20490      20.00000
      34.21510      20.00000
      34.22520      20.00000
      34.23540      20.00000
      34.24560      20.00000
      34.25570      20.00000
      34.26590      20.00000
      34.27610      20.00000
      34.28620      20.00000
      34.29640      20.00000
      34.30660      20.00000
      34.31670      20.00000
      34.32690      20.00000
      34.33700      20.00000
      34.34720      20.00000
      34.35740      20.00000
      34.36750      20.00000
      34.37770      20.00000
      34.38790      20.00000
      34.39800      20.00000
      34.40820      20.00000
      34.41840      20.00000
      34.42850      20.00000
      34.43870      20.00000
      34.44890      20.00000
      34.45900      20.00000
      34.46920      20.00000
      34.47930      20.00000
      34.48950      20.00000
      34.49970      20.00000
      34.50980      20.00000
      34.52000      20.00000
      34.53020      20.00000
      34.54030      20.00000
      34.55050      20.00000
      34.56070      20.00000
      34.57080      20.00000
      34.58100      20.00000
      34.59120      20.00000
      34.60130      20.00000
      34.61150      20.00000
      34.62170      20.00000
      34.63180      20.00000
      34.64200      20.00000
      34.65210      20.00000
      34.66230      20.00000
      34.67250      20.00000
      34.68260      20.00000
      34.69280      20.00000
      34.70300      20.00000
      34.71310      20.00000
      34.72330      20.00000
      34.73350      20.00000
      34.74360      20.00000
      34.75380      20.00000
      34.76400      20.00000
      34.77410      20.00000
      34.78430      20.00000
      34.79440      20.00000
      34.80460      20.00000
      34.81480      20.00000
      34.82490      20.00000
      34.83510      20.00000
      34.84530      20.00000
      34.85540      20.00000
      34.86560      20.00000
      34.87580      20.00000
      34.88590      20.00000
      34.89610      20.00000
      34.90630      20.00000
      34.91640      20.00000
      34.92660      20.00000
      34.93670      20.00000
      34.94690      20.00000
      34.95710      20.00000
      34.96720      20.00000
      34.97740      20.00000
      34.98760      20.00000
      34.99770      20.00000
      35.00790      20.00000
      35.01810      20.00000
      35.02820      20.00000
      35.03840      20.00000
      35.04860      20.00000
      35.05870      20.00000
      35.06890      20.00000
      35.07910      20.00000
      35.08920      20.00000
      35.09940      20.00000
      35.10950      20.00000
      35.11970      20.00000
      35.12990      20.00000
      35.14000      20.00000
      35.15020      20.00000
      35.16040      20.00000
      35.17050      20.00000
      35.18070      20.00000
      35.19090      20.00000
      35.20100      20.00000
      35.21120      20.00000
      35.22140      20.00000
      35.23150      20.00000
      35.24170      20.00000
      35.25180      20.00000
      35.26200      20.00000
      35.27220      20.00000
      35.28230      20.00000
      35.29250      20.00000
      35.30270      20.00000
      35.31280      20.00000
      35.32300      20.00000
      35.33320      20.00000
      35.34330      20.00000
      35.35350      20.00000
      35.36370      20.00000
      35.37380      20.00000
      35.38400      20.00000
      35.39420      20.00000
      35.40430      20.00000
      35.41450      20.00000
      35.42460      20.00000
      35.43480      20.00000
      35.44500      20.00000
      35.45510      20.00000
      35.46530      20.00000
      35.47550      20.00000
      35.48560      20.00000
      35.49580      20.00000
      35.50600      20.00000
      35.51610      20.00000
      35.52630      20.00000
      35.53650      20.00000
      35.54660      20.00000
      35.55680      20.00000
      35.56690      20.00000
      35.57710      20.00000
      35.58730      20.00000
      35.59740      20.00000
      35.60760      20.00000
      35.61780      20.00000
      35.62790      20.00000
      35.63810      20.00000
      35.64830      20.00000
      35.65840      20.00000
      35.66860      20.00000
      35.67880      20.00000
      35.68890      20.00000
      35.69910      20.00000
      35.70930      20.00000
      35.71940      20.00000
      35.72960      20.00000
      35.73970      20.00000
      35.74990      20.00000
      35.76010      20.00000
      35.77020      20.00000
      35.78040      20.00000
      35.79060      20.00000
      35.80070      20.00000
      35.81090      20.00000
      35.82110      20.00000
      35.83120      20.00000
      35.84140      20.00000
      35.85160      20.00000
      35.86170      20.00000
      35.87190      20.00000
      35.88200      20.00000
      35.89220      20.00000
      35.90240      20.00000
      35.91250      20.00000
      35.92270      20.00000
      35.93290      20.00000
      35.94300      20.00000
      35.95320      20.00000
      35.96340      20.00000
      35.97350      20.00000
      35.98370      20.00000
      35.99390      20.00000
