! TITLE: Yobs                                                                                                                                                                                                                                                            
! peaks position
      18.66256      -5.06300
      20.48981      -5.06300
      22.49946      -5.06300
      28.56859      -5.06300
      29.00072      -5.06300
      33.16091      -5.06300
      17.47285      -5.06300
      19.74696      -5.06300
