! TITLE: Yobs                                                                                                                                                                                                                                                            
! Peak:  6
       6.00860      20.00767
       6.01870      20.00768
       6.02890      20.00768
       6.03910      20.00769
       6.04920      20.00770
       6.05940      20.00770
       6.06960      20.00771
       6.07970      20.00771
       6.08990      20.00772
       6.10010      20.00772
       6.11020      20.00773
       6.12040      20.00774
       6.13060      20.00774
       6.14070      20.00775
       6.15090      20.00775
       6.16110      20.00776
       6.17120      20.00776
       6.18140      20.00777
       6.19150      20.00778
       6.20170      20.00778
       6.21190      20.00779
       6.22200      20.00780
       6.23220      20.00780
       6.24240      20.00781
       6.25250      20.00781
       6.26270      20.00782
       6.27290      20.00782
       6.28300      20.00783
       6.29320      20.00784
       6.30340      20.00784
       6.31350      20.00785
       6.32370      20.00785
       6.33380      20.00786
       6.34400      20.00787
       6.35420      20.00787
       6.36430      20.00788
       6.37450      20.00788
       6.38470      20.00789
       6.39480      20.00789
       6.40500      20.00790
       6.41520      20.00791
       6.42530      20.00791
       6.43550      20.00792
       6.44570      20.00793
       6.45580      20.00793
       6.46600      20.00794
       6.47620      20.00794
       6.48630      20.00795
       6.49650      20.00795
       6.50660      20.00796
       6.51680      20.00797
       6.52700      20.00797
       6.53710      20.00798
       6.54730      20.00798
       6.55750      20.00799
       6.56760      20.00800
       6.57780      20.00800
       6.58800      20.00801
       6.59810      20.00801
       6.60830      20.00802
       6.61850      20.00803
       6.62860      20.00803
       6.63880      20.00804
       6.64890      20.00805
       6.65910      20.00805
       6.66930      20.00806
       6.67940      20.00806
       6.68960      20.00807
       6.69980      20.00808
       6.70990      20.00808
       6.72010      20.00809
       6.73030      20.00809
       6.74040      20.00810
       6.75060      20.00811
       6.76080      20.00811
       6.77090      20.00812
       6.78110      20.00813
       6.79130      20.00813
       6.80140      20.00814
       6.81160      20.00814
       6.82170      20.00815
       6.83190      20.00816
       6.84210      20.00816
       6.85220      20.00817
       6.86240      20.00817
       6.87260      20.00818
       6.88270      20.00819
       6.89290      20.00819
       6.90310      20.00820
       6.91320      20.00821
       6.92340      20.00821
       6.93360      20.00822
       6.94370      20.00822
       6.95390      20.00823
       6.96400      20.00824
       6.97420      20.00824
       6.98440      20.00825
       6.99450      20.00826
       7.00470      20.00826
       7.01490      20.00827
       7.02500      20.00828
       7.03520      20.00828
       7.04540      20.00829
       7.05550      20.00830
       7.06570      20.00830
       7.07590      20.00831
       7.08600      20.00831
       7.09620      20.00832
       7.10640      20.00833
       7.11650      20.00833
       7.12670      20.00834
       7.13680      20.00835
       7.14700      20.00835
       7.15720      20.00836
       7.16730      20.00837
       7.17750      20.00837
       7.18770      20.00838
       7.19780      20.00838
       7.20800      20.00839
       7.21820      20.00840
       7.22830      20.00841
       7.23850      20.00841
       7.24870      20.00842
       7.25880      20.00842
       7.26900      20.00843
       7.27910      20.00844
       7.28930      20.00844
       7.29950      20.00845
       7.30960      20.00846
       7.31980      20.00846
       7.33000      20.00847
       7.34010      20.00848
       7.35030      20.00848
       7.36050      20.00849
       7.37060      20.00850
       7.38080      20.00850
       7.39100      20.00851
       7.40110      20.00852
       7.41130      20.00852
       7.42150      20.00853
       7.43160      20.00854
       7.44180      20.00854
       7.45190      20.00855
       7.46210      20.00856
       7.47230      20.00856
       7.48240      20.00857
       7.49260      20.00858
       7.50280      20.00858
       7.51290      20.00859
       7.52310      20.00860
       7.53330      20.00860
       7.54340      20.00861
       7.55360      20.00862
       7.56380      20.00863
       7.57390      20.00863
       7.58410      20.00864
       7.59420      20.00864
       7.60440      20.00865
       7.61460      20.00866
       7.62470      20.00867
       7.63490      20.00867
       7.64510      20.00868
       7.65520      20.00869
       7.66540      20.00869
       7.67560      20.00870
       7.68570      20.00871
       7.69590      20.00871
       7.70610      20.00872
       7.71620      20.00873
       7.72640      20.00873
       7.73650      20.00874
       7.74670      20.00875
       7.75690      20.00875
       7.76700      20.00876
       7.77720      20.00877
       7.78740      20.00878
       7.79750      20.00878
       7.80770      20.00879
       7.81790      20.00880
       7.82800      20.00880
       7.83820      20.00881
       7.84840      20.00882
       7.85850      20.00882
       7.86870      20.00883
       7.87890      20.00884
       7.88900      20.00884
       7.89920      20.00885
       7.90930      20.00886
       7.91950      20.00887
       7.92970      20.00887
       7.93980      20.00888
       7.95000      20.00889
       7.96020      20.00889
       7.97030      20.00890
       7.98050      20.00891
       7.99070      20.00892
       8.00080      20.00892
       8.01100      20.00893
       8.02120      20.00894
       8.03130      20.00895
       8.04150      20.00895
       8.05160      20.00896
       8.06180      20.00897
       8.07200      20.00897
       8.08210      20.00898
       8.09230      20.00899
       8.10250      20.00900
       8.11260      20.00900
       8.12280      20.00901
       8.13300      20.00902
       8.14310      20.00902
       8.15330      20.00903
       8.16350      20.00904
       8.17360      20.00905
       8.18380      20.00905
       8.19400      20.00906
       8.20410      20.00907
       8.21430      20.00908
       8.22440      20.00908
       8.23460      20.00909
       8.24480      20.00910
       8.25490      20.00910
       8.26510      20.00911
       8.27530      20.00912
       8.28540      20.00913
       8.29560      20.00913
       8.30580      20.00914
       8.31590      20.00915
       8.32610      20.00916
       8.33630      20.00916
       8.34640      20.00917
       8.35660      20.00918
       8.36670      20.00919
       8.37690      20.00919
       8.38710      20.00920
       8.39720      20.00921
       8.40740      20.00922
       8.41760      20.00922
       8.42770      20.00923
       8.43790      20.00924
       8.44810      20.00924
       8.45820      20.00925
       8.46840      20.00926
       8.47860      20.00927
       8.48870      20.00928
       8.49890      20.00928
       8.50910      20.00929
       8.51920      20.00930
       8.52940      20.00931
       8.53950      20.00931
       8.54970      20.00932
       8.55990      20.00933
       8.57000      20.00934
       8.58020      20.00934
       8.59040      20.00935
       8.60050      20.00936
       8.61070      20.00937
       8.62090      20.00937
       8.63100      20.00938
       8.64120      20.00939
       8.65140      20.00940
       8.66150      20.00941
       8.67170      20.00941
       8.68180      20.00942
       8.69200      20.00943
       8.70220      20.00944
       8.71230      20.00944
       8.72250      20.00945
       8.73270      20.00946
       8.74280      20.00947
       8.75300      20.00948
       8.76320      20.00948
       8.77330      20.00949
       8.78350      20.00950
       8.79370      20.00951
       8.80380      20.00951
       8.81400      20.00952
       8.82420      20.00953
       8.83430      20.00954
       8.84450      20.00955
       8.85460      20.00955
       8.86480      20.00956
       8.87500      20.00957
       8.88510      20.00958
       8.89530      20.00959
       8.90550      20.00959
       8.91560      20.00960
       8.92580      20.00961
       8.93600      20.00962
       8.94610      20.00962
       8.95630      20.00963
       8.96650      20.00964
       8.97660      20.00965
       8.98680      20.00966
       8.99690      20.00966
       9.00710      20.00967
       9.01730      20.00968
       9.02740      20.00969
       9.03760      20.00970
       9.04780      20.00971
       9.05790      20.00971
       9.06810      20.00972
       9.07830      20.00973
       9.08840      20.00974
       9.09860      20.00975
       9.10880      20.00975
       9.11890      20.00976
       9.12910      20.00977
       9.13930      20.00978
       9.14940      20.00979
       9.15960      20.00980
       9.16970      20.00980
       9.17990      20.00981
       9.19010      20.00982
       9.20020      20.00983
       9.21040      20.00984
       9.22060      20.00985
       9.23070      20.00985
       9.24090      20.00986
       9.25110      20.00987
       9.26120      20.00988
       9.27140      20.00989
       9.28160      20.00990
       9.29170      20.00990
       9.30190      20.00991
       9.31200      20.00992
       9.32220      20.00993
       9.33240      20.00994
       9.34250      20.00994
       9.35270      20.00995
       9.36290      20.00996
       9.37300      20.00997
       9.38320      20.00998
       9.39340      20.00999
       9.40350      20.00999
       9.41370      20.01000
       9.42390      20.01001
       9.43400      20.01002
       9.44420      20.01003
       9.45440      20.01004
       9.46450      20.01005
       9.47470      20.01006
       9.48480      20.01006
       9.49500      20.01007
       9.50520      20.01008
       9.51530      20.01009
       9.52550      20.01010
       9.53570      20.01011
       9.54580      20.01011
       9.55600      20.01012
       9.56620      20.01013
       9.57630      20.01014
       9.58650      20.01015
       9.59670      20.01016
       9.60680      20.01017
       9.61700      20.01018
       9.62710      20.01018
       9.63730      20.01019
       9.64750      20.01020
       9.65760      20.01021
       9.66780      20.01022
       9.67800      20.01023
       9.68810      20.01024
       9.69830      20.01024
       9.70850      20.01025
       9.71860      20.01026
       9.72880      20.01027
       9.73900      20.01028
       9.74910      20.01029
       9.75930      20.01030
       9.76940      20.01031
       9.77960      20.01031
       9.78980      20.01032
       9.79990      20.01033
       9.81010      20.01034
       9.82030      20.01035
       9.83040      20.01036
       9.84060      20.01037
       9.85080      20.01038
       9.86090      20.01039
       9.87110      20.01040
       9.88130      20.01040
       9.89140      20.01041
       9.90160      20.01042
       9.91180      20.01043
       9.92190      20.01044
       9.93210      20.01045
       9.94220      20.01046
       9.95240      20.01047
       9.96260      20.01048
       9.97270      20.01049
       9.98290      20.01049
       9.99310      20.01050
      10.00320      20.01051
      10.01340      20.01052
      10.02360      20.01053
      10.03370      20.01054
      10.04390      20.01055
      10.05410      20.01056
      10.06420      20.01057
      10.07440      20.01058
      10.08450      20.01059
      10.09470      20.01060
      10.10490      20.01060
      10.11500      20.01061
      10.12520      20.01062
      10.13540      20.01063
      10.14550      20.01064
      10.15570      20.01065
      10.16590      20.01066
      10.17600      20.01067
      10.18620      20.01068
      10.19640      20.01069
      10.20650      20.01070
      10.21670      20.01071
      10.22690      20.01072
      10.23700      20.01073
      10.24720      20.01074
      10.25730      20.01074
      10.26750      20.01075
      10.27770      20.01076
      10.28780      20.01077
      10.29800      20.01078
      10.30820      20.01079
      10.31830      20.01080
      10.32850      20.01081
      10.33870      20.01082
      10.34880      20.01083
      10.35900      20.01084
      10.36920      20.01085
      10.37930      20.01086
      10.38950      20.01087
      10.39960      20.01088
      10.40980      20.01089
      10.42000      20.01090
      10.43010      20.01091
      10.44030      20.01092
      10.45050      20.01093
      10.46060      20.01094
      10.47080      20.01095
      10.48100      20.01096
      10.49110      20.01097
      10.50130      20.01097
      10.51150      20.01098
      10.52160      20.01099
      10.53180      20.01100
      10.54200      20.01101
      10.55210      20.01102
      10.56230      20.01103
      10.57240      20.01104
      10.58260      20.01105
      10.59280      20.01106
      10.60290      20.01107
      10.61310      20.01108
      10.62330      20.01109
      10.63340      20.01110
      10.64360      20.01111
      10.65380      20.01112
      10.66390      20.01113
      10.67410      20.01114
      10.68430      20.01115
      10.69440      20.01116
      10.70460      20.01117
      10.71470      20.01118
      10.72490      20.01119
      10.73510      20.01120
      10.74520      20.01121
      10.75540      20.01122
      10.76560      20.01123
      10.77570      20.01124
      10.78590      20.01125
      10.79610      20.01126
      10.80620      20.01127
      10.81640      20.01128
      10.82660      20.01129
      10.83670      20.01130
      10.84690      20.01131
      10.85710      20.01132
      10.86720      20.01133
      10.87740      20.01134
      10.88750      20.01135
      10.89770      20.01136
      10.90790      20.01137
      10.91800      20.01138
      10.92820      20.01139
      10.93840      20.01141
      10.94850      20.01142
      10.95870      20.01143
      10.96890      20.01144
      10.97900      20.01145
      10.98920      20.01146
      10.99940      20.01147
      11.00950      20.01148
      11.01970      20.01149
      11.02980      20.01150
      11.04000      20.01151
      11.05020      20.01152
      11.06030      20.01153
      11.07050      20.01154
      11.08070      20.01155
      11.09080      20.01156
      11.10100      20.01157
      11.11120      20.01158
      11.12130      20.01159
      11.13150      20.01160
      11.14170      20.01161
      11.15180      20.01163
      11.16200      20.01163
      11.17220      20.01165
      11.18230      20.01166
      11.19250      20.01167
      11.20260      20.01168
      11.21280      20.01169
      11.22300      20.01170
      11.23310      20.01171
      11.24330      20.01172
      11.25350      20.01173
      11.26360      20.01174
      11.27380      20.01175
      11.28400      20.01176
      11.29410      20.01177
      11.30430      20.01179
      11.31450      20.01180
      11.32460      20.01181
      11.33480      20.01182
      11.34490      20.01183
      11.35510      20.01184
      11.36530      20.01185
      11.37540      20.01186
      11.38560      20.01187
      11.39580      20.01188
      11.40590      20.01189
      11.41610      20.01191
      11.42630      20.01192
      11.43640      20.01193
      11.44660      20.01194
      11.45680      20.01195
      11.46690      20.01196
      11.47710      20.01197
      11.48730      20.01198
      11.49740      20.01199
      11.50760      20.01200
      11.51770      20.01202
      11.52790      20.01203
      11.53810      20.01204
      11.54820      20.01205
      11.55840      20.01206
      11.56860      20.01207
      11.57870      20.01208
      11.58890      20.01209
      11.59910      20.01211
      11.60920      20.01212
      11.61940      20.01213
      11.62960      20.01214
      11.63970      20.01215
      11.64990      20.01216
      11.66000      20.01217
      11.67020      20.01218
      11.68040      20.01220
      11.69050      20.01221
      11.70070      20.01222
      11.71090      20.01223
      11.72100      20.01224
      11.73120      20.01225
      11.74140      20.01226
      11.75150      20.01228
      11.76170      20.01229
      11.77190      20.01230
      11.78200      20.01231
      11.79220      20.01232
      11.80230      20.01233
      11.81250      20.01235
      11.82270      20.01236
      11.83280      20.01237
      11.84300      20.01238
      11.85320      20.01239
      11.86330      20.01240
      11.87350      20.01241
      11.88370      20.01243
      11.89380      20.01244
      11.90400      20.01245
      11.91420      20.01246
      11.92430      20.01247
      11.93450      20.01249
      11.94470      20.01250
      11.95480      20.01251
      11.96500      20.01252
      11.97510      20.01253
      11.98530      20.01254
      11.99550      20.01256
      12.00560      20.01257
      12.01580      20.01258
      12.02600      20.01259
      12.03610      20.01261
      12.04630      20.01262
      12.05650      20.01263
      12.06660      20.01264
      12.07680      20.01265
      12.08700      20.01266
      12.09710      20.01268
      12.10730      20.01269
      12.11740      20.01270
      12.12760      20.01271
      12.13780      20.01273
      12.14790      20.01274
      12.15810      20.01275
      12.16830      20.01276
      12.17840      20.01277
      12.18860      20.01279
      12.19880      20.01280
      12.20890      20.01281
      12.21910      20.01282
      12.22930      20.01283
      12.23940      20.01285
      12.24960      20.01286
      12.25980      20.01287
      12.26990      20.01288
      12.28010      20.01290
      12.29020      20.01291
      12.30040      20.01292
      12.31060      20.01293
      12.32070      20.01295
      12.33090      20.01296
      12.34110      20.01297
      12.35120      20.01298
      12.36140      20.01300
      12.37160      20.01301
      12.38170      20.01302
      12.39190      20.01303
      12.40210      20.01305
      12.41220      20.01306
      12.42240      20.01307
      12.43250      20.01308
      12.44270      20.01310
      12.45290      20.01311
      12.46300      20.01312
      12.47320      20.01314
      12.48340      20.01315
      12.49350      20.01316
      12.50370      20.01317
      12.51390      20.01319
      12.52400      20.01320
      12.53420      20.01321
      12.54440      20.01323
      12.55450      20.01324
      12.56470      20.01325
      12.57490      20.01326
      12.58500      20.01328
      12.59520      20.01329
      12.60530      20.01330
      12.61550      20.01332
      12.62570      20.01333
      12.63580      20.01334
      12.64600      20.01336
      12.65620      20.01337
      12.66630      20.01338
      12.67650      20.01339
      12.68670      20.01341
      12.69680      20.01342
      12.70700      20.01343
      12.71720      20.01345
      12.72730      20.01346
      12.73750      20.01347
      12.74760      20.01349
      12.75780      20.01350
      12.76800      20.01351
      12.77810      20.01353
      12.78830      20.01354
      12.79850      20.01355
      12.80860      20.01357
      12.81880      20.01358
      12.82900      20.01359
      12.83910      20.01361
      12.84930      20.01362
      12.85950      20.01363
      12.86960      20.01365
      12.87980      20.01366
      12.89000      20.01367
      12.90010      20.01369
      12.91030      20.01370
      12.92040      20.01371
      12.93060      20.01373
      12.94080      20.01374
      12.95090      20.01376
      12.96110      20.01377
      12.97130      20.01378
      12.98140      20.01380
      12.99160      20.01381
      13.00180      20.01382
      13.01190      20.01384
      13.02210      20.01385
      13.03230      20.01386
      13.04240      20.01388
      13.05260      20.01389
      13.06270      20.01391
      13.07290      20.01392
      13.08310      20.01394
      13.09320      20.01395
      13.10340      20.01396
      13.11360      20.01398
      13.12370      20.01399
      13.13390      20.01400
      13.14410      20.01402
      13.15420      20.01403
      13.16440      20.01405
      13.17460      20.01406
      13.18470      20.01407
      13.19490      20.01409
      13.20510      20.01410
      13.21520      20.01412
      13.22540      20.01413
      13.23550      20.01414
      13.24570      20.01416
      13.25590      20.01417
      13.26600      20.01419
      13.27620      20.01420
      13.28640      20.01422
      13.29650      20.01423
      13.30670      20.01425
      13.31690      20.01426
      13.32700      20.01427
      13.33720      20.01429
      13.34740      20.01430
      13.35750      20.01432
      13.36770      20.01433
      13.37780      20.01435
      13.38800      20.01436
      13.39820      20.01438
      13.40830      20.01439
      13.41850      20.01440
      13.42870      20.01442
      13.43880      20.01443
      13.44900      20.01445
      13.45920      20.01446
      13.46930      20.01448
      13.47950      20.01449
      13.48970      20.01451
      13.49980      20.01452
      13.51000      20.01454
      13.52010      20.01455
      13.53030      20.01457
      13.54050      20.01458
      13.55060      20.01460
      13.56080      20.01461
      13.57100      20.01463
      13.58110      20.01464
      13.59130      20.01466
      13.60150      20.01467
      13.61160      20.01469
      13.62180      20.01470
      13.63200      20.01472
      13.64210      20.01473
      13.65230      20.01475
      13.66250      20.01476
      13.67260      20.01478
      13.68280      20.01479
      13.69290      20.01481
      13.70310      20.01482
      13.71330      20.01484
      13.72340      20.01485
      13.73360      20.01487
      13.74380      20.01488
      13.75390      20.01490
      13.76410      20.01492
      13.77430      20.01493
      13.78440      20.01495
      13.79460      20.01496
      13.80480      20.01498
      13.81490      20.01499
      13.82510      20.01501
      13.83520      20.01502
      13.84540      20.01504
      13.85560      20.01505
      13.86570      20.01507
      13.87590      20.01509
      13.88610      20.01510
      13.89620      20.01512
      13.90640      20.01513
      13.91660      20.01515
      13.92670      20.01516
      13.93690      20.01518
      13.94710      20.01520
      13.95720      20.01521
      13.96740      20.01523
      13.97760      20.01524
      13.98770      20.01526
      13.99790      20.01528
      14.00800      20.01529
      14.01820      20.01531
      14.02840      20.01532
      14.03850      20.01534
      14.04870      20.01536
      14.05890      20.01537
      14.06900      20.01539
      14.07920      20.01540
      14.08940      20.01542
      14.09950      20.01544
      14.10970      20.01545
      14.11990      20.01547
      14.13000      20.01549
      14.14020      20.01550
      14.15030      20.01552
      14.16050      20.01553
      14.17070      20.01555
      14.18080      20.01557
      14.19100      20.01558
      14.20120      20.01560
      14.21130      20.01562
      14.22150      20.01563
      14.23170      20.01565
      14.24180      20.01567
      14.25200      20.01568
      14.26220      20.01570
      14.27230      20.01571
      14.28250      20.01573
      14.29270      20.01575
      14.30280      20.01577
      14.31300      20.01578
      14.32310      20.01580
      14.33330      20.01582
      14.34350      20.01583
      14.35360      20.01585
      14.36380      20.01587
      14.37400      20.01588
      14.38410      20.01590
      14.39430      20.01592
      14.40450      20.01593
      14.41460      20.01595
      14.42480      20.01597
      14.43500      20.01599
      14.44510      20.01600
      14.45530      20.01602
      14.46540      20.01604
      14.47560      20.01605
      14.48580      20.01607
      14.49590      20.01609
      14.50610      20.01611
      14.51630      20.01612
      14.52640      20.01614
      14.53660      20.01616
      14.54680      20.01617
      14.55690      20.01619
      14.56710      20.01621
      14.57730      20.01623
      14.58740      20.01624
      14.59760      20.01626
      14.60780      20.01628
      14.61790      20.01630
      14.62810      20.01632
      14.63820      20.01633
      14.64840      20.01635
      14.65860      20.01637
      14.66870      20.01639
      14.67890      20.01640
      14.68910      20.01642
      14.69920      20.01644
      14.70940      20.01646
      14.71960      20.01647
      14.72970      20.01649
      14.73990      20.01651
      14.75010      20.01653
      14.76020      20.01655
      14.77040      20.01657
      14.78050      20.01658
      14.79070      20.01660
      14.80090      20.01662
      14.81100      20.01664
      14.82120      20.01665
      14.83140      20.01667
      14.84150      20.01669
      14.85170      20.01671
      14.86190      20.01673
      14.87200      20.01675
      14.88220      20.01676
      14.89240      20.01678
      14.90250      20.01680
      14.91270      20.01682
      14.92290      20.01684
      14.93300      20.01686
      14.94320      20.01687
      14.95330      20.01689
      14.96350      20.01691
      14.97370      20.01693
      14.98380      20.01695
      14.99400      20.01697
      15.00420      20.01699
      15.01430      20.01701
      15.02450      20.01702
      15.03470      20.01704
      15.04480      20.01706
      15.05500      20.01708
      15.06520      20.01710
      15.07530      20.01712
      15.08550      20.01714
      15.09560      20.01716
      15.10580      20.01718
      15.11600      20.01719
      15.12610      20.01721
      15.13630      20.01723
      15.14650      20.01725
      15.15660      20.01727
      15.16680      20.01729
      15.17700      20.01731
      15.18710      20.01733
      15.19730      20.01735
      15.20750      20.01737
      15.21760      20.01739
      15.22780      20.01741
      15.23800      20.01743
      15.24810      20.01744
      15.25830      20.01746
      15.26840      20.01748
      15.27860      20.01750
      15.28880      20.01752
      15.29890      20.01754
      15.30910      20.01756
      15.31930      20.01758
      15.32940      20.01760
      15.33960      20.01762
      15.34980      20.01764
      15.35990      20.01766
      15.37010      20.01768
      15.38030      20.01770
      15.39040      20.01772
      15.40060      20.01774
      15.41070      20.01776
      15.42090      20.01778
      15.43110      20.01780
      15.44120      20.01782
      15.45140      20.01784
      15.46160      20.01786
      15.47170      20.01788
      15.48190      20.01790
      15.49210      20.01792
      15.50220      20.01794
      15.51240      20.01796
      15.52260      20.01798
      15.53270      20.01800
      15.54290      20.01802
      15.55300      20.01804
      15.56320      20.01806
      15.57340      20.01809
      15.58350      20.01810
      15.59370      20.01813
      15.60390      20.01815
      15.61400      20.01817
      15.62420      20.01819
      15.63440      20.01821
      15.64450      20.01823
      15.65470      20.01825
      15.66490      20.01827
      15.67500      20.01829
      15.68520      20.01831
      15.69540      20.01833
      15.70550      20.01835
      15.71570      20.01838
      15.72580      20.01840
      15.73600      20.01842
      15.74620      20.01844
      15.75630      20.01846
      15.76650      20.01848
      15.77670      20.01850
      15.78680      20.01852
      15.79700      20.01855
      15.80720      20.01857
      15.81730      20.01859
      15.82750      20.01861
      15.83770      20.01863
      15.84780      20.01865
      15.85800      20.01867
      15.86810      20.01870
      15.87830      20.01872
      15.88850      20.01874
      15.89860      20.01876
      15.90880      20.01878
      15.91900      20.01880
      15.92910      20.01883
      15.93930      20.01885
      15.94950      20.01887
      15.95960      20.01889
      15.96980      20.01891
      15.98000      20.01894
      15.99010      20.01896
      16.00030      20.01898
      16.01050      20.01900
      16.02060      20.01902
      16.03080      20.01905
      16.04090      20.01907
      16.05110      20.01909
      16.06130      20.01911
      16.07140      20.01913
      16.08160      20.01916
      16.09180      20.01918
      16.10190      20.01920
      16.11210      20.01923
      16.12230      20.01925
      16.13240      20.01927
      16.14260      20.01929
      16.15280      20.01932
      16.16290      20.01934
      16.17310      20.01936
      16.18320      20.01938
      16.19340      20.01941
      16.20360      20.01943
      16.21370      20.01945
      16.22390      20.01948
      16.23410      20.01950
      16.24420      20.01952
      16.25440      20.01954
      16.26460      20.01957
      16.27470      20.01959
      16.28490      20.01961
      16.29510      20.01964
      16.30520      20.01966
      16.31540      20.01968
      16.32560      20.01971
      16.33570      20.01973
      16.34590      20.01975
      16.35600      20.01978
      16.36620      20.01980
      16.37640      20.01982
      16.38650      20.01985
      16.39670      20.01987
      16.40690      20.01990
      16.41700      20.01992
      16.42720      20.01994
      16.43740      20.01997
      16.44750      20.01999
      16.45770      20.02001
      16.46790      20.02004
      16.47800      20.02006
      16.48820      20.02009
      16.49830      20.02011
      16.50850      20.02013
      16.51870      20.02016
      16.52880      20.02018
      16.53900      20.02021
      16.54920      20.02023
      16.55930      20.02026
      16.56950      20.02028
      16.57970      20.02030
      16.58980      20.02033
      16.60000      20.02035
      16.61020      20.02038
      16.62030      20.02040
      16.63050      20.02043
      16.64070      20.02045
      16.65080      20.02048
      16.66100      20.02050
      16.67110      20.02053
      16.68130      20.02055
      16.69150      20.02058
      16.70160      20.02060
      16.71180      20.02063
      16.72200      20.02065
      16.73210      20.02068
      16.74230      20.02070
      16.75250      20.02073
      16.76260      20.02075
      16.77280      20.02078
      16.78300      20.02080
      16.79310      20.02083
      16.80330      20.02085
      16.81340      20.02088
      16.82360      20.02090
      16.83380      20.02093
      16.84390      20.02096
      16.85410      20.02098
      16.86430      20.02101
      16.87440      20.02103
      16.88460      20.02106
      16.89480      20.02108
      16.90490      20.02111
      16.91510      20.02114
      16.92530      20.02116
      16.93540      20.02119
      16.94560      20.02121
      16.95580      20.02124
      16.96590      20.02127
      16.97610      20.02129
      16.98620      20.02132
      16.99640      20.02135
      17.00660      20.02137
      17.01670      20.02140
      17.02690      20.02142
      17.03710      20.02145
      17.04720      20.02148
      17.05740      20.02150
      17.06760      20.02153
      17.07770      20.02156
      17.08790      20.02158
      17.09810      20.02161
      17.10820      20.02164
      17.11840      20.02166
      17.12850      20.02169
      17.13870      20.02172
      17.14890      20.02175
      17.15900      20.02177
      17.16920      20.02180
      17.17940      20.02183
      17.18950      20.02185
      17.19970      20.02188
      17.20990      20.02191
      17.22000      20.02194
      17.23020      20.02196
      17.24040      20.02199
      17.25050      20.02202
      17.26070      20.02205
      17.27090      20.02207
      17.28100      20.02210
      17.29120      20.02213
      17.30130      20.02216
      17.31150      20.02218
      17.32170      20.02221
      17.33180      20.02224
      17.34200      20.02227
      17.35220      20.02230
      17.36230      20.02233
      17.37250      20.02235
      17.38270      20.02238
      17.39280      20.02241
      17.40300      20.02244
      17.41320      20.02247
      17.42330      20.02250
      17.43350      20.02252
      17.44360      20.02255
      17.45380      20.02258
      17.46400      20.02261
      17.47410      20.02264
      17.48430      20.02267
      17.49450      20.02270
      17.50460      20.02272
      17.51480      20.02275
      17.52500      20.02278
      17.53510      20.02281
      17.54530      20.02284
      17.55550      20.02287
      17.56560      20.02290
      17.57580      20.02293
      17.58590      20.02296
      17.59610      20.02299
      17.60630      20.02302
      17.61640      20.02305
      17.62660      20.02308
      17.63680      20.02311
      17.64690      20.02314
      17.65710      20.02316
      17.66730      20.02320
      17.67740      20.02323
      17.68760      20.02325
      17.69780      20.02328
      17.70790      20.02332
      17.71810      20.02335
      17.72830      20.02337
      17.73840      20.02341
      17.74860      20.02344
      17.75870      20.02347
      17.76890      20.02350
      17.77910      20.02353
      17.78920      20.02356
      17.79940      20.02359
      17.80960      20.02362
      17.81970      20.02365
      17.82990      20.02368
      17.84010      20.02371
      17.85020      20.02374
      17.86040      20.02377
      17.87060      20.02380
      17.88070      20.02383
      17.89090      20.02386
      17.90100      20.02390
      17.91120      20.02393
      17.92140      20.02396
      17.93150      20.02399
      17.94170      20.02402
      17.95190      20.02405
      17.96200      20.02408
      17.97220      20.02412
      17.98240      20.02415
      17.99250      20.02418
      18.00270      20.02421
      18.01290      20.02424
      18.02300      20.02427
      18.03320      20.02431
      18.04340      20.02434
      18.05350      20.02437
      18.06370      20.02440
      18.07380      20.02444
      18.08400      20.02447
      18.09420      20.02450
      18.10430      20.02453
      18.11450      20.02456
      18.12470      20.02460
      18.13480      20.02463
      18.14500      20.02466
      18.15520      20.02470
      18.16530      20.02473
      18.17550      20.02476
      18.18570      20.02479
      18.19580      20.02483
      18.20600      20.02486
      18.21610      20.02489
      18.22630      20.02493
      18.23650      20.02496
      18.24660      20.02499
      18.25680      20.02503
      18.26700      20.02506
      18.27710      20.02509
      18.28730      20.02513
      18.29750      20.02516
      18.30760      20.02519
      18.31780      20.02523
      18.32800      20.02526
      18.33810      20.02530
      18.34830      20.02533
      18.35850      20.02536
      18.36860      20.02540
      18.37880      20.02543
      18.38890      20.02547
      18.39910      20.02550
      18.40930      20.02554
      18.41940      20.02557
      18.42960      20.02560
      18.43980      20.02564
      18.44990      20.02567
      18.46010      20.02571
      18.47030      20.02574
      18.48040      20.02578
      18.49060      20.02581
      18.50080      20.02585
      18.51090      20.02588
      18.52110      20.02592
      18.53120      20.02595
      18.54140      20.02599
      18.55160      20.02602
      18.56170      20.02606
      18.57190      20.02610
      18.58210      20.02613
      18.59220      20.02617
      18.60240      20.02620
      18.61260      20.02624
      18.62270      20.02627
      18.63290      20.02631
      18.64310      20.02635
      18.65320      20.02638
      18.66340      20.02642
      18.67360      20.02645
      18.68370      20.02649
      18.69390      20.02653
      18.70400      20.02656
      18.71420      20.02660
      18.72440      20.02664
      18.73450      20.02667
      18.74470      20.02671
      18.75490      20.02675
      18.76500      20.02678
      18.77520      20.02682
      18.78540      20.02686
      18.79550      20.02690
      18.80570      20.02693
      18.81590      20.02697
      18.82600      20.02701
      18.83620      20.02705
      18.84630      20.02708
      18.85650      20.02712
      18.86670      20.02716
      18.87680      20.02720
      18.88700      20.02724
      18.89720      20.02727
      18.90730      20.02731
      18.91750      20.02735
      18.92770      20.02739
      18.93780      20.02743
      18.94800      20.02746
      18.95820      20.02750
      18.96830      20.02754
      18.97850      20.02758
      18.98870      20.02762
      18.99880      20.02766
      19.00900      20.02769
      19.01910      20.02773
      19.02930      20.02777
      19.03950      20.02781
      19.04960      20.02785
      19.05980      20.02789
      19.07000      20.02793
      19.08010      20.02797
      19.09030      20.02801
      19.10050      20.02805
      19.11060      20.02809
      19.12080      20.02813
      19.13100      20.02817
      19.14110      20.02821
      19.15130      20.02825
      19.16140      20.02829
      19.17160      20.02833
      19.18180      20.02837
      19.19190      20.02841
      19.20210      20.02845
      19.21230      20.02849
      19.22240      20.02853
      19.23260      20.02857
      19.24280      20.02861
      19.25290      20.02865
      19.26310      20.02869
      19.27330      20.02873
      19.28340      20.02878
      19.29360      20.02882
      19.30380      20.02886
      19.31390      20.02890
      19.32410      20.02894
      19.33420      20.02898
      19.34440      20.02902
      19.35460      20.02907
      19.36470      20.02911
      19.37490      20.02915
      19.38510      20.02919
      19.39520      20.02923
      19.40540      20.02928
      19.41560      20.02932
      19.42570      20.02936
      19.43590      20.02940
      19.44610      20.02945
      19.45620      20.02949
      19.46640      20.02953
      19.47650      20.02957
      19.48670      20.02962
      19.49690      20.02966
      19.50700      20.02970
      19.51720      20.02975
      19.52740      20.02979
      19.53750      20.02983
      19.54770      20.02988
      19.55790      20.02992
      19.56800      20.02996
      19.57820      20.03001
      19.58840      20.03005
      19.59850      20.03010
      19.60870      20.03014
      19.61880      20.03018
      19.62900      20.03023
      19.63920      20.03027
      19.64930      20.03032
      19.65950      20.03036
      19.66970      20.03041
      19.67980      20.03045
      19.69000      20.03050
      19.70020      20.03054
      19.71030      20.03059
      19.72050      20.03063
      19.73070      20.03068
      19.74080      20.03072
      19.75100      20.03077
      19.76120      20.03081
      19.77130      20.03086
      19.78150      20.03090
      19.79160      20.03095
      19.80180      20.03100
      19.81200      20.03104
      19.82210      20.03109
      19.83230      20.03114
      19.84250      20.03118
      19.85260      20.03123
      19.86280      20.03127
      19.87300      20.03132
      19.88310      20.03137
      19.89330      20.03142
      19.90350      20.03146
      19.91360      20.03151
      19.92380      20.03156
      19.93390      20.03160
      19.94410      20.03165
      19.95430      20.03170
      19.96440      20.03175
      19.97460      20.03179
      19.98480      20.03184
      19.99490      20.03189
      20.00510      20.03194
      20.01530      20.03199
      20.02540      20.03203
      20.03560      20.03208
      20.04580      20.03213
      20.05590      20.03218
      20.06610      20.03223
      20.07630      20.03228
      20.08640      20.03233
      20.09660      20.03238
      20.10670      20.03242
      20.11690      20.03247
      20.12710      20.03252
      20.13720      20.03257
      20.14740      20.03262
      20.15760      20.03267
      20.16770      20.03272
      20.17790      20.03277
      20.18810      20.03282
      20.19820      20.03287
      20.20840      20.03292
      20.21860      20.03297
      20.22870      20.03302
      20.23890      20.03307
      20.24900      20.03312
      20.25920      20.03318
      20.26940      20.03323
      20.27950      20.03328
      20.28970      20.03333
      20.29990      20.03338
      20.31000      20.03343
      20.32020      20.03348
      20.33040      20.03354
      20.34050      20.03359
      20.35070      20.03364
      20.36090      20.03369
      20.37100      20.03374
      20.38120      20.03380
      20.39140      20.03385
      20.40150      20.03390
      20.41170      20.03395
      20.42180      20.03401
      20.43200      20.03406
      20.44220      20.03411
      20.45230      20.03416
      20.46250      20.03422
      20.47270      20.03427
      20.48280      20.03432
      20.49300      20.03438
      20.50320      20.03443
      20.51330      20.03449
      20.52350      20.03454
      20.53370      20.03460
      20.54380      20.03465
      20.55400      20.03470
      20.56410      20.03476
      20.57430      20.03481
      20.58450      20.03487
      20.59460      20.03492
      20.60480      20.03498
      20.61500      20.03503
      20.62510      20.03509
      20.63530      20.03514
      20.64550      20.03520
      20.65560      20.03526
      20.66580      20.03531
      20.67600      20.03537
      20.68610      20.03542
      20.69630      20.03548
      20.70650      20.03554
      20.71660      20.03559
      20.72680      20.03565
      20.73690      20.03571
      20.74710      20.03576
      20.75730      20.03582
      20.76740      20.03588
      20.77760      20.03593
      20.78780      20.03599
      20.79790      20.03605
      20.80810      20.03611
      20.81830      20.03617
      20.82840      20.03622
      20.83860      20.03628
      20.84880      20.03634
      20.85890      20.03640
      20.86910      20.03646
      20.87920      20.03651
      20.88940      20.03657
      20.89960      20.03663
      20.90970      20.03669
      20.91990      20.03675
      20.93010      20.03681
      20.94020      20.03687
      20.95040      20.03693
      20.96060      20.03699
      20.97070      20.03705
      20.98090      20.03711
      20.99110      20.03717
      21.00120      20.03723
      21.01140      20.03729
      21.02160      20.03735
      21.03170      20.03741
      21.04190      20.03748
      21.05200      20.03753
      21.06220      20.03760
      21.07240      20.03766
      21.08250      20.03772
      21.09270      20.03778
      21.10290      20.03784
      21.11300      20.03791
      21.12320      20.03797
      21.13340      20.03803
      21.14350      20.03809
      21.15370      20.03816
      21.16390      20.03822
      21.17400      20.03828
      21.18420      20.03835
      21.19430      20.03841
      21.20450      20.03847
      21.21470      20.03854
      21.22480      20.03860
      21.23500      20.03866
      21.24520      20.03873
      21.25530      20.03879
      21.26550      20.03886
      21.27570      20.03892
      21.28580      20.03899
      21.29600      20.03905
      21.30620      20.03912
      21.31630      20.03918
      21.32650      20.03925
      21.33660      20.03931
      21.34680      20.03938
      21.35700      20.03944
      21.36710      20.03951
      21.37730      20.03958
      21.38750      20.03964
      21.39760      20.03971
      21.40780      20.03978
      21.41800      20.03984
      21.42810      20.03991
      21.43830      20.03998
      21.44850      20.04004
      21.45860      20.04011
      21.46880      20.04018
      21.47900      20.04025
      21.48910      20.04032
      21.49930      20.04038
      21.50940      20.04045
      21.51960      20.04052
      21.52980      20.04059
      21.53990      20.04066
      21.55010      20.04073
      21.56030      20.04080
      21.57040      20.04087
      21.58060      20.04094
      21.59080      20.04101
      21.60090      20.04107
      21.61110      20.04115
      21.62130      20.04122
      21.63140      20.04129
      21.64160      20.04136
      21.65170      20.04143
      21.66190      20.04150
      21.67210      20.04157
      21.68220      20.04164
      21.69240      20.04171
      21.70260      20.04179
      21.71270      20.04186
      21.72290      20.04193
      21.73310      20.04200
      21.74320      20.04207
      21.75340      20.04215
      21.76360      20.04222
      21.77370      20.04229
      21.78390      20.04237
      21.79410      20.04244
      21.80420      20.04251
      21.81440      20.04259
      21.82450      20.04266
      21.83470      20.04274
      21.84490      20.04281
      21.85500      20.04288
      21.86520      20.04296
      21.87540      20.04304
      21.88550      20.04311
      21.89570      20.04319
      21.90590      20.04326
      21.91600      20.04334
      21.92620      20.04341
      21.93640      20.04349
      21.94650      20.04357
      21.95670      20.04364
      21.96680      20.04372
      21.97700      20.04380
      21.98720      20.04387
      21.99730      20.04395
      22.00750      20.04403
      22.01770      20.04411
      22.02780      20.04419
      22.03800      20.04426
      22.04820      20.04434
      22.05830      20.04442
      22.06850      20.04450
      22.07870      20.04458
      22.08880      20.04466
      22.09900      20.04474
      22.10920      20.04482
      22.11930      20.04490
      22.12950      20.04498
      22.13960      20.04506
      22.14980      20.04514
      22.16000      20.04522
      22.17010      20.04530
      22.18030      20.04538
      22.19050      20.04546
      22.20060      20.04555
      22.21080      20.04563
      22.22100      20.04571
      22.23110      20.04579
      22.24130      20.04587
      22.25150      20.04596
      22.26160      20.04604
      22.27180      20.04612
      22.28190      20.04621
      22.29210      20.04629
      22.30230      20.04637
      22.31240      20.04646
      22.32260      20.04654
      22.33280      20.04663
      22.34290      20.04671
      22.35310      20.04680
      22.36330      20.04688
      22.37340      20.04697
      22.38360      20.04705
      22.39380      20.04714
      22.40390      20.04723
      22.41410      20.04731
      22.42430      20.04740
      22.43440      20.04749
      22.44460      20.04757
      22.45470      20.04766
      22.46490      20.04775
      22.47510      20.04784
      22.48520      20.04792
      22.49540      20.04801
      22.50560      20.04810
      22.51570      20.04819
      22.52590      20.04828
      22.53610      20.04837
      22.54620      20.04846
      22.55640      20.04855
      22.56660      20.04864
      22.57670      20.04873
      22.58690      20.04882
      22.59700      20.04891
      22.60720      20.04900
      22.61740      20.04909
      22.62750      20.04918
      22.63770      20.04928
      22.64790      20.04937
      22.65800      20.04946
      22.66820      20.04955
      22.67840      20.04965
      22.68850      20.04974
      22.69870      20.04983
      22.70890      20.04993
      22.71900      20.05002
      22.72920      20.05011
      22.73940      20.05021
      22.74950      20.05030
      22.75970      20.05040
      22.76980      20.05049
      22.78000      20.05059
      22.79020      20.05069
      22.80030      20.05078
      22.81050      20.05088
      22.82070      20.05097
      22.83080      20.05107
      22.84100      20.05117
      22.85120      20.05127
      22.86130      20.05136
      22.87150      20.05146
      22.88170      20.05156
      22.89180      20.05166
      22.90200      20.05176
      22.91210      20.05186
      22.92230      20.05196
      22.93250      20.05206
      22.94260      20.05215
      22.95280      20.05226
      22.96300      20.05236
      22.97310      20.05246
      22.98330      20.05256
      22.99350      20.05266
      23.00360      20.05276
      23.01380      20.05286
      23.02400      20.05297
      23.03410      20.05307
      23.04430      20.05317
      23.05450      20.05327
      23.06460      20.05338
      23.07480      20.05348
      23.08490      20.05359
      23.09510      20.05369
      23.10530      20.05379
      23.11540      20.05390
      23.12560      20.05400
      23.13580      20.05411
      23.14590      20.05422
      23.15610      20.05432
      23.16630      20.05443
      23.17640      20.05454
      23.18660      20.05464
      23.19680      20.05475
      23.20690      20.05486
      23.21710      20.05497
      23.22720      20.05507
      23.23740      20.05518
      23.24760      20.05529
      23.25770      20.05540
      23.26790      20.05551
      23.27810      20.05562
      23.28820      20.05573
      23.29840      20.05584
      23.30860      20.05596
      23.31870      20.05607
      23.32890      20.05618
      23.33910      20.05629
      23.34920      20.05640
      23.35940      20.05651
      23.36950      20.05663
      23.37970      20.05674
      23.38990      20.05686
      23.40000      20.05697
      23.41020      20.05708
      23.42040      20.05720
      23.43050      20.05731
      23.44070      20.05743
      23.45090      20.05754
      23.46100      20.05766
      23.47120      20.05778
      23.48140      20.05789
      23.49150      20.05801
      23.50170      20.05813
      23.51190      20.05825
      23.52200      20.05836
      23.53220      20.05848
      23.54230      20.05860
      23.55250      20.05872
      23.56270      20.05884
      23.57280      20.05896
      23.58300      20.05908
      23.59320      20.05920
      23.60330      20.05932
      23.61350      20.05945
      23.62370      20.05957
      23.63380      20.05969
      23.64400      20.05981
      23.65420      20.05994
      23.66430      20.06006
      23.67450      20.06018
      23.68460      20.06031
      23.69480      20.06043
      23.70500      20.06056
      23.71510      20.06068
      23.72530      20.06081
      23.73550      20.06093
      23.74560      20.06106
      23.75580      20.06119
      23.76600      20.06131
      23.77610      20.06144
      23.78630      20.06157
      23.79650      20.06170
      23.80660      20.06183
      23.81680      20.06196
      23.82700      20.06209
      23.83710      20.06222
      23.84730      20.06235
      23.85740      20.06248
      23.86760      20.06261
      23.87780      20.06274
      23.88790      20.06287
      23.89810      20.06301
      23.90830      20.06314
      23.91840      20.06327
      23.92860      20.06340
      23.93880      20.06354
      23.94890      20.06367
      23.95910      20.06381
      23.96930      20.06394
      23.97940      20.06408
      23.98960      20.06422
      23.99970      20.06435
      24.00990      20.06449
      24.02010      20.06463
      24.03020      20.06477
      24.04040      20.06491
      24.05060      20.06504
      24.06070      20.06518
      24.07090      20.06532
      24.08110      20.06546
      24.09120      20.06560
      24.10140      20.06574
      24.11160      20.06589
      24.12170      20.06603
      24.13190      20.06617
      24.14210      20.06631
      24.15220      20.06646
      24.16240      20.06660
      24.17250      20.06675
      24.18270      20.06689
      24.19290      20.06704
      24.20300      20.06718
      24.21320      20.06733
      24.22340      20.06748
      24.23350      20.06762
      24.24370      20.06777
      24.25390      20.06792
      24.26400      20.06807
      24.27420      20.06822
      24.28440      20.06837
      24.29450      20.06852
      24.30470      20.06867
      24.31480      20.06882
      24.32500      20.06897
      24.33520      20.06912
      24.34530      20.06927
      24.35550      20.06943
      24.36570      20.06958
      24.37580      20.06973
      24.38600      20.06989
      24.39620      20.07005
      24.40630      20.07020
      24.41650      20.07036
      24.42670      20.07051
      24.43680      20.07067
      24.44700      20.07083
      24.45720      20.07099
      24.46730      20.07115
      24.47750      20.07131
      24.48760      20.07146
      24.49780      20.07162
      24.50800      20.07179
      24.51810      20.07195
      24.52830      20.07211
      24.53850      20.07227
      24.54860      20.07244
      24.55880      20.07260
      24.56900      20.07276
      24.57910      20.07293
      24.58930      20.07309
      24.59950      20.07326
      24.60960      20.07343
      24.61980      20.07359
      24.62990      20.07376
      24.64010      20.07393
      24.65030      20.07410
      24.66040      20.07427
      24.67060      20.07444
      24.68080      20.07461
      24.69090      20.07478
      24.70110      20.07495
      24.71130      20.07512
      24.72140      20.07529
      24.73160      20.07547
      24.74180      20.07564
      24.75190      20.07582
      24.76210      20.07599
      24.77230      20.07617
      24.78240      20.07634
      24.79260      20.07652
      24.80270      20.07670
      24.81290      20.07688
      24.82310      20.07705
      24.83320      20.07723
      24.84340      20.07742
      24.85360      20.07760
      24.86370      20.07778
      24.87390      20.07796
      24.88410      20.07814
      24.89420      20.07832
      24.90440      20.07851
      24.91460      20.07869
      24.92470      20.07888
      24.93490      20.07906
      24.94500      20.07925
      24.95520      20.07944
      24.96540      20.07963
      24.97550      20.07981
      24.98570      20.08000
      24.99590      20.08019
      25.00600      20.08038
      25.01620      20.08057
      25.02640      20.08077
      25.03650      20.08096
      25.04670      20.08115
      25.05690      20.08135
      25.06700      20.08154
      25.07720      20.08174
      25.08740      20.08193
      25.09750      20.08213
      25.10770      20.08232
      25.11780      20.08252
      25.12800      20.08272
      25.13820      20.08292
      25.14830      20.08312
      25.15850      20.08332
      25.16870      20.08352
      25.17880      20.08372
      25.18900      20.08393
      25.19920      20.08413
      25.20930      20.08434
      25.21950      20.08454
      25.22970      20.08475
      25.23980      20.08496
      25.25000      20.08516
      25.26010      20.08537
      25.27030      20.08558
      25.28050      20.08579
      25.29060      20.08600
      25.30080      20.08621
      25.31100      20.08642
      25.32110      20.08664
      25.33130      20.08685
      25.34150      20.08706
      25.35160      20.08728
      25.36180      20.08750
      25.37200      20.08771
      25.38210      20.08793
      25.39230      20.08815
      25.40240      20.08837
      25.41260      20.08859
      25.42280      20.08881
      25.43290      20.08903
      25.44310      20.08925
      25.45330      20.08948
      25.46340      20.08970
      25.47360      20.08993
      25.48380      20.09015
      25.49390      20.09038
      25.50410      20.09060
      25.51430      20.09083
      25.52440      20.09106
      25.53460      20.09129
      25.54480      20.09152
      25.55490      20.09175
      25.56510      20.09199
      25.57520      20.09222
      25.58540      20.09246
      25.59560      20.09269
      25.60570      20.09293
      25.61590      20.09316
      25.62610      20.09340
      25.63620      20.09364
      25.64640      20.09388
      25.65660      20.09412
      25.66670      20.09436
      25.67690      20.09461
      25.68710      20.09485
      25.69720      20.09509
      25.70740      20.09534
      25.71750      20.09558
      25.72770      20.09583
      25.73790      20.09608
      25.74800      20.09633
      25.75820      20.09658
      25.76840      20.09683
      25.77850      20.09708
      25.78870      20.09734
      25.79890      20.09759
      25.80900      20.09785
      25.81920      20.09810
      25.82940      20.09836
      25.83950      20.09862
      25.84970      20.09888
      25.85990      20.09914
      25.87000      20.09940
      25.88020      20.09966
      25.89030      20.09992
      25.90050      20.10019
      25.91070      20.10045
      25.92080      20.10072
      25.93100      20.10099
      25.94120      20.10126
      25.95130      20.10152
      25.96150      20.10179
      25.97170      20.10207
      25.98180      20.10234
      25.99200      20.10261
      26.00220      20.10289
      26.01230      20.10316
      26.02250      20.10344
      26.03260      20.10372
      26.04280      20.10400
      26.05300      20.10428
      26.06310      20.10456
      26.07330      20.10484
      26.08350      20.10513
      26.09360      20.10541
      26.10380      20.10570
      26.11400      20.10598
      26.12410      20.10627
      26.13430      20.10656
      26.14450      20.10685
      26.15460      20.10714
      26.16480      20.10744
      26.17500      20.10773
      26.18510      20.10802
      26.19530      20.10832
      26.20540      20.10862
      26.21560      20.10892
      26.22580      20.10922
      26.23590      20.10952
      26.24610      20.10982
      26.25630      20.11013
      26.26640      20.11043
      26.27660      20.11074
      26.28680      20.11105
      26.29690      20.11135
      26.30710      20.11166
      26.31730      20.11198
      26.32740      20.11229
      26.33760      20.11260
      26.34770      20.11292
      26.35790      20.11323
      26.36810      20.11355
      26.37820      20.11387
      26.38840      20.11419
      26.39860      20.11452
      26.40870      20.11484
      26.41890      20.11516
      26.42910      20.11549
      26.43920      20.11582
      26.44940      20.11615
      26.45960      20.11648
      26.46970      20.11681
      26.47990      20.11714
      26.49010      20.11748
      26.50020      20.11781
      26.51040      20.11815
      26.52050      20.11848
      26.53070      20.11883
      26.54090      20.11917
      26.55100      20.11951
      26.56120      20.11986
      26.57140      20.12020
      26.58150      20.12055
      26.59170      20.12090
      26.60190      20.12125
      26.61200      20.12160
      26.62220      20.12195
      26.63240      20.12231
      26.64250      20.12267
      26.65270      20.12302
      26.66280      20.12338
      26.67300      20.12374
      26.68320      20.12411
      26.69330      20.12447
      26.70350      20.12484
      26.71370      20.12521
      26.72380      20.12557
      26.73400      20.12594
      26.74420      20.12632
      26.75430      20.12669
      26.76450      20.12707
      26.77470      20.12745
      26.78480      20.12782
      26.79500      20.12820
      26.80520      20.12859
      26.81530      20.12897
      26.82550      20.12936
      26.83560      20.12974
      26.84580      20.13013
      26.85600      20.13052
      26.86610      20.13091
      26.87630      20.13131
      26.88650      20.13171
      26.89660      20.13210
      26.90680      20.13250
      26.91700      20.13291
      26.92710      20.13331
      26.93730      20.13371
      26.94750      20.13412
      26.95760      20.13453
      26.96780      20.13494
      26.97790      20.13535
      26.98810      20.13577
      26.99830      20.13618
      27.00840      20.13660
      27.01860      20.13702
      27.02880      20.13744
      27.03890      20.13786
      27.04910      20.13829
      27.05930      20.13872
      27.06940      20.13915
      27.07960      20.13958
      27.08980      20.14001
      27.09990      20.14045
      27.11010      20.14089
      27.12020      20.14132
      27.13040      20.14177
      27.14060      20.14221
      27.15070      20.14265
      27.16090      20.14310
      27.17110      20.14356
      27.18120      20.14400
      27.19140      20.14446
      27.20160      20.14492
      27.21170      20.14537
      27.22190      20.14584
      27.23210      20.14630
      27.24220      20.14676
      27.25240      20.14723
      27.26260      20.14770
      27.27270      20.14817
      27.28290      20.14865
      27.29300      20.14912
      27.30320      20.14960
      27.31340      20.15008
      27.32350      20.15056
      27.33370      20.15105
      27.34390      20.15154
      27.35400      20.15202
      27.36420      20.15252
      27.37440      20.15301
      27.38450      20.15351
      27.39470      20.15401
      27.40490      20.15451
      27.41500      20.15501
      27.42520      20.15552
      27.43530      20.15602
      27.44550      20.15654
      27.45570      20.15705
      27.46580      20.15757
      27.47600      20.15809
      27.48620      20.15861
      27.49630      20.15913
      27.50650      20.15966
      27.51670      20.16019
      27.52680      20.16072
      27.53700      20.16125
      27.54720      20.16179
      27.55730      20.16233
      27.56750      20.16287
      27.57770      20.16342
      27.58780      20.16397
      27.59800      20.16452
      27.60810      20.16507
      27.61830      20.16562
      27.62850      20.16619
      27.63860      20.16674
      27.64880      20.16731
      27.65900      20.16788
      27.66910      20.16844
      27.67930      20.16902
      27.68950      20.16960
      27.69960      20.17017
      27.70980      20.17076
      27.72000      20.17134
      27.73010      20.17193
      27.74030      20.17252
      27.75040      20.17311
      27.76060      20.17371
      27.77080      20.17431
      27.78090      20.17491
      27.79110      20.17552
      27.80130      20.17613
      27.81140      20.17673
      27.82160      20.17735
      27.83180      20.17797
      27.84190      20.17859
      27.85210      20.17922
      27.86230      20.17985
      27.87240      20.18048
      27.88260      20.18111
      27.89280      20.18175
      27.90290      20.18239
      27.91310      20.18304
      27.92320      20.18368
      27.93340      20.18434
      27.94360      20.18499
      27.95370      20.18565
      27.96390      20.18631
      27.97410      20.18698
      27.98420      20.18765
      27.99440      20.18832
      28.00460      20.18900
      28.01470      20.18968
      28.02490      20.19036
      28.03510      20.19105
      28.04520      20.19174
      28.05540      20.19244
      28.06550      20.19313
      28.07570      20.19384
      28.08590      20.19455
      28.09600      20.19526
      28.10620      20.19597
      28.11640      20.19669
      28.12650      20.19741
      28.13670      20.19814
      28.14690      20.19887
      28.15700      20.19960
      28.16720      20.20035
      28.17740      20.20109
      28.18750      20.20183
      28.19770      20.20259
      28.20790      20.20335
      28.21800      20.20410
      28.22820      20.20487
      28.23830      20.20563
      28.24850      20.20641
      28.25870      20.20719
      28.26880      20.20797
      28.27900      20.20876
      28.28920      20.20955
      28.29930      20.21034
      28.30950      20.21115
      28.31970      20.21196
      28.32980      20.21276
      28.34000      20.21358
      28.35020      20.21440
      28.36030      20.21522
      28.37050      20.21605
      28.38060      20.21688
      28.39080      20.21773
      28.40100      20.21858
      28.41110      20.21942
      28.42130      20.22028
      28.43150      20.22114
      28.44160      20.22200
      28.45180      20.22288
      28.46200      20.22376
      28.47210      20.22464
      28.48230      20.22553
      28.49250      20.22642
      28.50260      20.22732
      28.51280      20.22823
      28.52300      20.22914
      28.53310      20.23005
      28.54330      20.23098
      28.55340      20.23190
      28.56360      20.23284
      28.57380      20.23378
      28.58390      20.23472
      28.59410      20.23568
      28.60430      20.23664
      28.61440      20.23760
      28.62460      20.23858
      28.63480      20.23956
      28.64490      20.24054
      28.65510      20.24153
      28.66530      20.24254
      28.67540      20.24354
      28.68560      20.24455
      28.69570      20.24557
      28.70590      20.24660
      28.71610      20.24763
      28.72620      20.24867
      28.73640      20.24972
      28.74660      20.25078
      28.75670      20.25184
      28.76690      20.25292
      28.77710      20.25400
      28.78720      20.25508
      28.79740      20.25618
      28.80760      20.25729
      28.81770      20.25839
      28.82790      20.25952
      28.83810      20.26065
      28.84820      20.26178
      28.85840      20.26293
      28.86850      20.26408
      28.87870      20.26525
      28.88890      20.26643
      28.89900      20.26760
      28.90920      20.26880
      28.91940      20.27000
      28.92950      20.27120
      28.93970      20.27243
      28.94990      20.27366
      28.96000      20.27490
      28.97020      20.27615
      28.98040      20.27742
      28.99050      20.27868
      29.00070      20.27997
      29.01080      20.28125
      29.02100      20.28256
      29.03120      20.28388
      29.04130      20.28520
      29.05150      20.28654
      29.06170      20.28790
      29.07180      20.28925
      29.08200      20.29063
      29.09220      20.29202
      29.10230      20.29341
      29.11250      20.29483
      29.12270      20.29626
      29.13280      20.29769
      29.14300      20.29914
      29.15310      20.30060
      29.16330      20.30208
      29.17350      20.30358
      29.18360      20.30507
      29.19380      20.30660
      29.20400      20.30814
      29.21410      20.30968
      29.22430      20.31126
      29.23450      20.31284
      29.24460      20.31443
      29.25480      20.31605
      29.26500      20.31769
      29.27510      20.31932
      29.28530      20.32099
      29.29550      20.32268
      29.30560      20.32437
      29.31580      20.32609
      29.32590      20.32781
      29.33610      20.32957
      29.34630      20.33135
      29.35640      20.33313
      29.36660      20.33494
      29.37680      20.33678
      29.38690      20.33862
      29.39710      20.34050
      29.40730      20.34240
      29.41740      20.34430
      29.42760      20.34624
      29.43780      20.34820
      29.44790      20.35017
      29.45810      20.35218
      29.46820      20.35419
      29.47840      20.35625
      29.48860      20.35833
      29.49870      20.36042
      29.50890      20.36255
      29.51910      20.36471
      29.52920      20.36687
      29.53940      20.36908
      29.54960      20.37132
      29.55970      20.37356
      29.56990      20.37586
      29.58010      20.37818
      29.59020      20.38051
      29.60040      20.38289
      29.61060      20.38530
      29.62070      20.38772
      29.63090      20.39019
      29.64100      20.39268
      29.65120      20.39521
      29.66140      20.39779
      29.67150      20.40037
      29.68170      20.40301
      29.69190      20.40569
      29.70200      20.40837
      29.71220      20.41112
      29.72240      20.41391
      29.73250      20.41670
      29.74270      20.41957
      29.75290      20.42247
      29.76300      20.42538
      29.77320      20.42837
      29.78330      20.43136
      29.79350      20.43443
      29.80370      20.43754
      29.81380      20.44066
      29.82400      20.44386
      29.83420      20.44711
      29.84430      20.45037
      29.85450      20.45371
      29.86470      20.45709
      29.87480      20.46050
      29.88500      20.46398
      29.89520      20.46752
      29.90530      20.47108
      29.91550      20.47472
      29.92570      20.47841
      29.93580      20.48213
      29.94600      20.48594
      29.95610      20.48976
      29.96630      20.49368
      29.97650      20.49766
      29.98660      20.50166
      29.99680      20.50576
      30.00700      20.50993
      30.01710      20.51411
      30.02730      20.51840
      30.03750      20.52276
      30.04760      20.52714
      30.05780      20.53163
      30.06800      20.53619
      30.07810      20.54077
      30.08830      20.54547
      30.09840      20.55020
      30.10860      20.55505
      30.11880      20.55997
      30.12890      20.56492
      30.13910      20.57000
      30.14930      20.57515
      30.15940      20.58034
      30.16960      20.58566
      30.17980      20.59106
      30.18990      20.59649
      30.20010      20.60206
      30.21030      20.60772
      30.22040      20.61341
      30.23060      20.61925
      30.24080      20.62519
      30.25090      20.63115
      30.26110      20.63727
      30.27120      20.64342
      30.28140      20.64974
      30.29160      20.65615
      30.30170      20.66260
      30.31190      20.66922
      30.32210      20.67594
      30.33220      20.68270
      30.34240      20.68963
      30.35260      20.69668
      30.36270      20.70377
      30.37290      20.71103
      30.38310      20.71842
      30.39320      20.72585
      30.40340      20.73346
      30.41350      20.74113
      30.42370      20.74899
      30.43390      20.75697
      30.44400      20.76500
      30.45420      20.77323
      30.46440      20.78160
      30.47450      20.79001
      30.48470      20.79864
      30.49490      20.80740
      30.50500      20.81621
      30.51520      20.82525
      30.52540      20.83443
      30.53550      20.84366
      30.54570      20.85313
      30.55590      20.86275
      30.56600      20.87241
      30.57620      20.88233
      30.58630      20.89229
      30.59650      20.90251
      30.60670      20.91289
      30.61680      20.92332
      30.62700      20.93402
      30.63720      20.94488
      30.64730      20.95580
      30.65750      20.96699
      30.66770      20.97835
      30.67780      20.98977
      30.68800      21.00148
      30.69820      21.01336
      30.70830      21.02531
      30.71850      21.03755
      30.72860      21.04985
      30.73880      21.06246
      30.74900      21.07526
      30.75910      21.08811
      30.76930      21.10129
      30.77950      21.11466
      30.78960      21.12809
      30.79980      21.14186
      30.81000      21.15582
      30.82010      21.16985
      30.83030      21.18422
      30.84050      21.19880
      30.85060      21.21344
      30.86080      21.22843
      30.87100      21.24365
      30.88110      21.25892
      30.89130      21.27457
      30.90140      21.29028
      30.91160      21.30636
      30.92180      21.32268
      30.93190      21.33905
      30.94210      21.35582
      30.95230      21.37282
      30.96240      21.38989
      30.97260      21.40735
      30.98280      21.42506
      30.99290      21.44283
      31.00310      21.46102
      31.01330      21.47945
      31.02340      21.49795
      31.03360      21.51687
      31.04370      21.53586
      31.05390      21.55529
      31.06410      21.57498
      31.07420      21.59472
      31.08440      21.61492
      31.09460      21.63538
      31.10470      21.65590
      31.11490      21.67689
      31.12510      21.69814
      31.13520      21.71946
      31.14540      21.74125
      31.15560      21.76332
      31.16570      21.78544
      31.17590      21.80805
      31.18600      21.83072
      31.19620      21.85389
      31.20640      21.87734
      31.21650      21.90085
      31.22670      21.92487
      31.23690      21.94918
      31.24700      21.97353
      31.25720      21.99841
      31.26740      22.02359
      31.27750      22.04881
      31.28770      22.07457
      31.29790      22.10062
      31.30800      22.12672
      31.31820      22.15337
      31.32840      22.18032
      31.33850      22.20730
      31.34870      22.23485
      31.35880      22.26244
      31.36900      22.29059
      31.37920      22.31905
      31.38930      22.34754
      31.39950      22.37661
      31.40970      22.40600
      31.41980      22.43540
      31.43000      22.46540
      31.44020      22.49571
      31.45030      22.52603
      31.46050      22.55696
      31.47070      22.58820
      31.48080      22.61946
      31.49100      22.65132
      31.50110      22.68319
      31.51130      22.71568
      31.52150      22.74849
      31.53160      22.78129
      31.54180      22.81473
      31.55200      22.84848
      31.56210      22.88221
      31.57230      22.91659
      31.58250      22.95128
      31.59260      22.98594
      31.60280      23.02127
      31.61300      23.05690
      31.62310      23.09249
      31.63330      23.12875
      31.64350      23.16532
      31.65360      23.20184
      31.66380      23.23902
      31.67390      23.27615
      31.68410      23.31395
      31.69430      23.35207
      31.70440      23.39011
      31.71460      23.42883
      31.72480      23.46786
      31.73490      23.50680
      31.74510      23.54643
      31.75530      23.58636
      31.76540      23.62619
      31.77560      23.66672
      31.78580      23.70753
      31.79590      23.74824
      31.80610      23.78964
      31.81620      23.83091
      31.82640      23.87289
      31.83660      23.91514
      31.84670      23.95726
      31.85690      24.00007
      31.86710      24.04317
      31.87720      24.08611
      31.88740      24.12975
      31.89760      24.17365
      31.90770      24.21739
      31.91790      24.26183
      31.92810      24.30652
      31.93820      24.35103
      31.94840      24.39623
      31.95860      24.44167
      31.96870      24.48693
      31.97890      24.53287
      31.98900      24.57859
      31.99920      24.62500
      32.00940      24.67163
      32.01950      24.71804
      32.02970      24.76513
      32.03990      24.81244
      32.05000      24.85948
      32.06020      24.90721
      32.07040      24.95514
      32.08050      25.00281
      32.09070      25.05111
      32.10090      25.09963
      32.11100      25.14785
      32.12120      25.19673
      32.13130      25.24531
      32.14150      25.29451
      32.15170      25.34389
      32.16180      25.39295
      32.17200      25.44264
      32.18220      25.49247
      32.19230      25.54194
      32.20250      25.59205
      32.21270      25.64228
      32.22280      25.69215
      32.23300      25.74262
      32.24320      25.79317
      32.25330      25.84335
      32.26350      25.89412
      32.27370      25.94498
      32.28380      25.99540
      32.29400      26.04640
      32.30410      26.09697
      32.31430      26.14810
      32.32450      26.19927
      32.33460      26.24997
      32.34480      26.30122
      32.35500      26.35250
      32.36510      26.40329
      32.37530      26.45459
      32.38550      26.50589
      32.39560      26.55667
      32.40580      26.60794
      32.41600      26.65919
      32.42610      26.70991
      32.43630      26.76107
      32.44640      26.81169
      32.45660      26.86275
      32.46680      26.91373
      32.47690      26.96412
      32.48710      27.01494
      32.49730      27.06565
      32.50740      27.11576
      32.51760      27.16624
      32.52780      27.21659
      32.53790      27.26629
      32.54810      27.31635
      32.55830      27.36624
      32.56840      27.41548
      32.57860      27.46502
      32.58880      27.51434
      32.59890      27.56300
      32.60910      27.61192
      32.61920      27.66014
      32.62940      27.70857
      32.63960      27.75677
      32.64970      27.80424
      32.65990      27.85191
      32.67010      27.89929
      32.68020      27.94589
      32.69040      27.99266
      32.70060      28.03910
      32.71070      28.08477
      32.72090      28.13053
      32.73110      28.17592
      32.74120      28.22052
      32.75140      28.26517
      32.76150      28.30900
      32.77170      28.35285
      32.78190      28.39626
      32.79200      28.43883
      32.80220      28.48138
      32.81240      28.52347
      32.82250      28.56466
      32.83270      28.60579
      32.84290      28.64642
      32.85300      28.68616
      32.86320      28.72576
      32.87340      28.76482
      32.88350      28.80294
      32.89370      28.84090
      32.90390      28.87827
      32.91400      28.91471
      32.92420      28.95089
      32.93430      28.98613
      32.94450      29.02109
      32.95470      29.05541
      32.96480      29.08875
      32.97500      29.12176
      32.98520      29.15409
      32.99530      29.18544
      33.00550      29.21640
      33.01570      29.24665
      33.02580      29.27588
      33.03600      29.30468
      33.04620      29.33274
      33.05630      29.35977
      33.06650      29.38631
      33.07660      29.41182
      33.08680      29.43680
      33.09700      29.46099
      33.10710      29.48414
      33.11730      29.50670
      33.12750      29.52845
      33.13760      29.54915
      33.14780      29.56923
      33.15800      29.58844
      33.16810      29.60662
      33.17830      29.62412
      33.18850      29.64074
      33.19860      29.65632
      33.20880      29.67118
      33.21890      29.68500
      33.22910      29.69807
      33.23930      29.71022
      33.24940      29.72136
      33.25960      29.73169
      33.26980      29.74109
      33.27990      29.74949
      33.29010      29.75705
      33.30030      29.76367
      33.31040      29.76930
      33.32060      29.77405
      33.33080      29.77786
      33.34090      29.78070
      33.35110      29.78263
      33.36130      29.78361
      33.37140      29.78364
      33.38160      29.78274
      33.39170      29.78091
      33.40190      29.77812
      33.41210      29.77438
      33.42220      29.76976
      33.43240      29.76415
      33.44260      29.75760
      33.45270      29.75019
      33.46290      29.74179
      33.47310      29.73246
      33.48320      29.72230
      33.49340      29.71113
      33.50360      29.69905
      33.51370      29.68619
      33.52390      29.67230
      33.53400      29.65767
      33.54420      29.64200
      33.55440      29.62545
      33.56450      29.60820
      33.57470      29.58991
      33.58490      29.57076
      33.59500      29.55095
      33.60520      29.53011
      33.61540      29.50844
      33.62550      29.48616
      33.63570      29.46284
      33.64590      29.43872
      33.65600      29.41406
      33.66620      29.38836
      33.67640      29.36188
      33.68650      29.33490
      33.69670      29.30690
      33.70680      29.27845
      33.71700      29.24898
      33.72720      29.21879
      33.73730      29.18819
      33.74750      29.15659
      33.75770      29.12431
      33.76780      29.09168
      33.77800      29.05806
      33.78820      29.02379
      33.79830      28.98922
      33.80850      28.95371
      33.81870      28.91756
      33.82880      28.88117
      33.83900      28.84384
      33.84910      28.80631
      33.85930      28.76785
      33.86950      28.72883
      33.87960      28.68966
      33.88980      28.64958
      33.90000      28.60899
      33.91010      28.56831
      33.92030      28.52674
      33.93050      28.48469
      33.94060      28.44259
      33.95080      28.39964
      33.96100      28.35626
      33.97110      28.31287
      33.98130      28.26865
      33.99150      28.22402
      34.00160      28.17947
      34.01180      28.13410
      34.02190      28.08880
      34.03210      28.04272
      34.04230      27.99630
      34.05240      27.95003
      34.06260      27.90298
      34.07280      27.85562
      34.08290      27.80844
      34.09310      27.76053
      34.10330      27.71237
      34.11340      27.66441
      34.12360      27.61573
      34.13380      27.56683
      34.14390      27.51819
      34.15410      27.46888
      34.16420      27.41984
      34.17440      27.37014
      34.18460      27.32026
      34.19470      27.27072
      34.20490      27.22052
      34.21510      27.17018
      34.22520      27.12020
      34.23540      27.06961
      34.24560      27.01890
      34.25570      26.96861
      34.26590      26.91771
      34.27610      26.86673
      34.28620      26.81618
      34.29640      26.76508
      34.30660      26.71391
      34.31670      26.66320
      34.32690      26.61195
      34.33700      26.56117
      34.34720      26.50990
      34.35740      26.45860
      34.36750      26.40780
      34.37770      26.35650
      34.38790      26.30523
      34.39800      26.25449
      34.40820      26.20327
      34.41840      26.15210
      34.42850      26.10146
      34.43870      26.05039
      34.44890      25.99940
      34.45900      25.94895
      34.46920      25.89809
      34.47930      25.84781
      34.48950      25.79715
      34.49970      25.74656
      34.50980      25.69658
      34.52000      25.64622
      34.53020      25.59597
      34.54030      25.54636
      34.55050      25.49637
      34.56070      25.44653
      34.57080      25.39731
      34.58100      25.34776
      34.59120      25.29836
      34.60130      25.24963
      34.61150      25.20056
      34.62170      25.15167
      34.63180      25.10343
      34.64200      25.05492
      34.65210      25.00704
      34.66230      24.95890
      34.67250      24.91095
      34.68260      24.86368
      34.69280      24.81614
      34.70300      24.76882
      34.71310      24.72217
      34.72330      24.67529
      34.73350      24.62863
      34.74360      24.58266
      34.75380      24.53647
      34.76400      24.49051
      34.77410      24.44524
      34.78430      24.39977
      34.79440      24.35500
      34.80460      24.31003
      34.81480      24.26531
      34.82490      24.22128
      34.83510      24.17711
      34.84530      24.13318
      34.85540      24.08994
      34.86560      24.04655
      34.87580      24.00343
      34.88590      23.96102
      34.89610      23.91846
      34.90630      23.87618
      34.91640      23.83459
      34.92660      23.79288
      34.93670      23.75187
      34.94690      23.71074
      34.95710      23.66990
      34.96720      23.62974
      34.97740      23.58949
      34.98760      23.54955
      34.99770      23.51028
      35.00790      23.47092
      35.01810      23.43187
      35.02820      23.39351
      35.03840      23.35507
      35.04860      23.31693
      35.05870      23.27946
      35.06890      23.24194
      35.07910      23.20473
      35.08920      23.16819
      35.09940      23.13160
      35.10950      23.09567
      35.11970      23.05969
      35.12990      23.02403
      35.14000      22.98904
      35.15020      22.95401
      35.16040      22.91929
      35.17050      22.88522
      35.18070      22.85114
      35.19090      22.81736
      35.20100      22.78422
      35.21120      22.75107
      35.22140      22.71823
      35.23150      22.68604
      35.24170      22.65383
      35.25180      22.62224
      35.26200      22.59066
      35.27220      22.55939
      35.28230      22.52874
      35.29250      22.49809
      35.30270      22.46776
      35.31280      22.43802
      35.32300      22.40830
      35.33320      22.37890
      35.34330      22.35009
      35.35350      22.32129
      35.36370      22.29280
      35.37380      22.26490
      35.38400      22.23702
      35.39420      22.20945
      35.40430      22.18244
      35.41450      22.15546
      35.42460      22.12906
      35.43480      22.10268
      35.44500      22.07660
      35.45510      22.05106
      35.46530      22.02557
      35.47550      22.00038
      35.48560      21.97571
      35.49580      21.95109
      35.50600      21.92676
      35.51610      21.90295
      35.52630      21.87919
      35.53650      21.85572
      35.54660      21.83275
      35.55680      21.80983
      35.56690      21.78742
      35.57710      21.76505
      35.58730      21.74297
      35.59740      21.72136
      35.60760      21.69982
      35.61780      21.67854
      35.62790      21.65774
      35.63810      21.63699
      35.64830      21.61651
      35.65840      21.59649
      35.66860      21.57653
      35.67880      21.55682
      35.68890      21.53756
      35.69910      21.51836
      35.70930      21.49942
      35.71940      21.48091
      35.72960      21.46245
      35.73970      21.44442
      35.74990      21.42645
      35.76010      21.40873
      35.77020      21.39141
      35.78040      21.37416
      35.79060      21.35714
      35.80070      21.34052
      35.81090      21.32396
      35.82110      21.30763
      35.83120      21.29169
      35.84140      21.27580
      35.85160      21.26014
      35.86170      21.24485
      35.87190      21.22962
      35.88200      21.21475
      35.89220      21.19994
      35.90240      21.18535
      35.91250      21.17110
      35.92270      21.15692
      35.93290      21.14294
      35.94300      21.12929
      35.95320      21.11571
      35.96340      21.10233
      35.97350      21.08927
      35.98370      21.07626
      35.99390      21.06345
