! TITLE: Yobs                                                                                                                                                                                                                                                            
! Peak:  5
       6.24240      21.66604
       6.25250      21.66703
       6.26270      21.66803
       6.27290      21.66903
       6.28300      21.67002
       6.29320      21.67102
       6.30340      21.67201
       6.31350      21.67300
       6.32370      21.67400
       6.33380      21.67499
       6.34400      21.67599
       6.35420      21.67699
       6.36430      21.67798
       6.37450      21.67898
       6.38470      21.67998
       6.39480      21.68096
       6.40500      21.68196
       6.41520      21.68296
       6.42530      21.68395
       6.43550      21.68495
       6.44570      21.68595
       6.45580      21.68694
       6.46600      21.68793
       6.47620      21.68893
       6.48630      21.68992
       6.49650      21.69092
       6.50660      21.69191
       6.51680      21.69291
       6.52700      21.69390
       6.53710      21.69489
       6.54730      21.69589
       6.55750      21.69689
       6.56760      21.69788
       6.57780      21.69888
       6.58800      21.69987
       6.59810      21.70086
       6.60830      21.70186
       6.61850      21.70286
       6.62860      21.70385
       6.63880      21.70485
       6.64890      21.70584
       6.65910      21.70683
       6.66930      21.70783
       6.67940      21.70882
       6.68960      21.70982
       6.69980      21.71082
       6.70990      21.71180
       6.72010      21.71280
       6.73030      21.71380
       6.74040      21.71479
       6.75060      21.71579
       6.76080      21.71678
       6.77090      21.71777
       6.78110      21.71877
       6.79130      21.71977
       6.80140      21.72076
       6.81160      21.72175
       6.82170      21.72274
       6.83190      21.72374
       6.84210      21.72474
       6.85220      21.72573
       6.86240      21.72672
       6.87260      21.72772
       6.88270      21.72871
       6.89290      21.72971
       6.90310      21.73070
       6.91320      21.73169
       6.92340      21.73269
       6.93360      21.73369
       6.94370      21.73467
       6.95390      21.73567
       6.96400      21.73666
       6.97420      21.73766
       6.98440      21.73866
       6.99450      21.73964
       7.00470      21.74064
       7.01490      21.74164
       7.02500      21.74263
       7.03520      21.74362
       7.04540      21.74462
       7.05550      21.74561
       7.06570      21.74660
       7.07590      21.74760
       7.08600      21.74859
       7.09620      21.74959
       7.10640      21.75059
       7.11650      21.75157
       7.12670      21.75257
       7.13680      21.75356
       7.14700      21.75455
       7.15720      21.75555
       7.16730      21.75654
       7.17750      21.75754
       7.18770      21.75853
       7.19780      21.75952
       7.20800      21.76052
       7.21820      21.76151
       7.22830      21.76250
       7.23850      21.76350
       7.24870      21.76450
       7.25880      21.76548
       7.26900      21.76648
       7.27910      21.76747
       7.28930      21.76846
       7.29950      21.76946
       7.30960      21.77045
       7.31980      21.77144
       7.33000      21.77244
       7.34010      21.77343
       7.35030      21.77443
       7.36050      21.77542
       7.37060      21.77641
       7.38080      21.77741
       7.39100      21.77840
       7.40110      21.77939
       7.41130      21.78039
       7.42150      21.78138
       7.43160      21.78237
       7.44180      21.78337
       7.45190      21.78435
       7.46210      21.78535
       7.47230      21.78635
       7.48240      21.78733
       7.49260      21.78833
       7.50280      21.78933
       7.51290      21.79031
       7.52310      21.79131
       7.53330      21.79230
       7.54340      21.79329
       7.55360      21.79429
       7.56380      21.79528
       7.57390      21.79627
       7.58410      21.79727
       7.59420      21.79825
       7.60440      21.79925
       7.61460      21.80025
       7.62470      21.80123
       7.63490      21.80223
       7.64510      21.80322
       7.65520      21.80421
       7.66540      21.80521
       7.67560      21.80620
       7.68570      21.80719
       7.69590      21.80819
       7.70610      21.80918
       7.71620      21.81017
       7.72640      21.81116
       7.73650      21.81215
       7.74670      21.81315
       7.75690      21.81414
       7.76700      21.81513
       7.77720      21.81612
       7.78740      21.81712
       7.79750      21.81811
       7.80770      21.81910
       7.81790      21.82010
       7.82800      21.82108
       7.83820      21.82208
       7.84840      21.82307
       7.85850      21.82406
       7.86870      21.82506
       7.87890      21.82605
       7.88900      21.82704
       7.89920      21.82803
       7.90930      21.82902
       7.91950      21.83002
       7.92970      21.83101
       7.93980      21.83200
       7.95000      21.83299
       7.96020      21.83399
       7.97030      21.83497
       7.98050      21.83597
       7.99070      21.83696
       8.00080      21.83795
       8.01100      21.83894
       8.02120      21.83994
       8.03130      21.84093
       8.04150      21.84192
       8.05160      21.84291
       8.06180      21.84390
       8.07200      21.84489
       8.08210      21.84588
       8.09230      21.84688
       8.10250      21.84787
       8.11260      21.84886
       8.12280      21.84985
       8.13300      21.85085
       8.14310      21.85183
       8.15330      21.85283
       8.16350      21.85382
       8.17360      21.85481
       8.18380      21.85580
       8.19400      21.85680
       8.20410      21.85778
       8.21430      21.85878
       8.22440      21.85976
       8.23460      21.86076
       8.24480      21.86175
       8.25490      21.86274
       8.26510      21.86373
       8.27530      21.86473
       8.28540      21.86571
       8.29560      21.86670
       8.30580      21.86770
       8.31590      21.86868
       8.32610      21.86968
       8.33630      21.87067
       8.34640      21.87166
       8.35660      21.87265
       8.36670      21.87364
       8.37690      21.87463
       8.38710      21.87562
       8.39720      21.87661
       8.40740      21.87760
       8.41760      21.87860
       8.42770      21.87958
       8.43790      21.88058
       8.44810      21.88157
       8.45820      21.88256
       8.46840      21.88355
       8.47860      21.88454
       8.48870      21.88553
       8.49890      21.88652
       8.50910      21.88751
       8.51920      21.88850
       8.52940      21.88949
       8.53950      21.89048
       8.54970      21.89147
       8.55990      21.89247
       8.57000      21.89345
       8.58020      21.89444
       8.59040      21.89544
       8.60050      21.89642
       8.61070      21.89741
       8.62090      21.89841
       8.63100      21.89939
       8.64120      21.90038
       8.65140      21.90138
       8.66150      21.90236
       8.67170      21.90336
       8.68180      21.90434
       8.69200      21.90533
       8.70220      21.90633
       8.71230      21.90731
       8.72250      21.90830
       8.73270      21.90930
       8.74280      21.91028
       8.75300      21.91127
       8.76320      21.91227
       8.77330      21.91325
       8.78350      21.91424
       8.79370      21.91524
       8.80380      21.91622
       8.81400      21.91721
       8.82420      21.91821
       8.83430      21.91919
       8.84450      21.92018
       8.85460      21.92117
       8.86480      21.92216
       8.87500      21.92315
       8.88510      21.92414
       8.89530      21.92513
       8.90550      21.92612
       8.91560      21.92710
       8.92580      21.92810
       8.93600      21.92909
       8.94610      21.93007
       8.95630      21.93106
       8.96650      21.93206
       8.97660      21.93304
       8.98680      21.93403
       8.99690      21.93501
       9.00710      21.93601
       9.01730      21.93700
       9.02740      21.93798
       9.03760      21.93898
       9.04780      21.93997
       9.05790      21.94095
       9.06810      21.94194
       9.07830      21.94294
       9.08840      21.94392
       9.09860      21.94491
       9.10880      21.94590
       9.11890      21.94688
       9.12910      21.94788
       9.13930      21.94887
       9.14940      21.94985
       9.15960      21.95084
       9.16970      21.95182
       9.17990      21.95282
       9.19010      21.95381
       9.20020      21.95479
       9.21040      21.95578
       9.22060      21.95677
       9.23070      21.95776
       9.24090      21.95875
       9.25110      21.95974
       9.26120      21.96072
       9.27140      21.96171
       9.28160      21.96271
       9.29170      21.96369
       9.30190      21.96468
       9.31200      21.96566
       9.32220      21.96665
       9.33240      21.96764
       9.34250      21.96862
       9.35270      21.96962
       9.36290      21.97061
       9.37300      21.97159
       9.38320      21.97258
       9.39340      21.97357
       9.40350      21.97455
       9.41370      21.97554
       9.42390      21.97653
       9.43400      21.97752
       9.44420      21.97851
       9.45440      21.97950
       9.46450      21.98048
       9.47470      21.98147
       9.48480      21.98245
       9.49500      21.98344
       9.50520      21.98443
       9.51530      21.98541
       9.52550      21.98640
       9.53570      21.98739
       9.54580      21.98837
       9.55600      21.98937
       9.56620      21.99036
       9.57630      21.99134
       9.58650      21.99233
       9.59670      21.99332
       9.60680      21.99430
       9.61700      21.99529
       9.62710      21.99627
       9.63730      21.99726
       9.64750      21.99825
       9.65760      21.99923
       9.66780      22.00022
       9.67800      22.00121
       9.68810      22.00219
       9.69830      22.00318
       9.70850      22.00417
       9.71860      22.00515
       9.72880      22.00614
       9.73900      22.00713
       9.74910      22.00811
       9.75930      22.00910
       9.76940      22.01008
       9.77960      22.01107
       9.78980      22.01206
       9.79990      22.01304
       9.81010      22.01403
       9.82030      22.01502
       9.83040      22.01600
       9.84060      22.01699
       9.85080      22.01798
       9.86090      22.01896
       9.87110      22.01995
       9.88130      22.02094
       9.89140      22.02192
       9.90160      22.02291
       9.91180      22.02389
       9.92190      22.02487
       9.93210      22.02586
       9.94220      22.02684
       9.95240      22.02783
       9.96260      22.02882
       9.97270      22.02980
       9.98290      22.03079
       9.99310      22.03178
      10.00320      22.03275
      10.01340      22.03374
      10.02360      22.03473
      10.03370      22.03571
      10.04390      22.03670
      10.05410      22.03769
      10.06420      22.03867
      10.07440      22.03966
      10.08450      22.04063
      10.09470      22.04162
      10.10490      22.04261
      10.11500      22.04359
      10.12520      22.04458
      10.13540      22.04557
      10.14550      22.04655
      10.15570      22.04753
      10.16590      22.04852
      10.17600      22.04950
      10.18620      22.05049
      10.19640      22.05147
      10.20650      22.05245
      10.21670      22.05344
      10.22690      22.05443
      10.23700      22.05541
      10.24720      22.05639
      10.25730      22.05737
      10.26750      22.05836
      10.27770      22.05935
      10.28780      22.06032
      10.29800      22.06131
      10.30820      22.06230
      10.31830      22.06328
      10.32850      22.06426
      10.33870      22.06525
      10.34880      22.06623
      10.35900      22.06721
      10.36920      22.06820
      10.37930      22.06918
      10.38950      22.07017
      10.39960      22.07114
      10.40980      22.07213
      10.42000      22.07312
      10.43010      22.07409
      10.44030      22.07508
      10.45050      22.07607
      10.46060      22.07705
      10.47080      22.07803
      10.48100      22.07902
      10.49110      22.07999
      10.50130      22.08098
      10.51150      22.08197
      10.52160      22.08294
      10.53180      22.08393
      10.54200      22.08492
      10.55210      22.08589
      10.56230      22.08688
      10.57240      22.08785
      10.58260      22.08884
      10.59280      22.08983
      10.60290      22.09080
      10.61310      22.09179
      10.62330      22.09277
      10.63340      22.09375
      10.64360      22.09474
      10.65380      22.09572
      10.66390      22.09670
      10.67410      22.09768
      10.68430      22.09867
      10.69440      22.09964
      10.70460      22.10063
      10.71470      22.10160
      10.72490      22.10259
      10.73510      22.10357
      10.74520      22.10455
      10.75540      22.10554
      10.76560      22.10652
      10.77570      22.10750
      10.78590      22.10848
      10.79610      22.10946
      10.80620      22.11044
      10.81640      22.11143
      10.82660      22.11241
      10.83670      22.11338
      10.84690      22.11437
      10.85710      22.11535
      10.86720      22.11633
      10.87740      22.11731
      10.88750      22.11829
      10.89770      22.11927
      10.90790      22.12025
      10.91800      22.12123
      10.92820      22.12221
      10.93840      22.12320
      10.94850      22.12417
      10.95870      22.12515
      10.96890      22.12614
      10.97900      22.12711
      10.98920      22.12810
      10.99940      22.12908
      11.00950      22.13005
      11.01970      22.13104
      11.02980      22.13201
      11.04000      22.13300
      11.05020      22.13398
      11.06030      22.13495
      11.07050      22.13593
      11.08070      22.13692
      11.09080      22.13789
      11.10100      22.13887
      11.11120      22.13986
      11.12130      22.14083
      11.13150      22.14181
      11.14170      22.14280
      11.15180      22.14377
      11.16200      22.14475
      11.17220      22.14573
      11.18230      22.14671
      11.19250      22.14769
      11.20260      22.14866
      11.21280      22.14964
      11.22300      22.15063
      11.23310      22.15160
      11.24330      22.15258
      11.25350      22.15356
      11.26360      22.15454
      11.27380      22.15552
      11.28400      22.15650
      11.29410      22.15747
      11.30430      22.15845
      11.31450      22.15943
      11.32460      22.16040
      11.33480      22.16139
      11.34490      22.16236
      11.35510      22.16334
      11.36530      22.16432
      11.37540      22.16529
      11.38560      22.16627
      11.39580      22.16725
      11.40590      22.16823
      11.41610      22.16921
      11.42630      22.17019
      11.43640      22.17116
      11.44660      22.17214
      11.45680      22.17312
      11.46690      22.17409
      11.47710      22.17507
      11.48730      22.17605
      11.49740      22.17702
      11.50760      22.17800
      11.51770      22.17897
      11.52790      22.17995
      11.53810      22.18093
      11.54820      22.18190
      11.55840      22.18288
      11.56860      22.18386
      11.57870      22.18483
      11.58890      22.18581
      11.59910      22.18679
      11.60920      22.18776
      11.61940      22.18874
      11.62960      22.18972
      11.63970      22.19069
      11.64990      22.19167
      11.66000      22.19264
      11.67020      22.19362
      11.68040      22.19460
      11.69050      22.19556
      11.70070      22.19654
      11.71090      22.19752
      11.72100      22.19849
      11.73120      22.19947
      11.74140      22.20045
      11.75150      22.20142
      11.76170      22.20239
      11.77190      22.20337
      11.78200      22.20434
      11.79220      22.20532
      11.80230      22.20629
      11.81250      22.20727
      11.82270      22.20824
      11.83280      22.20921
      11.84300      22.21019
      11.85320      22.21117
      11.86330      22.21214
      11.87350      22.21311
      11.88370      22.21409
      11.89380      22.21506
      11.90400      22.21603
      11.91420      22.21701
      11.92430      22.21798
      11.93450      22.21895
      11.94470      22.21993
      11.95480      22.22090
      11.96500      22.22188
      11.97510      22.22284
      11.98530      22.22382
      11.99550      22.22479
      12.00560      22.22576
      12.01580      22.22674
      12.02600      22.22771
      12.03610      22.22868
      12.04630      22.22966
      12.05650      22.23063
      12.06660      22.23160
      12.07680      22.23257
      12.08700      22.23355
      12.09710      22.23451
      12.10730      22.23549
      12.11740      22.23646
      12.12760      22.23743
      12.13780      22.23841
      12.14790      22.23937
      12.15810      22.24035
      12.16830      22.24132
      12.17840      22.24229
      12.18860      22.24326
      12.19880      22.24423
      12.20890      22.24520
      12.21910      22.24617
      12.22930      22.24715
      12.23940      22.24811
      12.24960      22.24909
      12.25980      22.25006
      12.26990      22.25102
      12.28010      22.25200
      12.29020      22.25296
      12.30040      22.25394
      12.31060      22.25491
      12.32070      22.25587
      12.33090      22.25685
      12.34110      22.25782
      12.35120      22.25878
      12.36140      22.25976
      12.37160      22.26073
      12.38170      22.26169
      12.39190      22.26266
      12.40210      22.26364
      12.41220      22.26460
      12.42240      22.26557
      12.43250      22.26653
      12.44270      22.26751
      12.45290      22.26848
      12.46300      22.26944
      12.47320      22.27041
      12.48340      22.27139
      12.49350      22.27235
      12.50370      22.27332
      12.51390      22.27429
      12.52400      22.27525
      12.53420      22.27622
      12.54440      22.27719
      12.55450      22.27816
      12.56470      22.27913
      12.57490      22.28010
      12.58500      22.28106
      12.59520      22.28203
      12.60530      22.28299
      12.61550      22.28396
      12.62570      22.28493
      12.63580      22.28589
      12.64600      22.28686
      12.65620      22.28783
      12.66630      22.28879
      12.67650      22.28976
      12.68670      22.29073
      12.69680      22.29169
      12.70700      22.29266
      12.71720      22.29363
      12.72730      22.29459
      12.73750      22.29556
      12.74760      22.29652
      12.75780      22.29749
      12.76800      22.29845
      12.77810      22.29941
      12.78830      22.30038
      12.79850      22.30135
      12.80860      22.30231
      12.81880      22.30328
      12.82900      22.30424
      12.83910      22.30520
      12.84930      22.30617
      12.85950      22.30714
      12.86960      22.30810
      12.87980      22.30906
      12.89000      22.31003
      12.90010      22.31099
      12.91030      22.31195
      12.92040      22.31291
      12.93060      22.31388
      12.94080      22.31485
      12.95090      22.31580
      12.96110      22.31677
      12.97130      22.31774
      12.98140      22.31869
      12.99160      22.31966
      13.00180      22.32062
      13.01190      22.32158
      13.02210      22.32255
      13.03230      22.32351
      13.04240      22.32447
      13.05260      22.32543
      13.06270      22.32639
      13.07290      22.32735
      13.08310      22.32832
      13.09320      22.32927
      13.10340      22.33024
      13.11360      22.33120
      13.12370      22.33216
      13.13390      22.33312
      13.14410      22.33409
      13.15420      22.33504
      13.16440      22.33600
      13.17460      22.33697
      13.18470      22.33792
      13.19490      22.33888
      13.20510      22.33985
      13.21520      22.34080
      13.22540      22.34176
      13.23550      22.34272
      13.24570      22.34368
      13.25590      22.34464
      13.26600      22.34560
      13.27620      22.34656
      13.28640      22.34752
      13.29650      22.34847
      13.30670      22.34944
      13.31690      22.35040
      13.32700      22.35135
      13.33720      22.35231
      13.34740      22.35327
      13.35750      22.35422
      13.36770      22.35518
      13.37780      22.35614
      13.38800      22.35710
      13.39820      22.35806
      13.40830      22.35901
      13.41850      22.35997
      13.42870      22.36093
      13.43880      22.36188
      13.44900      22.36284
      13.45920      22.36380
      13.46930      22.36475
      13.47950      22.36571
      13.48970      22.36667
      13.49980      22.36762
      13.51000      22.36858
      13.52010      22.36953
      13.53030      22.37049
      13.54050      22.37144
      13.55060      22.37239
      13.56080      22.37335
      13.57100      22.37431
      13.58110      22.37526
      13.59130      22.37621
      13.60150      22.37717
      13.61160      22.37812
      13.62180      22.37908
      13.63200      22.38004
      13.64210      22.38098
      13.65230      22.38194
      13.66250      22.38290
      13.67260      22.38384
      13.68280      22.38480
      13.69290      22.38575
      13.70310      22.38670
      13.71330      22.38766
      13.72340      22.38861
      13.73360      22.38956
      13.74380      22.39052
      13.75390      22.39146
      13.76410      22.39242
      13.77430      22.39337
      13.78440      22.39432
      13.79460      22.39527
      13.80480      22.39623
      13.81490      22.39717
      13.82510      22.39812
      13.83520      22.39907
      13.84540      22.40002
      13.85560      22.40098
      13.86570      22.40192
      13.87590      22.40287
      13.88610      22.40383
      13.89620      22.40477
      13.90640      22.40572
      13.91660      22.40668
      13.92670      22.40762
      13.93690      22.40857
      13.94710      22.40952
      13.95720      22.41047
      13.96740      22.41142
      13.97760      22.41237
      13.98770      22.41331
      13.99790      22.41426
      14.00800      22.41521
      14.01820      22.41615
      14.02840      22.41711
      14.03850      22.41805
      14.04870      22.41900
      14.05890      22.41995
      14.06900      22.42089
      14.07920      22.42184
      14.08940      22.42279
      14.09950      22.42373
      14.10970      22.42468
      14.11990      22.42563
      14.13000      22.42657
      14.14020      22.42751
      14.15030      22.42845
      14.16050      22.42940
      14.17070      22.43035
      14.18080      22.43129
      14.19100      22.43224
      14.20120      22.43318
      14.21130      22.43412
      14.22150      22.43507
      14.23170      22.43602
      14.24180      22.43695
      14.25200      22.43790
      14.26220      22.43885
      14.27230      22.43978
      14.28250      22.44073
      14.29270      22.44168
      14.30280      22.44261
      14.31300      22.44356
      14.32310      22.44449
      14.33330      22.44544
      14.34350      22.44638
      14.35360      22.44732
      14.36380      22.44826
      14.37400      22.44921
      14.38410      22.45014
      14.39430      22.45108
      14.40450      22.45203
      14.41460      22.45296
      14.42480      22.45391
      14.43500      22.45485
      14.44510      22.45578
      14.45530      22.45672
      14.46540      22.45766
      14.47560      22.45860
      14.48580      22.45954
      14.49590      22.46047
      14.50610      22.46142
      14.51630      22.46236
      14.52640      22.46329
      14.53660      22.46423
      14.54680      22.46517
      14.55690      22.46610
      14.56710      22.46704
      14.57730      22.46798
      14.58740      22.46891
      14.59760      22.46985
      14.60780      22.47079
      14.61790      22.47172
      14.62810      22.47266
      14.63820      22.47359
      14.64840      22.47453
      14.65860      22.47547
      14.66870      22.47640
      14.67890      22.47733
      14.68910      22.47827
      14.69920      22.47920
      14.70940      22.48014
      14.71960      22.48107
      14.72970      22.48200
      14.73990      22.48294
      14.75010      22.48388
      14.76020      22.48480
      14.77040      22.48574
      14.78050      22.48666
      14.79070      22.48760
      14.80090      22.48853
      14.81100      22.48946
      14.82120      22.49039
      14.83140      22.49133
      14.84150      22.49225
      14.85170      22.49319
      14.86190      22.49412
      14.87200      22.49505
      14.88220      22.49598
      14.89240      22.49691
      14.90250      22.49784
      14.91270      22.49877
      14.92290      22.49970
      14.93300      22.50062
      14.94320      22.50156
      14.95330      22.50248
      14.96350      22.50341
      14.97370      22.50434
      14.98380      22.50526
      14.99400      22.50619
      15.00420      22.50712
      15.01430      22.50805
      15.02450      22.50897
      15.03470      22.50990
      15.04480      22.51082
      15.05500      22.51175
      15.06520      22.51268
      15.07530      22.51360
      15.08550      22.51453
      15.09560      22.51545
      15.10580      22.51638
      15.11600      22.51731
      15.12610      22.51822
      15.13630      22.51915
      15.14650      22.52008
      15.15660      22.52100
      15.16680      22.52192
      15.17700      22.52285
      15.18710      22.52377
      15.19730      22.52469
      15.20750      22.52562
      15.21760      22.52653
      15.22780      22.52746
      15.23800      22.52838
      15.24810      22.52930
      15.25830      22.53022
      15.26840      22.53114
      15.27860      22.53206
      15.28880      22.53298
      15.29890      22.53390
      15.30910      22.53482
      15.31930      22.53574
      15.32940      22.53665
      15.33960      22.53757
      15.34980      22.53850
      15.35990      22.53941
      15.37010      22.54033
      15.38030      22.54125
      15.39040      22.54216
      15.40060      22.54308
      15.41070      22.54399
      15.42090      22.54491
      15.43110      22.54583
      15.44120      22.54674
      15.45140      22.54766
      15.46160      22.54858
      15.47170      22.54949
      15.48190      22.55041
      15.49210      22.55132
      15.50220      22.55223
      15.51240      22.55315
      15.52260      22.55407
      15.53270      22.55497
      15.54290      22.55589
      15.55300      22.55680
      15.56320      22.55771
      15.57340      22.55863
      15.58350      22.55953
      15.59370      22.56045
      15.60390      22.56136
      15.61400      22.56227
      15.62420      22.56318
      15.63440      22.56410
      15.64450      22.56500
      15.65470      22.56591
      15.66490      22.56683
      15.67500      22.56773
      15.68520      22.56864
      15.69540      22.56955
      15.70550      22.57046
      15.71570      22.57137
      15.72580      22.57227
      15.73600      22.57318
      15.74620      22.57409
      15.75630      22.57499
      15.76650      22.57590
      15.77670      22.57681
      15.78680      22.57771
      15.79700      22.57862
      15.80720      22.57953
      15.81730      22.58043
      15.82750      22.58134
      15.83770      22.58224
      15.84780      22.58314
      15.85800      22.58405
      15.86810      22.58494
      15.87830      22.58585
      15.88850      22.58676
      15.89860      22.58765
      15.90880      22.58856
      15.91900      22.58946
      15.92910      22.59036
      15.93930      22.59126
      15.94950      22.59217
      15.95960      22.59306
      15.96980      22.59397
      15.98000      22.59487
      15.99010      22.59576
      16.00030      22.59666
      16.01050      22.59757
      16.02060      22.59846
      16.03080      22.59936
      16.04090      22.60025
      16.05110      22.60115
      16.06130      22.60205
      16.07140      22.60294
      16.08160      22.60384
      16.09180      22.60474
      16.10190      22.60563
      16.11210      22.60653
      16.12230      22.60743
      16.13240      22.60832
      16.14260      22.60922
      16.15280      22.61011
      16.16290      22.61100
      16.17310      22.61190
      16.18320      22.61279
      16.19340      22.61368
      16.20360      22.61458
      16.21370      22.61546
      16.22390      22.61636
      16.23410      22.61725
      16.24420      22.61814
      16.25440      22.61903
      16.26460      22.61992
      16.27470      22.62081
      16.28490      22.62170
      16.29510      22.62259
      16.30520      22.62348
      16.31540      22.62437
      16.32560      22.62526
      16.33570      22.62614
      16.34590      22.62703
      16.35600      22.62791
      16.36620      22.62880
      16.37640      22.62969
      16.38650      22.63057
      16.39670      22.63146
      16.40690      22.63235
      16.41700      22.63323
      16.42720      22.63412
      16.43740      22.63500
      16.44750      22.63588
      16.45770      22.63677
      16.46790      22.63765
      16.47800      22.63853
      16.48820      22.63941
      16.49830      22.64029
      16.50850      22.64117
      16.51870      22.64206
      16.52880      22.64293
      16.53900      22.64382
      16.54920      22.64470
      16.55930      22.64557
      16.56950      22.64646
      16.57970      22.64734
      16.58980      22.64821
      16.60000      22.64909
      16.61020      22.64997
      16.62030      22.65084
      16.63050      22.65172
      16.64070      22.65260
      16.65080      22.65347
      16.66100      22.65435
      16.67110      22.65522
      16.68130      22.65610
      16.69150      22.65698
      16.70160      22.65784
      16.71180      22.65872
      16.72200      22.65960
      16.73210      22.66047
      16.74230      22.66134
      16.75250      22.66222
      16.76260      22.66308
      16.77280      22.66396
      16.78300      22.66483
      16.79310      22.66569
      16.80330      22.66657
      16.81340      22.66743
      16.82360      22.66830
      16.83380      22.66917
      16.84390      22.67004
      16.85410      22.67091
      16.86430      22.67178
      16.87440      22.67264
      16.88460      22.67351
      16.89480      22.67438
      16.90490      22.67524
      16.91510      22.67611
      16.92530      22.67698
      16.93540      22.67784
      16.94560      22.67870
      16.95580      22.67957
      16.96590      22.68043
      16.97610      22.68129
      16.98620      22.68215
      16.99640      22.68301
      17.00660      22.68388
      17.01670      22.68473
      17.02690      22.68560
      17.03710      22.68646
      17.04720      22.68731
      17.05740      22.68818
      17.06760      22.68904
      17.07770      22.68989
      17.08790      22.69075
      17.09810      22.69161
      17.10820      22.69246
      17.11840      22.69333
      17.12850      22.69418
      17.13870      22.69503
      17.14890      22.69589
      17.15900      22.69674
      17.16920      22.69760
      17.17940      22.69846
      17.18950      22.69930
      17.19970      22.70016
      17.20990      22.70102
      17.22000      22.70186
      17.23020      22.70272
      17.24040      22.70357
      17.25050      22.70442
      17.26070      22.70527
      17.27090      22.70612
      17.28100      22.70697
      17.29120      22.70782
      17.30130      22.70866
      17.31150      22.70951
      17.32170      22.71036
      17.33180      22.71120
      17.34200      22.71206
      17.35220      22.71290
      17.36230      22.71374
      17.37250      22.71459
      17.38270      22.71544
      17.39280      22.71628
      17.40300      22.71712
      17.41320      22.71797
      17.42330      22.71881
      17.43350      22.71965
      17.44360      22.72049
      17.45380      22.72133
      17.46400      22.72218
      17.47410      22.72301
      17.48430      22.72386
      17.49450      22.72470
      17.50460      22.72553
      17.51480      22.72637
      17.52500      22.72721
      17.53510      22.72805
      17.54530      22.72889
      17.55550      22.72973
      17.56560      22.73056
      17.57580      22.73140
      17.58590      22.73223
      17.59610      22.73306
      17.60630      22.73390
      17.61640      22.73473
      17.62660      22.73556
      17.63680      22.73640
      17.64690      22.73723
      17.65710      22.73806
      17.66730      22.73889
      17.67740      22.73972
      17.68760      22.74055
      17.69780      22.74138
      17.70790      22.74221
      17.71810      22.74304
      17.72830      22.74387
      17.73840      22.74469
      17.74860      22.74552
      17.75870      22.74634
      17.76890      22.74717
      17.77910      22.74800
      17.78920      22.74882
      17.79940      22.74965
      17.80960      22.75047
      17.81970      22.75129
      17.82990      22.75212
      17.84010      22.75294
      17.85020      22.75376
      17.86040      22.75458
      17.87060      22.75541
      17.88070      22.75622
      17.89090      22.75705
      17.90100      22.75786
      17.91120      22.75868
      17.92140      22.75950
      17.93150      22.76031
      17.94170      22.76113
      17.95190      22.76195
      17.96200      22.76276
      17.97220      22.76358
      17.98240      22.76440
      17.99250      22.76521
      18.00270      22.76603
      18.01290      22.76684
      18.02300      22.76765
      18.03320      22.76846
      18.04340      22.76928
      18.05350      22.77008
      18.06370      22.77090
      18.07380      22.77170
      18.08400      22.77251
      18.09420      22.77333
      18.10430      22.77413
      18.11450      22.77494
      18.12470      22.77575
      18.13480      22.77655
      18.14500      22.77736
      18.15520      22.77817
      18.16530      22.77897
      18.17550      22.77978
      18.18570      22.78058
      18.19580      22.78138
      18.20600      22.78218
      18.21610      22.78298
      18.22630      22.78379
      18.23650      22.78459
      18.24660      22.78539
      18.25680      22.78619
      18.26700      22.78699
      18.27710      22.78778
      18.28730      22.78859
      18.29750      22.78938
      18.30760      22.79018
      18.31780      22.79098
      18.32800      22.79177
      18.33810      22.79256
      18.34830      22.79336
      18.35850      22.79416
      18.36860      22.79495
      18.37880      22.79574
      18.38890      22.79653
      18.39910      22.79733
      18.40930      22.79812
      18.41940      22.79890
      18.42960      22.79970
      18.43980      22.80049
      18.44990      22.80127
      18.46010      22.80206
      18.47030      22.80285
      18.48040      22.80364
      18.49060      22.80443
      18.50080      22.80521
      18.51090      22.80599
      18.52110      22.80678
      18.53120      22.80756
      18.54140      22.80835
      18.55160      22.80913
      18.56170      22.80991
      18.57190      22.81069
      18.58210      22.81148
      18.59220      22.81225
      18.60240      22.81304
      18.61260      22.81382
      18.62270      22.81459
      18.63290      22.81537
      18.64310      22.81615
      18.65320      22.81692
      18.66340      22.81770
      18.67360      22.81848
      18.68370      22.81925
      18.69390      22.82003
      18.70400      22.82080
      18.71420      22.82157
      18.72440      22.82235
      18.73450      22.82311
      18.74470      22.82389
      18.75490      22.82466
      18.76500      22.82543
      18.77520      22.82620
      18.78540      22.82697
      18.79550      22.82773
      18.80570      22.82850
      18.81590      22.82927
      18.82600      22.83003
      18.83620      22.83080
      18.84630      22.83156
      18.85650      22.83233
      18.86670      22.83309
      18.87680      22.83385
      18.88700      22.83462
      18.89720      22.83538
      18.90730      22.83614
      18.91750      22.83690
      18.92770      22.83766
      18.93780      22.83842
      18.94800      22.83918
      18.95820      22.83994
      18.96830      22.84069
      18.97850      22.84145
      18.98870      22.84221
      18.99880      22.84296
      19.00900      22.84372
      19.01910      22.84447
      19.02930      22.84522
      19.03950      22.84598
      19.04960      22.84673
      19.05980      22.84748
      19.07000      22.84823
      19.08010      22.84898
      19.09030      22.84973
      19.10050      22.85048
      19.11060      22.85122
      19.12080      22.85197
      19.13100      22.85272
      19.14110      22.85346
      19.15130      22.85421
      19.16140      22.85495
      19.17160      22.85570
      19.18180      22.85645
      19.19190      22.85718
      19.20210      22.85793
      19.21230      22.85867
      19.22240      22.85941
      19.23260      22.86015
      19.24280      22.86089
      19.25290      22.86163
      19.26310      22.86237
      19.27330      22.86311
      19.28340      22.86384
      19.29360      22.86458
      19.30380      22.86531
      19.31390      22.86604
      19.32410      22.86678
      19.33420      22.86751
      19.34440      22.86824
      19.35460      22.86898
      19.36470      22.86971
      19.37490      22.87044
      19.38510      22.87117
      19.39520      22.87189
      19.40540      22.87263
      19.41560      22.87336
      19.42570      22.87408
      19.43590      22.87481
      19.44610      22.87553
      19.45620      22.87626
      19.46640      22.87698
      19.47650      22.87770
      19.48670      22.87843
      19.49690      22.87915
      19.50700      22.87987
      19.51720      22.88059
      19.52740      22.88131
      19.53750      22.88203
      19.54770      22.88275
      19.55790      22.88347
      19.56800      22.88418
      19.57820      22.88490
      19.58840      22.88562
      19.59850      22.88633
      19.60870      22.88705
      19.61880      22.88776
      19.62900      22.88847
      19.63920      22.88919
      19.64930      22.88989
      19.65950      22.89061
      19.66970      22.89132
      19.67980      22.89202
      19.69000      22.89274
      19.70020      22.89345
      19.71030      22.89415
      19.72050      22.89486
      19.73070      22.89557
      19.74080      22.89627
      19.75100      22.89697
      19.76120      22.89768
      19.77130      22.89838
      19.78150      22.89908
      19.79160      22.89978
      19.80180      22.90048
      19.81200      22.90119
      19.82210      22.90188
      19.83230      22.90258
      19.84250      22.90328
      19.85260      22.90397
      19.86280      22.90467
      19.87300      22.90537
      19.88310      22.90606
      19.89330      22.90676
      19.90350      22.90745
      19.91360      22.90814
      19.92380      22.90884
      19.93390      22.90952
      19.94410      22.91022
      19.95430      22.91091
      19.96440      22.91159
      19.97460      22.91228
      19.98480      22.91298
      19.99490      22.91366
      20.00510      22.91434
      20.01530      22.91503
      20.02540      22.91571
      20.03560      22.91640
      20.04580      22.91709
      20.05590      22.91776
      20.06610      22.91845
      20.07630      22.91913
      20.08640      22.91981
      20.09660      22.92049
      20.10670      22.92116
      20.11690      22.92184
      20.12710      22.92252
      20.13720      22.92319
      20.14740      22.92387
      20.15760      22.92455
      20.16770      22.92522
      20.17790      22.92590
      20.18810      22.92657
      20.19820      22.92724
      20.20840      22.92791
      20.21860      22.92858
      20.22870      22.92925
      20.23890      22.92992
      20.24900      22.93058
      20.25920      22.93125
      20.26940      22.93192
      20.27950      22.93258
      20.28970      22.93325
      20.29990      22.93392
      20.31000      22.93458
      20.32020      22.93524
      20.33040      22.93591
      20.34050      22.93656
      20.35070      22.93723
      20.36090      22.93789
      20.37100      22.93854
      20.38120      22.93920
      20.39140      22.93986
      20.40150      22.94052
      20.41170      22.94117
      20.42180      22.94182
      20.43200      22.94248
      20.44220      22.94314
      20.45230      22.94379
      20.46250      22.94444
      20.47270      22.94509
      20.48280      22.94574
      20.49300      22.94639
      20.50320      22.94704
      20.51330      22.94769
      20.52350      22.94834
      20.53370      22.94899
      20.54380      22.94963
      20.55400      22.95028
      20.56410      22.95091
      20.57430      22.95156
      20.58450      22.95221
      20.59460      22.95284
      20.60480      22.95349
      20.61500      22.95413
      20.62510      22.95477
      20.63530      22.95541
      20.64550      22.95605
      20.65560      22.95668
      20.66580      22.95732
      20.67600      22.95796
      20.68610      22.95859
      20.69630      22.95922
      20.70650      22.95986
      20.71660      22.96049
      20.72680      22.96112
      20.73690      22.96175
      20.74710      22.96238
      20.75730      22.96301
      20.76740      22.96364
      20.77760      22.96427
      20.78780      22.96490
      20.79790      22.96552
      20.80810      22.96615
      20.81830      22.96677
      20.82840      22.96739
      20.83860      22.96802
      20.84880      22.96864
      20.85890      22.96926
      20.86910      22.96988
      20.87920      22.97050
      20.88940      22.97112
      20.89960      22.97174
      20.90970      22.97235
      20.91990      22.97297
      20.93010      22.97359
      20.94020      22.97420
      20.95040      22.97482
      20.96060      22.97544
      20.97070      22.97605
      20.98090      22.97666
      20.99110      22.97727
      21.00120      22.97788
      21.01140      22.97849
      21.02160      22.97910
      21.03170      22.97971
      21.04190      22.98032
      21.05200      22.98092
      21.06220      22.98153
      21.07240      22.98213
      21.08250      22.98273
      21.09270      22.98334
      21.10290      22.98394
      21.11300      22.98454
      21.12320      22.98514
      21.13340      22.98575
      21.14350      22.98634
      21.15370      22.98694
      21.16390      22.98754
      21.17400      22.98813
      21.18420      22.98873
      21.19430      22.98932
      21.20450      22.98992
      21.21470      22.99052
      21.22480      22.99111
      21.23500      22.99170
      21.24520      22.99229
      21.25530      22.99288
      21.26550      22.99347
      21.27570      22.99406
      21.28580      22.99465
      21.29600      22.99524
      21.30620      22.99583
      21.31630      22.99641
      21.32650      22.99700
      21.33660      22.99758
      21.34680      22.99816
      21.35700      22.99874
      21.36710      22.99932
      21.37730      22.99991
      21.38750      23.00049
      21.39760      23.00106
      21.40780      23.00165
      21.41800      23.00223
      21.42810      23.00280
      21.43830      23.00338
      21.44850      23.00395
      21.45860      23.00452
      21.46880      23.00510
      21.47900      23.00568
      21.48910      23.00624
      21.49930      23.00682
      21.50940      23.00738
      21.51960      23.00796
      21.52980      23.00853
      21.53990      23.00909
      21.55010      23.00966
      21.56030      23.01023
      21.57040      23.01079
      21.58060      23.01136
      21.59080      23.01192
      21.60090      23.01249
      21.61110      23.01305
      21.62130      23.01361
      21.63140      23.01417
      21.64160      23.01473
      21.65170      23.01529
      21.66190      23.01585
      21.67210      23.01641
      21.68220      23.01696
      21.69240      23.01752
      21.70260      23.01808
      21.71270      23.01863
      21.72290      23.01918
      21.73310      23.01974
      21.74320      23.02029
      21.75340      23.02084
      21.76360      23.02139
      21.77370      23.02194
      21.78390      23.02249
      21.79410      23.02304
      21.80420      23.02358
      21.81440      23.02413
      21.82450      23.02468
      21.83470      23.02522
      21.84490      23.02577
      21.85500      23.02631
      21.86520      23.02685
      21.87540      23.02740
      21.88550      23.02794
      21.89570      23.02848
      21.90590      23.02902
      21.91600      23.02955
      21.92620      23.03009
      21.93640      23.03063
      21.94650      23.03117
      21.95670      23.03170
      21.96680      23.03223
      21.97700      23.03277
      21.98720      23.03331
      21.99730      23.03383
      22.00750      23.03437
      22.01770      23.03490
      22.02780      23.03543
      22.03800      23.03596
      22.04820      23.03649
      22.05830      23.03701
      22.06850      23.03754
      22.07870      23.03807
      22.08880      23.03859
      22.09900      23.03912
      22.10920      23.03964
      22.11930      23.04016
      22.12950      23.04069
      22.13960      23.04121
      22.14980      23.04173
      22.16000      23.04225
      22.17010      23.04277
      22.18030      23.04329
      22.19050      23.04381
      22.20060      23.04432
      22.21080      23.04484
      22.22100      23.04535
      22.23110      23.04587
      22.24130      23.04638
      22.25150      23.04690
      22.26160      23.04741
      22.27180      23.04792
      22.28190      23.04843
      22.29210      23.04894
      22.30230      23.04945
      22.31240      23.04995
      22.32260      23.05046
      22.33280      23.05097
      22.34290      23.05147
      22.35310      23.05198
      22.36330      23.05249
      22.37340      23.05299
      22.38360      23.05349
      22.39380      23.05400
      22.40390      23.05449
      22.41410      23.05500
      22.42430      23.05550
      22.43440      23.05599
      22.44460      23.05649
      22.45470      23.05699
      22.46490      23.05749
      22.47510      23.05799
      22.48520      23.05848
      22.49540      23.05897
      22.50560      23.05947
      22.51570      23.05996
      22.52590      23.06045
      22.53610      23.06095
      22.54620      23.06143
      22.55640      23.06193
      22.56660      23.06242
      22.57670      23.06290
      22.58690      23.06339
      22.59700      23.06388
      22.60720      23.06436
      22.61740      23.06485
      22.62750      23.06533
      22.63770      23.06582
      22.64790      23.06630
      22.65800      23.06678
      22.66820      23.06727
      22.67840      23.06775
      22.68850      23.06823
      22.69870      23.06871
      22.70890      23.06919
      22.71900      23.06966
      22.72920      23.07014
      22.73940      23.07062
      22.74950      23.07109
      22.75970      23.07157
      22.76980      23.07204
      22.78000      23.07252
      22.79020      23.07299
      22.80030      23.07346
      22.81050      23.07393
      22.82070      23.07441
      22.83080      23.07487
      22.84100      23.07535
      22.85120      23.07582
      22.86130      23.07628
      22.87150      23.07675
      22.88170      23.07722
      22.89180      23.07768
      22.90200      23.07815
      22.91210      23.07861
      22.92230      23.07907
      22.93250      23.07954
      22.94260      23.08000
      22.95280      23.08046
      22.96300      23.08092
      22.97310      23.08138
      22.98330      23.08184
      22.99350      23.08230
      23.00360      23.08276
      23.01380      23.08322
      23.02400      23.08368
      23.03410      23.08413
      23.04430      23.08459
      23.05450      23.08504
      23.06460      23.08549
      23.07480      23.08595
      23.08490      23.08640
      23.09510      23.08685
      23.10530      23.08731
      23.11540      23.08775
      23.12560      23.08821
      23.13580      23.08866
      23.14590      23.08910
      23.15610      23.08955
      23.16630      23.09000
      23.17640      23.09044
      23.18660      23.09089
      23.19680      23.09134
      23.20690      23.09178
      23.21710      23.09222
      23.22720      23.09266
      23.23740      23.09311
      23.24760      23.09355
      23.25770      23.09399
      23.26790      23.09443
      23.27810      23.09487
      23.28820      23.09531
      23.29840      23.09575
      23.30860      23.09619
      23.31870      23.09662
      23.32890      23.09706
      23.33910      23.09750
      23.34920      23.09793
      23.35940      23.09837
      23.36950      23.09880
      23.37970      23.09923
      23.38990      23.09967
      23.40000      23.10010
      23.41020      23.10053
      23.42040      23.10096
      23.43050      23.10139
      23.44070      23.10182
      23.45090      23.10225
      23.46100      23.10268
      23.47120      23.10311
      23.48140      23.10353
      23.49150      23.10396
      23.50170      23.10439
      23.51190      23.10481
      23.52200      23.10523
      23.53220      23.10566
      23.54230      23.10608
      23.55250      23.10650
      23.56270      23.10693
      23.57280      23.10735
      23.58300      23.10777
      23.59320      23.10819
      23.60330      23.10861
      23.61350      23.10903
      23.62370      23.10945
      23.63380      23.10987
      23.64400      23.11028
      23.65420      23.11070
      23.66430      23.11111
      23.67450      23.11153
      23.68460      23.11194
      23.69480      23.11236
      23.70500      23.11278
      23.71510      23.11319
      23.72530      23.11360
      23.73550      23.11401
      23.74560      23.11442
      23.75580      23.11484
      23.76600      23.11525
      23.77610      23.11566
      23.78630      23.11607
      23.79650      23.11648
      23.80660      23.11688
      23.81680      23.11729
      23.82700      23.11770
      23.83710      23.11810
      23.84730      23.11851
      23.85740      23.11891
      23.86760      23.11932
      23.87780      23.11973
      23.88790      23.12013
      23.89810      23.12053
      23.90830      23.12094
      23.91840      23.12134
      23.92860      23.12174
      23.93880      23.12214
      23.94890      23.12254
      23.95910      23.12294
      23.96930      23.12334
      23.97940      23.12374
      23.98960      23.12414
      23.99970      23.12453
      24.00990      23.12493
      24.02010      23.12533
      24.03020      23.12573
      24.04040      23.12612
      24.05060      23.12652
      24.06070      23.12691
      24.07090      23.12731
      24.08110      23.12770
      24.09120      23.12810
      24.10140      23.12849
      24.11160      23.12889
      24.12170      23.12927
      24.13190      23.12967
      24.14210      23.13006
      24.15220      23.13045
      24.16240      23.13084
      24.17250      23.13123
      24.18270      23.13162
      24.19290      23.13201
      24.20300      23.13239
      24.21320      23.13278
      24.22340      23.13317
      24.23350      23.13356
      24.24370      23.13395
      24.25390      23.13433
      24.26400      23.13472
      24.27420      23.13510
      24.28440      23.13549
      24.29450      23.13587
      24.30470      23.13626
      24.31480      23.13664
      24.32500      23.13702
      24.33520      23.13741
      24.34530      23.13779
      24.35550      23.13817
      24.36570      23.13855
      24.37580      23.13893
      24.38600      23.13931
      24.39620      23.13970
      24.40630      23.14007
      24.41650      23.14045
      24.42670      23.14083
      24.43680      23.14121
      24.44700      23.14159
      24.45720      23.14197
      24.46730      23.14235
      24.47750      23.14272
      24.48760      23.14310
      24.49780      23.14348
      24.50800      23.14385
      24.51810      23.14423
      24.52830      23.14460
      24.53850      23.14498
      24.54860      23.14535
      24.55880      23.14573
      24.56900      23.14610
      24.57910      23.14647
      24.58930      23.14685
      24.59950      23.14722
      24.60960      23.14759
      24.61980      23.14797
      24.62990      23.14834
      24.64010      23.14871
      24.65030      23.14908
      24.66040      23.14945
      24.67060      23.14982
      24.68080      23.15019
      24.69090      23.15056
      24.70110      23.15093
      24.71130      23.15130
      24.72140      23.15167
      24.73160      23.15204
      24.74180      23.15241
      24.75190      23.15278
      24.76210      23.15315
      24.77230      23.15352
      24.78240      23.15388
      24.79260      23.15425
      24.80270      23.15461
      24.81290      23.15498
      24.82310      23.15535
      24.83320      23.15571
      24.84340      23.15608
      24.85360      23.15645
      24.86370      23.15681
      24.87390      23.15718
      24.88410      23.15754
      24.89420      23.15791
      24.90440      23.15827
      24.91460      23.15864
      24.92470      23.15900
      24.93490      23.15936
      24.94500      23.15973
      24.95520      23.16009
      24.96540      23.16045
      24.97550      23.16081
      24.98570      23.16118
      24.99590      23.16154
      25.00600      23.16190
      25.01620      23.16227
      25.02640      23.16263
      25.03650      23.16299
      25.04670      23.16335
      25.05690      23.16372
      25.06700      23.16407
      25.07720      23.16444
      25.08740      23.16480
      25.09750      23.16516
      25.10770      23.16552
      25.11780      23.16588
      25.12800      23.16624
      25.13820      23.16660
      25.14830      23.16696
      25.15850      23.16732
      25.16870      23.16768
      25.17880      23.16804
      25.18900      23.16840
      25.19920      23.16876
      25.20930      23.16912
      25.21950      23.16948
      25.22970      23.16984
      25.23980      23.17019
      25.25000      23.17055
      25.26010      23.17091
      25.27030      23.17127
      25.28050      23.17163
      25.29060      23.17199
      25.30080      23.17235
      25.31100      23.17270
      25.32110      23.17306
      25.33130      23.17342
      25.34150      23.17378
      25.35160      23.17414
      25.36180      23.17450
      25.37200      23.17485
      25.38210      23.17521
      25.39230      23.17557
      25.40240      23.17593
      25.41260      23.17628
      25.42280      23.17664
      25.43290      23.17700
      25.44310      23.17736
      25.45330      23.17772
      25.46340      23.17807
      25.47360      23.17843
      25.48380      23.17879
      25.49390      23.17915
      25.50410      23.17951
      25.51430      23.17986
      25.52440      23.18022
      25.53460      23.18058
      25.54480      23.18094
      25.55490      23.18130
      25.56510      23.18165
      25.57520      23.18201
      25.58540      23.18237
      25.59560      23.18273
      25.60570      23.18309
      25.61590      23.18344
      25.62610      23.18381
      25.63620      23.18416
      25.64640      23.18452
      25.65660      23.18488
      25.66670      23.18524
      25.67690      23.18560
      25.68710      23.18596
      25.69720      23.18632
      25.70740      23.18668
      25.71750      23.18703
      25.72770      23.18739
      25.73790      23.18775
      25.74800      23.18811
      25.75820      23.18847
      25.76840      23.18883
      25.77850      23.18919
      25.78870      23.18955
      25.79890      23.18991
      25.80900      23.19027
      25.81920      23.19064
      25.82940      23.19100
      25.83950      23.19136
      25.84970      23.19172
      25.85990      23.19208
      25.87000      23.19244
      25.88020      23.19280
      25.89030      23.19316
      25.90050      23.19353
      25.91070      23.19389
      25.92080      23.19425
      25.93100      23.19462
      25.94120      23.19498
      25.95130      23.19534
      25.96150      23.19571
      25.97170      23.19607
      25.98180      23.19643
      25.99200      23.19680
      26.00220      23.19716
      26.01230      23.19753
      26.02250      23.19789
      26.03260      23.19826
      26.04280      23.19862
      26.05300      23.19899
      26.06310      23.19935
      26.07330      23.19972
      26.08350      23.20009
      26.09360      23.20046
      26.10380      23.20082
      26.11400      23.20119
      26.12410      23.20156
      26.13430      23.20193
      26.14450      23.20230
      26.15460      23.20267
      26.16480      23.20304
      26.17500      23.20341
      26.18510      23.20378
      26.19530      23.20415
      26.20540      23.20452
      26.21560      23.20489
      26.22580      23.20526
      26.23590      23.20563
      26.24610      23.20601
      26.25630      23.20638
      26.26640      23.20675
      26.27660      23.20713
      26.28680      23.20750
      26.29690      23.20787
      26.30710      23.20825
      26.31730      23.20863
      26.32740      23.20900
      26.33760      23.20938
      26.34770      23.20975
      26.35790      23.21013
      26.36810      23.21051
      26.37820      23.21089
      26.38840      23.21127
      26.39860      23.21165
      26.40870      23.21202
      26.41890      23.21241
      26.42910      23.21279
      26.43920      23.21317
      26.44940      23.21355
      26.45960      23.21393
      26.46970      23.21431
      26.47990      23.21470
      26.49010      23.21508
      26.50020      23.21547
      26.51040      23.21585
      26.52050      23.21624
      26.53070      23.21662
      26.54090      23.21701
      26.55100      23.21740
      26.56120      23.21778
      26.57140      23.21817
      26.58150      23.21856
      26.59170      23.21895
      26.60190      23.21934
      26.61200      23.21973
      26.62220      23.22012
      26.63240      23.22052
      26.64250      23.22091
      26.65270      23.22130
      26.66280      23.22169
      26.67300      23.22209
      26.68320      23.22249
      26.69330      23.22288
      26.70350      23.22328
      26.71370      23.22368
      26.72380      23.22407
      26.73400      23.22447
      26.74420      23.22487
      26.75430      23.22527
      26.76450      23.22567
      26.77470      23.22607
      26.78480      23.22647
      26.79500      23.22688
      26.80520      23.22728
      26.81530      23.22769
      26.82550      23.22809
      26.83560      23.22849
      26.84580      23.22890
      26.85600      23.22931
      26.86610      23.22972
      26.87630      23.23013
      26.88650      23.23054
      26.89660      23.23095
      26.90680      23.23136
      26.91700      23.23177
      26.92710      23.23218
      26.93730      23.23260
      26.94750      23.23302
      26.95760      23.23343
      26.96780      23.23385
      26.97790      23.23426
      26.98810      23.23468
      26.99830      23.23510
      27.00840      23.23552
      27.01860      23.23594
      27.02880      23.23636
      27.03890      23.23678
      27.04910      23.23721
      27.05930      23.23763
      27.06940      23.23806
      27.07960      23.23848
      27.08980      23.23891
      27.09990      23.23934
      27.11010      23.23977
      27.12020      23.24019
      27.13040      23.24063
      27.14060      23.24106
      27.15070      23.24149
      27.16090      23.24192
      27.17110      23.24236
      27.18120      23.24279
      27.19140      23.24323
      27.20160      23.24367
      27.21170      23.24411
      27.22190      23.24455
      27.23210      23.24499
      27.24220      23.24543
      27.25240      23.24587
      27.26260      23.24632
      27.27270      23.24676
      27.28290      23.24721
      27.29300      23.24765
      27.30320      23.24810
      27.31340      23.24855
      27.32350      23.24900
      27.33370      23.24945
      27.34390      23.24990
      27.35400      23.25035
      27.36420      23.25081
      27.37440      23.25127
      27.38450      23.25172
      27.39470      23.25218
      27.40490      23.25264
      27.41500      23.25310
      27.42520      23.25356
      27.43530      23.25402
      27.44550      23.25449
      27.45570      23.25495
      27.46580      23.25542
      27.47600      23.25589
      27.48620      23.25636
      27.49630      23.25682
      27.50650      23.25730
      27.51670      23.25777
      27.52680      23.25824
      27.53700      23.25871
      27.54720      23.25919
      27.55730      23.25967
      27.56750      23.26015
      27.57770      23.26063
      27.58780      23.26110
      27.59800      23.26159
      27.60810      23.26207
      27.61830      23.26256
      27.62850      23.26304
      27.63860      23.26353
      27.64880      23.26402
      27.65900      23.26451
      27.66910      23.26500
      27.67930      23.26549
      27.68950      23.26599
      27.69960      23.26648
      27.70980      23.26698
      27.72000      23.26748
      27.73010      23.26797
      27.74030      23.26847
      27.75040      23.26897
      27.76060      23.26948
      27.77080      23.26999
      27.78090      23.27049
      27.79110      23.27100
      27.80130      23.27151
      27.81140      23.27202
      27.82160      23.27253
      27.83180      23.27305
      27.84190      23.27356
      27.85210      23.27407
      27.86230      23.27460
      27.87240      23.27511
      27.88260      23.27563
      27.89280      23.27616
      27.90290      23.27668
      27.91310      23.27720
      27.92320      23.27773
      27.93340      23.27826
      27.94360      23.27879
      27.95370      23.27932
      27.96390      23.27985
      27.97410      23.28039
      27.98420      23.28092
      27.99440      23.28146
      28.00460      23.28200
      28.01470      23.28254
      28.02490      23.28308
      28.03510      23.28363
      28.04520      23.28417
      28.05540      23.28472
      28.06550      23.28526
      28.07570      23.28582
      28.08590      23.28637
      28.09600      23.28692
      28.10620      23.28748
      28.11640      23.28803
      28.12650      23.28859
      28.13670      23.28915
      28.14690      23.28971
      28.15700      23.29028
      28.16720      23.29084
      28.17740      23.29141
      28.18750      23.29198
      28.19770      23.29255
      28.20790      23.29312
      28.21800      23.29369
      28.22820      23.29427
      28.23830      23.29484
      28.24850      23.29542
      28.25870      23.29601
      28.26880      23.29658
      28.27900      23.29717
      28.28920      23.29776
      28.29930      23.29834
      28.30950      23.29893
      28.31970      23.29953
      28.32980      23.30011
      28.34000      23.30071
      28.35020      23.30131
      28.36030      23.30190
      28.37050      23.30251
      28.38060      23.30310
      28.39080      23.30371
      28.40100      23.30432
      28.41110      23.30492
      28.42130      23.30553
      28.43150      23.30614
      28.44160      23.30676
      28.45180      23.30737
      28.46200      23.30799
      28.47210      23.30861
      28.48230      23.30923
      28.49250      23.30985
      28.50260      23.31047
      28.51280      23.31110
      28.52300      23.31173
      28.53310      23.31236
      28.54330      23.31299
      28.55340      23.31362
      28.56360      23.31426
      28.57380      23.31490
      28.58390      23.31553
      28.59410      23.31618
      28.60430      23.31682
      28.61440      23.31746
      28.62460      23.31811
      28.63480      23.31877
      28.64490      23.31941
      28.65510      23.32007
      28.66530      23.32073
      28.67540      23.32138
      28.68560      23.32204
      28.69570      23.32270
      28.70590      23.32336
      28.71610      23.32403
      28.72620      23.32470
      28.73640      23.32537
      28.74660      23.32604
      28.75670      23.32671
      28.76690      23.32739
      28.77710      23.32807
      28.78720      23.32874
      28.79740      23.32943
      28.80760      23.33012
      28.81770      23.33080
      28.82790      23.33149
      28.83810      23.33218
      28.84820      23.33287
      28.85840      23.33357
      28.86850      23.33426
      28.87870      23.33496
      28.88890      23.33566
      28.89900      23.33636
      28.90920      23.33707
      28.91940      23.33778
      28.92950      23.33849
      28.93970      23.33920
      28.94990      23.33992
      28.96000      23.34063
      28.97020      23.34135
      28.98040      23.34207
      28.99050      23.34279
      29.00070      23.34352
      29.01080      23.34424
      29.02100      23.34497
      29.03120      23.34571
      29.04130      23.34643
      29.05150      23.34717
      29.06170      23.34791
      29.07180      23.34865
      29.08200      23.34939
      29.09220      23.35014
      29.10230      23.35088
      29.11250      23.35163
      29.12270      23.35239
      29.13280      23.35314
      29.14300      23.35390
      29.15310      23.35465
      29.16330      23.35542
      29.17350      23.35618
      29.18360      23.35694
      29.19380      23.35771
      29.20400      23.35848
      29.21410      23.35925
      29.22430      23.36003
      29.23450      23.36081
      29.24460      23.36158
      29.25480      23.36236
      29.26500      23.36315
      29.27510      23.36393
      29.28530      23.36472
      29.29550      23.36552
      29.30560      23.36630
      29.31580      23.36710
      29.32590      23.36789
      29.33610      23.36870
      29.34630      23.36950
      29.35640      23.37030
      29.36660      23.37111
      29.37680      23.37192
      29.38690      23.37273
      29.39710      23.37355
      29.40730      23.37437
      29.41740      23.37518
      29.42760      23.37600
      29.43780      23.37683
      29.44790      23.37765
      29.45810      23.37848
      29.46820      23.37931
      29.47840      23.38014
      29.48860      23.38098
      29.49870      23.38181
      29.50890      23.38266
      29.51910      23.38350
      29.52920      23.38434
      29.53940      23.38519
      29.54960      23.38605
      29.55970      23.38689
      29.56990      23.38775
      29.58010      23.38861
      29.59020      23.38947
      29.60040      23.39033
      29.61060      23.39120
      29.62070      23.39206
      29.63090      23.39293
      29.64100      23.39380
      29.65120      23.39468
      29.66140      23.39556
      29.67150      23.39643
      29.68170      23.39732
      29.69190      23.39820
      29.70200      23.39908
      29.71220      23.39998
      29.72240      23.40087
      29.73250      23.40176
      29.74270      23.40266
      29.75290      23.40356
      29.76300      23.40446
      29.77320      23.40536
      29.78330      23.40627
      29.79350      23.40718
      29.80370      23.40809
      29.81380      23.40900
      29.82400      23.40992
      29.83420      23.41084
      29.84430      23.41176
      29.85450      23.41268
      29.86470      23.41361
      29.87480      23.41454
      29.88500      23.41547
      29.89520      23.41641
      29.90530      23.41734
      29.91550      23.41828
      29.92570      23.41923
      29.93580      23.42016
      29.94600      23.42111
      29.95610      23.42206
      29.96630      23.42301
      29.97650      23.42397
      29.98660      23.42492
      29.99680      23.42588
      30.00700      23.42685
      30.01710      23.42780
      30.02730      23.42877
      30.03750      23.42975
      30.04760      23.43071
      30.05780      23.43169
      30.06800      23.43267
      30.07810      23.43364
      30.08830      23.43463
      30.09840      23.43561
      30.10860      23.43660
      30.11880      23.43759
      30.12890      23.43857
      30.13910      23.43957
      30.14930      23.44057
      30.15940      23.44156
      30.16960      23.44257
      30.17980      23.44358
      30.18990      23.44458
      30.20010      23.44559
      30.21030      23.44661
      30.22040      23.44761
      30.23060      23.44864
      30.24080      23.44966
      30.25090      23.45067
      30.26110      23.45170
      30.27120      23.45272
      30.28140      23.45376
      30.29160      23.45479
      30.30170      23.45582
      30.31190      23.45686
      30.32210      23.45790
      30.33220      23.45894
      30.34240      23.45999
      30.35260      23.46104
      30.36270      23.46208
      30.37290      23.46314
      30.38310      23.46420
      30.39320      23.46525
      30.40340      23.46631
      30.41350      23.46737
      30.42370      23.46844
      30.43390      23.46951
      30.44400      23.47057
      30.45420      23.47165
      30.46440      23.47272
      30.47450      23.47379
      30.48470      23.47488
      30.49490      23.47596
      30.50500      23.47704
      30.51520      23.47813
      30.52540      23.47923
      30.53550      23.48031
      30.54570      23.48141
      30.55590      23.48251
      30.56600      23.48360
      30.57620      23.48471
      30.58630      23.48581
      30.59650      23.48692
      30.60670      23.48803
      30.61680      23.48914
      30.62700      23.49026
      30.63720      23.49138
      30.64730      23.49249
      30.65750      23.49362
      30.66770      23.49475
      30.67780      23.49587
      30.68800      23.49700
      30.69820      23.49814
      30.70830      23.49926
      30.71850      23.50040
      30.72860      23.50154
      30.73880      23.50268
      30.74900      23.50383
      30.75910      23.50497
      30.76930      23.50612
      30.77950      23.50728
      30.78960      23.50843
      30.79980      23.50959
      30.81000      23.51075
      30.82010      23.51190
      30.83030      23.51307
      30.84050      23.51424
      30.85060      23.51540
      30.86080      23.51658
      30.87100      23.51776
      30.88110      23.51892
      30.89130      23.52011
      30.90140      23.52128
      30.91160      23.52247
      30.92180      23.52366
      30.93190      23.52484
      30.94210      23.52603
      30.95230      23.52723
      30.96240      23.52842
      30.97260      23.52962
      30.98280      23.53082
      30.99290      23.53202
      31.00310      23.53323
      31.01330      23.53444
      31.02340      23.53564
      31.03360      23.53686
      31.04370      23.53806
      31.05390      23.53928
      31.06410      23.54051
      31.07420      23.54172
      31.08440      23.54295
      31.09460      23.54418
      31.10470      23.54540
      31.11490      23.54663
      31.12510      23.54787
      31.13520      23.54910
      31.14540      23.55034
      31.15560      23.55158
      31.16570      23.55282
      31.17590      23.55407
      31.18600      23.55531
      31.19620      23.55656
      31.20640      23.55781
      31.21650      23.55906
      31.22670      23.56032
      31.23690      23.56158
      31.24700      23.56283
      31.25720      23.56410
      31.26740      23.56537
      31.27750      23.56663
      31.28770      23.56790
      31.29790      23.56918
      31.30800      23.57045
      31.31820      23.57173
      31.32840      23.57301
      31.33850      23.57428
      31.34870      23.57557
      31.35880      23.57685
      31.36900      23.57814
      31.37920      23.57943
      31.38930      23.58071
      31.39950      23.58201
      31.40970      23.58331
      31.41980      23.58460
      31.43000      23.58591
      31.44020      23.58722
      31.45030      23.58851
      31.46050      23.58982
      31.47070      23.59114
      31.48080      23.59244
      31.49100      23.59376
      31.50110      23.59506
      31.51130      23.59639
      31.52150      23.59771
      31.53160      23.59902
      31.54180      23.60035
      31.55200      23.60168
      31.56210      23.60300
      31.57230      23.60434
      31.58250      23.60567
      31.59260      23.60700
      31.60280      23.60834
      31.61300      23.60969
      31.62310      23.61102
      31.63330      23.61236
      31.64350      23.61371
      31.65360      23.61505
      31.66380      23.61641
      31.67390      23.61775
      31.68410      23.61911
      31.69430      23.62047
      31.70440      23.62181
      31.71460      23.62318
      31.72480      23.62454
      31.73490      23.62590
      31.74510      23.62727
      31.75530      23.62864
      31.76540      23.63000
      31.77560      23.63138
      31.78580      23.63275
      31.79590      23.63412
      31.80610      23.63550
      31.81620      23.63687
      31.82640      23.63826
      31.83660      23.63964
      31.84670      23.64102
      31.85690      23.64241
      31.86710      23.64381
      31.87720      23.64519
      31.88740      23.64659
      31.89760      23.64798
      31.90770      23.64937
      31.91790      23.65077
      31.92810      23.65218
      31.93820      23.65357
      31.94840      23.65498
      31.95860      23.65639
      31.96870      23.65779
      31.97890      23.65920
      31.98900      23.66061
      31.99920      23.66202
      32.00940      23.66344
      32.01950      23.66485
      32.02970      23.66628
      32.03990      23.66770
      32.05000      23.66911
      32.06020      23.67054
      32.07040      23.67197
      32.08050      23.67339
      32.09070      23.67482
      32.10090      23.67626
      32.11100      23.67768
      32.12120      23.67912
      32.13130      23.68055
      32.14150      23.68199
      32.15170      23.68344
      32.16180      23.68487
      32.17200      23.68632
      32.18220      23.68777
      32.19230      23.68921
      32.20250      23.69066
      32.21270      23.69211
      32.22280      23.69356
      32.23300      23.69501
      32.24320      23.69648
      32.25330      23.69792
      32.26350      23.69939
      32.27370      23.70085
      32.28380      23.70230
      32.29400      23.70377
      32.30410      23.70523
      32.31430      23.70670
      32.32450      23.70817
      32.33460      23.70963
      32.34480      23.71111
      32.35500      23.71259
      32.36510      23.71405
      32.37530      23.71553
      32.38550      23.71702
      32.39560      23.71849
      32.40580      23.71997
      32.41600      23.72146
      32.42610      23.72293
      32.43630      23.72443
      32.44640      23.72590
      32.45660      23.72740
      32.46680      23.72889
      32.47690      23.73037
      32.48710      23.73187
      32.49730      23.73337
      32.50740      23.73486
      32.51760      23.73636
      32.52780      23.73787
      32.53790      23.73936
      32.54810      23.74086
      32.55830      23.74237
      32.56840      23.74387
      32.57860      23.74538
      32.58880      23.74689
      32.59890      23.74839
      32.60910      23.74991
      32.61920      23.75141
      32.62940      23.75293
      32.63960      23.75445
      32.64970      23.75595
      32.65990      23.75748
      32.67010      23.75900
      32.68020      23.76051
      32.69040      23.76204
      32.70060      23.76357
      32.71070      23.76508
      32.72090      23.76661
      32.73110      23.76814
      32.74120      23.76966
      32.75140      23.77120
      32.76150      23.77272
      32.77170      23.77426
      32.78190      23.77580
      32.79200      23.77732
      32.80220      23.77886
      32.81240      23.78041
      32.82250      23.78193
      32.83270      23.78348
      32.84290      23.78503
      32.85300      23.78656
      32.86320      23.78811
      32.87340      23.78966
      32.88350      23.79119
      32.89370      23.79275
      32.90390      23.79430
      32.91400      23.79584
      32.92420      23.79740
      32.93430      23.79894
      32.94450      23.80050
      32.95470      23.80206
      32.96480      23.80360
      32.97500      23.80516
      32.98520      23.80673
      32.99530      23.80828
      33.00550      23.80984
      33.01570      23.81141
      33.02580      23.81296
      33.03600      23.81453
      33.04620      23.81610
      33.05630      23.81766
      33.06650      23.81923
      33.07660      23.82079
      33.08680      23.82236
      33.09700      23.82394
      33.10710      23.82550
      33.11730      23.82708
      33.12750      23.82866
      33.13760      23.83022
      33.14780      23.83180
      33.15800      23.83338
      33.16810      23.83495
      33.17830      23.83653
      33.18850      23.83812
      33.19860      23.83969
      33.20880      23.84128
      33.21890      23.84285
      33.22910      23.84444
      33.23930      23.84603
      33.24940      23.84760
      33.25960      23.84919
      33.26980      23.85079
      33.27990      23.85237
      33.29010      23.85396
      33.30030      23.85555
      33.31040      23.85714
      33.32060      23.85873
      33.33080      23.86033
      33.34090      23.86192
      33.35110      23.86352
      33.36130      23.86512
      33.37140      23.86670
      33.38160      23.86831
      33.39170      23.86989
      33.40190      23.87150
      33.41210      23.87310
      33.42220      23.87469
      33.43240      23.87630
      33.44260      23.87791
      33.45270      23.87950
      33.46290      23.88111
      33.47310      23.88272
      33.48320      23.88432
      33.49340      23.88593
      33.50360      23.88754
      33.51370      23.88914
      33.52390      23.89075
      33.53400      23.89235
      33.54420      23.89397
      33.55440      23.89559
      33.56450      23.89719
      33.57470      23.89881
      33.58490      23.90043
      33.59500      23.90203
      33.60520      23.90365
      33.61540      23.90527
      33.62550      23.90688
      33.63570      23.90850
      33.64590      23.91012
      33.65600      23.91173
      33.66620      23.91336
      33.67640      23.91498
      33.68650      23.91659
      33.69670      23.91822
      33.70680      23.91983
      33.71700      23.92146
      33.72720      23.92309
      33.73730      23.92470
      33.74750      23.92633
      33.75770      23.92796
      33.76780      23.92958
      33.77800      23.93121
      33.78820      23.93284
      33.79830      23.93446
      33.80850      23.93609
      33.81870      23.93773
      33.82880      23.93935
      33.83900      23.94098
      33.84910      23.94260
      33.85930      23.94424
      33.86950      23.94588
      33.87960      23.94750
      33.88980      23.94914
      33.90000      23.95078
      33.91010      23.95240
      33.92030      23.95404
      33.93050      23.95568
      33.94060      23.95731
      33.95080      23.95895
      33.96100      23.96059
      33.97110      23.96222
      33.98130      23.96386
      33.99150      23.96550
      34.00160      23.96713
      34.01180      23.96878
      34.02190      23.97041
      34.03210      23.97205
      34.04230      23.97370
      34.05240      23.97533
      34.06260      23.97697
      34.07280      23.97862
      34.08290      23.98025
      34.09310      23.98190
      34.10330      23.98355
      34.11340      23.98518
      34.12360      23.98683
      34.13380      23.98848
      34.14390      23.99012
      34.15410      23.99177
      34.16420      23.99340
      34.17440      23.99505
      34.18460      23.99671
      34.19470      23.99834
      34.20490      24.00000
      34.21510      24.00165
      34.22520      24.00329
      34.23540      24.00494
      34.24560      24.00659
      34.25570      24.00823
      34.26590      24.00989
      34.27610      24.01154
      34.28620      24.01318
      34.29640      24.01484
      34.30660      24.01649
      34.31670      24.01813
      34.32690      24.01979
      34.33700      24.02143
      34.34720      24.02309
      34.35740      24.02475
      34.36750      24.02639
      34.37770      24.02805
      34.38790      24.02971
      34.39800      24.03135
      34.40820      24.03300
      34.41840      24.03466
      34.42850      24.03631
      34.43870      24.03797
      34.44890      24.03963
      34.45900      24.04127
      34.46920      24.04293
      34.47930      24.04458
      34.48950      24.04624
      34.49970      24.04790
      34.50980      24.04954
      34.52000      24.05120
      34.53020      24.05287
      34.54030      24.05451
      34.55050      24.05617
      34.56070      24.05783
      34.57080      24.05948
      34.58100      24.06114
      34.59120      24.06281
      34.60130      24.06445
      34.61150      24.06612
      34.62170      24.06778
      34.63180      24.06943
      34.64200      24.07109
      34.65210      24.07274
      34.66230      24.07440
      34.67250      24.07607
      34.68260      24.07771
      34.69280      24.07938
      34.70300      24.08104
      34.71310      24.08269
      34.72330      24.08435
      34.73350      24.08602
      34.74360      24.08767
      34.75380      24.08933
      34.76400      24.09099
      34.77410      24.09264
      34.78430      24.09431
      34.79440      24.09596
      34.80460      24.09762
      34.81480      24.09929
      34.82490      24.10093
      34.83510      24.10260
      34.84530      24.10427
      34.85540      24.10592
      34.86560      24.10758
      34.87580      24.10925
      34.88590      24.11089
      34.89610      24.11256
      34.90630      24.11422
      34.91640      24.11587
      34.92660      24.11754
      34.93670      24.11919
      34.94690      24.12085
      34.95710      24.12252
      34.96720      24.12417
      34.97740      24.12583
      34.98760      24.12750
      34.99770      24.12915
      35.00790      24.13081
      35.01810      24.13248
      35.02820      24.13412
      35.03840      24.13579
      35.04860      24.13745
      35.05870      24.13910
      35.06890      24.14077
      35.07910      24.14243
      35.08920      24.14408
      35.09940      24.14575
      35.10950      24.14739
      35.11970      24.14906
      35.12990      24.15072
      35.14000      24.15237
      35.15020      24.15404
      35.16040      24.15570
      35.17050      24.15735
      35.18070      24.15901
      35.19090      24.16068
      35.20100      24.16232
      35.21120      24.16399
      35.22140      24.16565
      35.23150      24.16730
      35.24170      24.16896
      35.25180      24.17061
      35.26200      24.17227
      35.27220      24.17393
      35.28230      24.17558
      35.29250      24.17724
      35.30270      24.17890
      35.31280      24.18055
      35.32300      24.18221
      35.33320      24.18387
      35.34330      24.18552
      35.35350      24.18718
      35.36370      24.18884
      35.37380      24.19049
      35.38400      24.19215
      35.39420      24.19381
      35.40430      24.19545
      35.41450      24.19711
      35.42460      24.19876
      35.43480      24.20042
      35.44500      24.20208
      35.45510      24.20372
      35.46530      24.20538
      35.47550      24.20704
      35.48560      24.20868
      35.49580      24.21034
      35.50600      24.21200
      35.51610      24.21364
      35.52630      24.21530
      35.53650      24.21695
      35.54660      24.21860
      35.55680      24.22025
      35.56690      24.22189
      35.57710      24.22355
      35.58730      24.22521
      35.59740      24.22685
      35.60760      24.22850
      35.61780      24.23016
      35.62790      24.23180
      35.63810      24.23345
      35.64830      24.23511
      35.65840      24.23674
      35.66860      24.23840
      35.67880      24.24005
      35.68890      24.24169
      35.69910      24.24334
      35.70930      24.24500
      35.71940      24.24663
      35.72960      24.24828
      35.73970      24.24992
      35.74990      24.25157
      35.76010      24.25322
      35.77020      24.25486
      35.78040      24.25651
      35.79060      24.25816
      35.80070      24.25979
      35.81090      24.26144
      35.82110      24.26309
      35.83120      24.26472
      35.84140      24.26637
      35.85160      24.26802
      35.86170      24.26965
      35.87190      24.27130
      35.88200      24.27293
      35.89220      24.27458
      35.90240      24.27622
      35.91250      24.27785
      35.92270      24.27950
      35.93290      24.28115
      35.94300      24.28277
      35.95320      24.28442
      35.96340      24.28606
      35.97350      24.28769
      35.98370      24.28933
      35.99390      24.29098
      36.00400      24.29260
      36.01420      24.29424
      36.02440      24.29589
      36.03450      24.29751
      36.04470      24.29915
      36.05480      24.30078
