! TITLE: Yobs                                                                                                                                                                                                                                                            
! Peak:  3
       6.00860      20.00000
       6.01870      20.00000
       6.02890      20.00000
       6.03910      20.00000
       6.04920      20.00000
       6.05940      20.00000
       6.06960      20.00000
       6.07970      20.00000
       6.08990      20.00000
       6.10010      20.00000
       6.11020      20.00000
       6.12040      20.00000
       6.13060      20.00000
       6.14070      20.00000
       6.15090      20.00000
       6.16110      20.00000
       6.17120      20.00000
       6.18140      20.00000
       6.19150      20.00000
       6.20170      20.00000
       6.21190      20.00000
       6.22200      20.00000
       6.23220      20.00000
       6.24240      20.00000
       6.25250      20.00000
       6.26270      20.00000
       6.27290      20.00000
       6.28300      20.00000
       6.29320      20.00000
       6.30340      20.00000
       6.31350      20.00000
       6.32370      20.00000
       6.33380      20.00000
       6.34400      20.00000
       6.35420      20.00000
       6.36430      20.00000
       6.37450      20.00000
       6.38470      20.00000
       6.39480      20.00000
       6.40500      20.00000
       6.41520      20.00000
       6.42530      20.00000
       6.43550      20.00000
       6.44570      20.00000
       6.45580      20.00000
       6.46600      20.00000
       6.47620      20.00000
       6.48630      20.00000
       6.49650      20.00000
       6.50660      20.00000
       6.51680      20.00000
       6.52700      20.00000
       6.53710      20.00000
       6.54730      20.00000
       6.55750      20.00000
       6.56760      20.00000
       6.57780      20.00000
       6.58800      20.00000
       6.59810      20.00000
       6.60830      20.00000
       6.61850      20.00000
       6.62860      20.00000
       6.63880      20.00000
       6.64890      20.00000
       6.65910      20.00000
       6.66930      20.00000
       6.67940      20.00000
       6.68960      20.00000
       6.69980      20.00000
       6.70990      20.00000
       6.72010      20.00000
       6.73030      20.00000
       6.74040      20.00000
       6.75060      20.00000
       6.76080      20.00000
       6.77090      20.00000
       6.78110      20.00000
       6.79130      20.00000
       6.80140      20.00000
       6.81160      20.00000
       6.82170      20.00000
       6.83190      20.00000
       6.84210      20.00000
       6.85220      20.00000
       6.86240      20.00000
       6.87260      20.00000
       6.88270      20.00000
       6.89290      20.00000
       6.90310      20.00000
       6.91320      20.00000
       6.92340      20.00000
       6.93360      20.00000
       6.94370      20.00000
       6.95390      20.00000
       6.96400      20.00000
       6.97420      20.00000
       6.98440      20.00000
       6.99450      20.00000
       7.00470      20.00000
       7.01490      20.00000
       7.02500      20.00000
       7.03520      20.00000
       7.04540      20.00000
       7.05550      20.00000
       7.06570      20.00000
       7.07590      20.00000
       7.08600      20.00000
       7.09620      20.00000
       7.10640      20.00000
       7.11650      20.00000
       7.12670      20.00000
       7.13680      20.00000
       7.14700      20.00000
       7.15720      20.00000
       7.16730      20.00000
       7.17750      20.00000
       7.18770      20.00000
       7.19780      20.00000
       7.20800      20.00000
       7.21820      20.00000
       7.22830      20.00000
       7.23850      20.00000
       7.24870      20.00000
       7.25880      20.00000
       7.26900      20.00000
       7.27910      20.00000
       7.28930      20.00000
       7.29950      20.00000
       7.30960      20.00000
       7.31980      20.00000
       7.33000      20.00000
       7.34010      20.00000
       7.35030      20.00000
       7.36050      20.00000
       7.37060      20.00000
       7.38080      20.00000
       7.39100      20.00000
       7.40110      20.00000
       7.41130      20.00000
       7.42150      20.00000
       7.43160      20.00000
       7.44180      20.00000
       7.45190      20.00000
       7.46210      20.00000
       7.47230      20.00000
       7.48240      20.00000
       7.49260      20.00000
       7.50280      20.00000
       7.51290      20.00000
       7.52310      20.00000
       7.53330      20.00000
       7.54340      20.00000
       7.55360      20.00000
       7.56380      20.00000
       7.57390      20.00000
       7.58410      20.00000
       7.59420      20.00000
       7.60440      20.00000
       7.61460      20.00000
       7.62470      20.00000
       7.63490      20.00000
       7.64510      20.00000
       7.65520      20.00000
       7.66540      20.00000
       7.67560      20.00000
       7.68570      20.00000
       7.69590      20.00000
       7.70610      20.00000
       7.71620      20.00000
       7.72640      20.00000
       7.73650      20.00000
       7.74670      20.00000
       7.75690      20.00000
       7.76700      20.00000
       7.77720      20.00000
       7.78740      20.00000
       7.79750      20.00000
       7.80770      20.00000
       7.81790      20.00000
       7.82800      20.00000
       7.83820      20.00000
       7.84840      20.00000
       7.85850      20.00000
       7.86870      20.00000
       7.87890      20.00000
       7.88900      20.00000
       7.89920      20.00000
       7.90930      20.00000
       7.91950      20.00000
       7.92970      20.00000
       7.93980      20.00000
       7.95000      20.00000
       7.96020      20.00000
       7.97030      20.00000
       7.98050      20.00000
       7.99070      20.00000
       8.00080      20.00000
       8.01100      20.00000
       8.02120      20.00000
       8.03130      20.00000
       8.04150      20.00000
       8.05160      20.00000
       8.06180      20.00000
       8.07200      20.00000
       8.08210      20.00000
       8.09230      20.00000
       8.10250      20.00000
       8.11260      20.00000
       8.12280      20.00000
       8.13300      20.00000
       8.14310      20.00000
       8.15330      20.00000
       8.16350      20.00000
       8.17360      20.00000
       8.18380      20.00000
       8.19400      20.00000
       8.20410      20.00000
       8.21430      20.00000
       8.22440      20.00000
       8.23460      20.00000
       8.24480      20.00000
       8.25490      20.00000
       8.26510      20.00000
       8.27530      20.00000
       8.28540      20.00000
       8.29560      20.00000
       8.30580      20.00000
       8.31590      20.00000
       8.32610      20.00000
       8.33630      20.00000
       8.34640      20.00000
       8.35660      20.00000
       8.36670      20.00000
       8.37690      20.00000
       8.38710      20.00000
       8.39720      20.00000
       8.40740      20.00000
       8.41760      20.00000
       8.42770      20.00000
       8.43790      20.00000
       8.44810      20.00000
       8.45820      20.00000
       8.46840      20.00000
       8.47860      20.00000
       8.48870      20.00000
       8.49890      20.00000
       8.50910      20.00000
       8.51920      20.00000
       8.52940      20.00000
       8.53950      20.00000
       8.54970      20.00000
       8.55990      20.00000
       8.57000      20.00000
       8.58020      20.05907
       8.59040      20.05916
       8.60050      20.05924
       8.61070      20.05933
       8.62090      20.05942
       8.63100      20.05951
       8.64120      20.05959
       8.65140      20.05968
       8.66150      20.05977
       8.67170      20.05986
       8.68180      20.05994
       8.69200      20.06003
       8.70220      20.06012
       8.71230      20.06021
       8.72250      20.06030
       8.73270      20.06039
       8.74280      20.06048
       8.75300      20.06057
       8.76320      20.06066
       8.77330      20.06074
       8.78350      20.06083
       8.79370      20.06092
       8.80380      20.06101
       8.81400      20.06111
       8.82420      20.06120
       8.83430      20.06129
       8.84450      20.06138
       8.85460      20.06147
       8.86480      20.06156
       8.87500      20.06165
       8.88510      20.06174
       8.89530      20.06184
       8.90550      20.06193
       8.91560      20.06202
       8.92580      20.06211
       8.93600      20.06221
       8.94610      20.06230
       8.95630      20.06240
       8.96650      20.06249
       8.97660      20.06258
       8.98680      20.06268
       8.99690      20.06277
       9.00710      20.06286
       9.01730      20.06296
       9.02740      20.06305
       9.03760      20.06315
       9.04780      20.06325
       9.05790      20.06334
       9.06810      20.06344
       9.07830      20.06353
       9.08840      20.06363
       9.09860      20.06372
       9.10880      20.06382
       9.11890      20.06392
       9.12910      20.06402
       9.13930      20.06411
       9.14940      20.06421
       9.15960      20.06431
       9.16970      20.06441
       9.17990      20.06450
       9.19010      20.06460
       9.20020      20.06470
       9.21040      20.06480
       9.22060      20.06490
       9.23070      20.06500
       9.24090      20.06510
       9.25110      20.06520
       9.26120      20.06530
       9.27140      20.06540
       9.28160      20.06550
       9.29170      20.06560
       9.30190      20.06570
       9.31200      20.06580
       9.32220      20.06590
       9.33240      20.06600
       9.34250      20.06610
       9.35270      20.06621
       9.36290      20.06631
       9.37300      20.06641
       9.38320      20.06652
       9.39340      20.06662
       9.40350      20.06672
       9.41370      20.06683
       9.42390      20.06693
       9.43400      20.06703
       9.44420      20.06714
       9.45440      20.06724
       9.46450      20.06735
       9.47470      20.06745
       9.48480      20.06756
       9.49500      20.06766
       9.50520      20.06777
       9.51530      20.06787
       9.52550      20.06798
       9.53570      20.06809
       9.54580      20.06819
       9.55600      20.06830
       9.56620      20.06841
       9.57630      20.06852
       9.58650      20.06862
       9.59670      20.06873
       9.60680      20.06884
       9.61700      20.06895
       9.62710      20.06906
       9.63730      20.06917
       9.64750      20.06927
       9.65760      20.06939
       9.66780      20.06949
       9.67800      20.06960
       9.68810      20.06972
       9.69830      20.06983
       9.70850      20.06994
       9.71860      20.07005
       9.72880      20.07016
       9.73900      20.07027
       9.74910      20.07038
       9.75930      20.07050
       9.76940      20.07061
       9.77960      20.07072
       9.78980      20.07083
       9.79990      20.07095
       9.81010      20.07106
       9.82030      20.07117
       9.83040      20.07129
       9.84060      20.07140
       9.85080      20.07152
       9.86090      20.07163
       9.87110      20.07175
       9.88130      20.07186
       9.89140      20.07198
       9.90160      20.07209
       9.91180      20.07221
       9.92190      20.07233
       9.93210      20.07244
       9.94220      20.07256
       9.95240      20.07268
       9.96260      20.07280
       9.97270      20.07291
       9.98290      20.07303
       9.99310      20.07315
      10.00320      20.07327
      10.01340      20.07339
      10.02360      20.07351
      10.03370      20.07363
      10.04390      20.07375
      10.05410      20.07387
      10.06420      20.07399
      10.07440      20.07411
      10.08450      20.07423
      10.09470      20.07435
      10.10490      20.07447
      10.11500      20.07460
      10.12520      20.07472
      10.13540      20.07484
      10.14550      20.07496
      10.15570      20.07509
      10.16590      20.07521
      10.17600      20.07533
      10.18620      20.07546
      10.19640      20.07558
      10.20650      20.07571
      10.21670      20.07583
      10.22690      20.07596
      10.23700      20.07608
      10.24720      20.07621
      10.25730      20.07634
      10.26750      20.07646
      10.27770      20.07659
      10.28780      20.07672
      10.29800      20.07685
      10.30820      20.07697
      10.31830      20.07710
      10.32850      20.07723
      10.33870      20.07736
      10.34880      20.07749
      10.35900      20.07762
      10.36920      20.07775
      10.37930      20.07788
      10.38950      20.07801
      10.39960      20.07814
      10.40980      20.07827
      10.42000      20.07840
      10.43010      20.07854
      10.44030      20.07867
      10.45050      20.07880
      10.46060      20.07893
      10.47080      20.07907
      10.48100      20.07920
      10.49110      20.07933
      10.50130      20.07947
      10.51150      20.07960
      10.52160      20.07974
      10.53180      20.07987
      10.54200      20.08001
      10.55210      20.08014
      10.56230      20.08028
      10.57240      20.08042
      10.58260      20.08055
      10.59280      20.08069
      10.60290      20.08083
      10.61310      20.08097
      10.62330      20.08111
      10.63340      20.08124
      10.64360      20.08138
      10.65380      20.08152
      10.66390      20.08166
      10.67410      20.08180
      10.68430      20.08194
      10.69440      20.08208
      10.70460      20.08223
      10.71470      20.08237
      10.72490      20.08251
      10.73510      20.08265
      10.74520      20.08279
      10.75540      20.08294
      10.76560      20.08308
      10.77570      20.08322
      10.78590      20.08337
      10.79610      20.08351
      10.80620      20.08366
      10.81640      20.08380
      10.82660      20.08395
      10.83670      20.08410
      10.84690      20.08424
      10.85710      20.08439
      10.86720      20.08454
      10.87740      20.08468
      10.88750      20.08483
      10.89770      20.08498
      10.90790      20.08513
      10.91800      20.08528
      10.92820      20.08543
      10.93840      20.08558
      10.94850      20.08573
      10.95870      20.08588
      10.96890      20.08603
      10.97900      20.08618
      10.98920      20.08633
      10.99940      20.08649
      11.00950      20.08664
      11.01970      20.08679
      11.02980      20.08694
      11.04000      20.08710
      11.05020      20.08725
      11.06030      20.08741
      11.07050      20.08756
      11.08070      20.08772
      11.09080      20.08788
      11.10100      20.08803
      11.11120      20.08819
      11.12130      20.08835
      11.13150      20.08850
      11.14170      20.08866
      11.15180      20.08882
      11.16200      20.08898
      11.17220      20.08914
      11.18230      20.08930
      11.19250      20.08946
      11.20260      20.08962
      11.21280      20.08978
      11.22300      20.08994
      11.23310      20.09011
      11.24330      20.09027
      11.25350      20.09043
      11.26360      20.09059
      11.27380      20.09076
      11.28400      20.09092
      11.29410      20.09109
      11.30430      20.09125
      11.31450      20.09142
      11.32460      20.09158
      11.33480      20.09175
      11.34490      20.09192
      11.35510      20.09208
      11.36530      20.09225
      11.37540      20.09242
      11.38560      20.09259
      11.39580      20.09276
      11.40590      20.09293
      11.41610      20.09310
      11.42630      20.09327
      11.43640      20.09344
      11.44660      20.09361
      11.45680      20.09378
      11.46690      20.09396
      11.47710      20.09413
      11.48730      20.09430
      11.49740      20.09448
      11.50760      20.09465
      11.51770      20.09483
      11.52790      20.09500
      11.53810      20.09518
      11.54820      20.09535
      11.55840      20.09553
      11.56860      20.09571
      11.57870      20.09588
      11.58890      20.09606
      11.59910      20.09624
      11.60920      20.09642
      11.61940      20.09660
      11.62960      20.09678
      11.63970      20.09696
      11.64990      20.09715
      11.66000      20.09733
      11.67020      20.09751
      11.68040      20.09769
      11.69050      20.09787
      11.70070      20.09806
      11.71090      20.09824
      11.72100      20.09843
      11.73120      20.09861
      11.74140      20.09880
      11.75150      20.09899
      11.76170      20.09917
      11.77190      20.09936
      11.78200      20.09955
      11.79220      20.09974
      11.80230      20.09993
      11.81250      20.10012
      11.82270      20.10031
      11.83280      20.10050
      11.84300      20.10069
      11.85320      20.10088
      11.86330      20.10107
      11.87350      20.10127
      11.88370      20.10146
      11.89380      20.10165
      11.90400      20.10185
      11.91420      20.10205
      11.92430      20.10224
      11.93450      20.10244
      11.94470      20.10263
      11.95480      20.10283
      11.96500      20.10303
      11.97510      20.10323
      11.98530      20.10343
      11.99550      20.10363
      12.00560      20.10383
      12.01580      20.10403
      12.02600      20.10423
      12.03610      20.10443
      12.04630      20.10463
      12.05650      20.10484
      12.06660      20.10504
      12.07680      20.10525
      12.08700      20.10545
      12.09710      20.10566
      12.10730      20.10586
      12.11740      20.10607
      12.12760      20.10628
      12.13780      20.10649
      12.14790      20.10669
      12.15810      20.10690
      12.16830      20.10711
      12.17840      20.10732
      12.18860      20.10753
      12.19880      20.10775
      12.20890      20.10796
      12.21910      20.10817
      12.22930      20.10839
      12.23940      20.10860
      12.24960      20.10881
      12.25980      20.10903
      12.26990      20.10925
      12.28010      20.10946
      12.29020      20.10968
      12.30040      20.10990
      12.31060      20.11012
      12.32070      20.11034
      12.33090      20.11056
      12.34110      20.11078
      12.35120      20.11100
      12.36140      20.11122
      12.37160      20.11145
      12.38170      20.11167
      12.39190      20.11189
      12.40210      20.11212
      12.41220      20.11234
      12.42240      20.11257
      12.43250      20.11279
      12.44270      20.11302
      12.45290      20.11325
      12.46300      20.11348
      12.47320      20.11371
      12.48340      20.11394
      12.49350      20.11417
      12.50370      20.11440
      12.51390      20.11464
      12.52400      20.11487
      12.53420      20.11510
      12.54440      20.11534
      12.55450      20.11557
      12.56470      20.11581
      12.57490      20.11604
      12.58500      20.11628
      12.59520      20.11652
      12.60530      20.11676
      12.61550      20.11700
      12.62570      20.11724
      12.63580      20.11748
      12.64600      20.11772
      12.65620      20.11797
      12.66630      20.11821
      12.67650      20.11845
      12.68670      20.11870
      12.69680      20.11894
      12.70700      20.11919
      12.71720      20.11944
      12.72730      20.11968
      12.73750      20.11993
      12.74760      20.12018
      12.75780      20.12043
      12.76800      20.12068
      12.77810      20.12093
      12.78830      20.12119
      12.79850      20.12144
      12.80860      20.12169
      12.81880      20.12195
      12.82900      20.12221
      12.83910      20.12246
      12.84930      20.12272
      12.85950      20.12298
      12.86960      20.12324
      12.87980      20.12350
      12.89000      20.12376
      12.90010      20.12402
      12.91030      20.12428
      12.92040      20.12454
      12.93060      20.12481
      12.94080      20.12507
      12.95090      20.12534
      12.96110      20.12560
      12.97130      20.12587
      12.98140      20.12614
      12.99160      20.12641
      13.00180      20.12668
      13.01190      20.12695
      13.02210      20.12722
      13.03230      20.12749
      13.04240      20.12777
      13.05260      20.12804
      13.06270      20.12831
      13.07290      20.12859
      13.08310      20.12887
      13.09320      20.12915
      13.10340      20.12943
      13.11360      20.12971
      13.12370      20.12999
      13.13390      20.13027
      13.14410      20.13055
      13.15420      20.13083
      13.16440      20.13112
      13.17460      20.13140
      13.18470      20.13169
      13.19490      20.13198
      13.20510      20.13227
      13.21520      20.13255
      13.22540      20.13284
      13.23550      20.13313
      13.24570      20.13342
      13.25590      20.13372
      13.26600      20.13401
      13.27620      20.13431
      13.28640      20.13460
      13.29650      20.13490
      13.30670      20.13519
      13.31690      20.13550
      13.32700      20.13579
      13.33720      20.13610
      13.34740      20.13640
      13.35750      20.13670
      13.36770      20.13700
      13.37780      20.13730
      13.38800      20.13761
      13.39820      20.13792
      13.40830      20.13822
      13.41850      20.13853
      13.42870      20.13885
      13.43880      20.13915
      13.44900      20.13947
      13.45920      20.13978
      13.46930      20.14009
      13.47950      20.14041
      13.48970      20.14072
      13.49980      20.14104
      13.51000      20.14136
      13.52010      20.14168
      13.53030      20.14200
      13.54050      20.14232
      13.55060      20.14264
      13.56080      20.14297
      13.57100      20.14329
      13.58110      20.14361
      13.59130      20.14394
      13.60150      20.14427
      13.61160      20.14460
      13.62180      20.14493
      13.63200      20.14526
      13.64210      20.14559
      13.65230      20.14593
      13.66250      20.14626
      13.67260      20.14660
      13.68280      20.14693
      13.69290      20.14727
      13.70310      20.14761
      13.71330      20.14795
      13.72340      20.14829
      13.73360      20.14864
      13.74380      20.14898
      13.75390      20.14932
      13.76410      20.14967
      13.77430      20.15002
      13.78440      20.15037
      13.79460      20.15072
      13.80480      20.15107
      13.81490      20.15142
      13.82510      20.15178
      13.83520      20.15213
      13.84540      20.15249
      13.85560      20.15285
      13.86570      20.15320
      13.87590      20.15356
      13.88610      20.15393
      13.89620      20.15429
      13.90640      20.15465
      13.91660      20.15502
      13.92670      20.15538
      13.93690      20.15575
      13.94710      20.15612
      13.95720      20.15649
      13.96740      20.15686
      13.97760      20.15724
      13.98770      20.15761
      13.99790      20.15799
      14.00800      20.15836
      14.01820      20.15874
      14.02840      20.15912
      14.03850      20.15950
      14.04870      20.15988
      14.05890      20.16027
      14.06900      20.16065
      14.07920      20.16104
      14.08940      20.16143
      14.09950      20.16182
      14.10970      20.16221
      14.11990      20.16260
      14.13000      20.16299
      14.14020      20.16339
      14.15030      20.16378
      14.16050      20.16418
      14.17070      20.16458
      14.18080      20.16498
      14.19100      20.16539
      14.20120      20.16579
      14.21130      20.16619
      14.22150      20.16660
      14.23170      20.16701
      14.24180      20.16742
      14.25200      20.16783
      14.26220      20.16825
      14.27230      20.16866
      14.28250      20.16908
      14.29270      20.16949
      14.30280      20.16991
      14.31300      20.17033
      14.32310      20.17075
      14.33330      20.17118
      14.34350      20.17160
      14.35360      20.17203
      14.36380      20.17246
      14.37400      20.17289
      14.38410      20.17332
      14.39430      20.17375
      14.40450      20.17419
      14.41460      20.17462
      14.42480      20.17506
      14.43500      20.17550
      14.44510      20.17594
      14.45530      20.17639
      14.46540      20.17683
      14.47560      20.17727
      14.48580      20.17772
      14.49590      20.17817
      14.50610      20.17863
      14.51630      20.17908
      14.52640      20.17953
      14.53660      20.17999
      14.54680      20.18045
      14.55690      20.18091
      14.56710      20.18137
      14.57730      20.18184
      14.58740      20.18230
      14.59760      20.18277
      14.60780      20.18324
      14.61790      20.18371
      14.62810      20.18418
      14.63820      20.18465
      14.64840      20.18513
      14.65860      20.18561
      14.66870      20.18609
      14.67890      20.18657
      14.68910      20.18706
      14.69920      20.18754
      14.70940      20.18803
      14.71960      20.18852
      14.72970      20.18901
      14.73990      20.18950
      14.75010      20.19000
      14.76020      20.19049
      14.77040      20.19099
      14.78050      20.19149
      14.79070      20.19200
      14.80090      20.19250
      14.81100      20.19301
      14.82120      20.19352
      14.83140      20.19403
      14.84150      20.19454
      14.85170      20.19506
      14.86190      20.19557
      14.87200      20.19609
      14.88220      20.19661
      14.89240      20.19714
      14.90250      20.19766
      14.91270      20.19819
      14.92290      20.19872
      14.93300      20.19925
      14.94320      20.19979
      14.95330      20.20032
      14.96350      20.20086
      14.97370      20.20140
      14.98380      20.20194
      14.99400      20.20249
      15.00420      20.20303
      15.01430      20.20358
      15.02450      20.20413
      15.03470      20.20469
      15.04480      20.20524
      15.05500      20.20580
      15.06520      20.20636
      15.07530      20.20692
      15.08550      20.20749
      15.09560      20.20805
      15.10580      20.20862
      15.11600      20.20920
      15.12610      20.20977
      15.13630      20.21035
      15.14650      20.21093
      15.15660      20.21151
      15.16680      20.21209
      15.17700      20.21268
      15.18710      20.21326
      15.19730      20.21386
      15.20750      20.21445
      15.21760      20.21505
      15.22780      20.21565
      15.23800      20.21625
      15.24810      20.21685
      15.25830      20.21746
      15.26840      20.21806
      15.27860      20.21867
      15.28880      20.21929
      15.29890      20.21990
      15.30910      20.22052
      15.31930      20.22115
      15.32940      20.22177
      15.33960      20.22240
      15.34980      20.22303
      15.35990      20.22366
      15.37010      20.22429
      15.38030      20.22493
      15.39040      20.22557
      15.40060      20.22621
      15.41070      20.22685
      15.42090      20.22750
      15.43110      20.22816
      15.44120      20.22881
      15.45140      20.22947
      15.46160      20.23013
      15.47170      20.23079
      15.48190      20.23145
      15.49210      20.23213
      15.50220      20.23279
      15.51240      20.23347
      15.52260      20.23415
      15.53270      20.23482
      15.54290      20.23551
      15.55300      20.23619
      15.56320      20.23688
      15.57340      20.23758
      15.58350      20.23827
      15.59370      20.23897
      15.60390      20.23967
      15.61400      20.24037
      15.62420      20.24108
      15.63440      20.24179
      15.64450      20.24250
      15.65470      20.24322
      15.66490      20.24394
      15.67500      20.24466
      15.68520      20.24539
      15.69540      20.24612
      15.70550      20.24685
      15.71570      20.24759
      15.72580      20.24832
      15.73600      20.24907
      15.74620      20.24981
      15.75630      20.25056
      15.76650      20.25131
      15.77670      20.25207
      15.78680      20.25282
      15.79700      20.25359
      15.80720      20.25436
      15.81730      20.25512
      15.82750      20.25590
      15.83770      20.25668
      15.84780      20.25745
      15.85800      20.25824
      15.86810      20.25902
      15.87830      20.25982
      15.88850      20.26061
      15.89860      20.26141
      15.90880      20.26221
      15.91900      20.26302
      15.92910      20.26382
      15.93930      20.26464
      15.94950      20.26546
      15.95960      20.26627
      15.96980      20.26710
      15.98000      20.26793
      15.99010      20.26876
      16.00030      20.26960
      16.01050      20.27044
      16.02060      20.27128
      16.03080      20.27213
      16.04090      20.27297
      16.05110      20.27383
      16.06130      20.27469
      16.07140      20.27555
      16.08160      20.27642
      16.09180      20.27730
      16.10190      20.27817
      16.11210      20.27905
      16.12230      20.27994
      16.13240      20.28082
      16.14260      20.28172
      16.15280      20.28262
      16.16290      20.28351
      16.17310      20.28442
      16.18320      20.28532
      16.19340      20.28624
      16.20360      20.28716
      16.21370      20.28808
      16.22390      20.28901
      16.23410      20.28995
      16.24420      20.29088
      16.25440      20.29182
      16.26460      20.29277
      16.27470      20.29371
      16.28490      20.29467
      16.29510      20.29563
      16.30520      20.29659
      16.31540      20.29756
      16.32560      20.29854
      16.33570      20.29951
      16.34590      20.30050
      16.35600      20.30148
      16.36620      20.30247
      16.37640      20.30348
      16.38650      20.30447
      16.39670      20.30548
      16.40690      20.30650
      16.41700      20.30751
      16.42720      20.30854
      16.43740      20.30957
      16.44750      20.31059
      16.45770      20.31163
      16.46790      20.31268
      16.47800      20.31372
      16.48820      20.31478
      16.49830      20.31583
      16.50850      20.31690
      16.51870      20.31797
      16.52880      20.31904
      16.53900      20.32013
      16.54920      20.32121
      16.55930      20.32230
      16.56950      20.32340
      16.57970      20.32451
      16.58980      20.32561
      16.60000      20.32673
      16.61020      20.32785
      16.62030      20.32897
      16.63050      20.33010
      16.64070      20.33124
      16.65080      20.33238
      16.66100      20.33353
      16.67110      20.33468
      16.68130      20.33584
      16.69150      20.33702
      16.70160      20.33818
      16.71180      20.33936
      16.72200      20.34055
      16.73210      20.34174
      16.74230      20.34294
      16.75250      20.34414
      16.76260      20.34535
      16.77280      20.34657
      16.78300      20.34780
      16.79310      20.34902
      16.80330      20.35026
      16.81340      20.35149
      16.82360      20.35275
      16.83380      20.35400
      16.84390      20.35526
      16.85410      20.35653
      16.86430      20.35781
      16.87440      20.35909
      16.88460      20.36038
      16.89480      20.36168
      16.90490      20.36298
      16.91510      20.36429
      16.92530      20.36561
      16.93540      20.36693
      16.94560      20.36827
      16.95580      20.36961
      16.96590      20.37095
      16.97610      20.37231
      16.98620      20.37366
      16.99640      20.37503
      17.00660      20.37642
      17.01670      20.37779
      17.02690      20.37919
      17.03710      20.38059
      17.04720      20.38199
      17.05740      20.38341
      17.06760      20.38483
      17.07770      20.38626
      17.08790      20.38770
      17.09810      20.38915
      17.10820      20.39059
      17.11840      20.39206
      17.12850      20.39352
      17.13870      20.39501
      17.14890      20.39650
      17.15900      20.39799
      17.16920      20.39950
      17.17940      20.40101
      17.18950      20.40252
      17.19970      20.40406
      17.20990      20.40561
      17.22000      20.40714
      17.23020      20.40870
      17.24040      20.41027
      17.25050      20.41184
      17.26070      20.41343
      17.27090      20.41503
      17.28100      20.41662
      17.29120      20.41823
      17.30130      20.41984
      17.31150      20.42148
      17.32170      20.42312
      17.33180      20.42476
      17.34200      20.42642
      17.35220      20.42810
      17.36230      20.42976
      17.37250      20.43146
      17.38270      20.43316
      17.39280      20.43485
      17.40300      20.43658
      17.41320      20.43831
      17.42330      20.44004
      17.43350      20.44179
      17.44360      20.44354
      17.45380      20.44531
      17.46400      20.44710
      17.47410      20.44888
      17.48430      20.45069
      17.49450      20.45250
      17.50460      20.45432
      17.51480      20.45615
      17.52500      20.45800
      17.53510      20.45985
      17.54530      20.46172
      17.55550      20.46361
      17.56560      20.46548
      17.57580      20.46739
      17.58590      20.46929
      17.59610      20.47122
      17.60630      20.47317
      17.61640      20.47510
      17.62660      20.47707
      17.63680      20.47905
      17.64690      20.48102
      17.65710      20.48302
      17.66730      20.48504
      17.67740      20.48705
      17.68760      20.48909
      17.69780      20.49115
      17.70790      20.49319
      17.71810      20.49527
      17.72830      20.49737
      17.73840      20.49945
      17.74860      20.50157
      17.75870      20.50368
      17.76890      20.50583
      17.77910      20.50799
      17.78920      20.51014
      17.79940      20.51233
      17.80960      20.51453
      17.81970      20.51673
      17.82990      20.51896
      17.84010      20.52120
      17.85020      20.52344
      17.86040      20.52571
      17.87060      20.52800
      17.88070      20.53028
      17.89090      20.53260
      17.90100      20.53491
      17.91120      20.53726
      17.92140      20.53962
      17.93150      20.54198
      17.94170      20.54437
      17.95190      20.54678
      17.96200      20.54919
      17.97220      20.55163
      17.98240      20.55409
      17.99250      20.55654
      18.00270      20.55903
      18.01290      20.56154
      18.02300      20.56404
      18.03320      20.56658
      18.04340      20.56914
      18.05350      20.57169
      18.06370      20.57429
      18.07380      20.57687
      18.08400      20.57950
      18.09420      20.58215
      18.10430      20.58479
      18.11450      20.58747
      18.12470      20.59017
      18.13480      20.59286
      18.14500      20.59560
      18.15520      20.59836
      18.16530      20.60111
      18.17550      20.60390
      18.18570      20.60672
      18.19580      20.60953
      18.20600      20.61238
      18.21610      20.61523
      18.22630      20.61812
      18.23650      20.62103
      18.24660      20.62394
      18.25680      20.62690
      18.26700      20.62987
      18.27710      20.63284
      18.28730      20.63586
      18.29750      20.63890
      18.30760      20.64193
      18.31780      20.64502
      18.32800      20.64812
      18.33810      20.65122
      18.34830      20.65437
      18.35850      20.65754
      18.36860      20.66071
      18.37880      20.66393
      18.38890      20.66714
      18.39910      20.67040
      18.40930      20.67369
      18.41940      20.67698
      18.42960      20.68032
      18.43980      20.68368
      18.44990      20.68703
      18.46010      20.69044
      18.47030      20.69388
      18.48040      20.69731
      18.49060      20.70080
      18.50080      20.70432
      18.51090      20.70782
      18.52110      20.71139
      18.53120      20.71495
      18.54140      20.71857
      18.55160      20.72222
      18.56170      20.72586
      18.57190      20.72957
      18.58210      20.73330
      18.59220      20.73702
      18.60240      20.74081
      18.61260      20.74463
      18.62270      20.74844
      18.63290      20.75232
      18.64310      20.75623
      18.65320      20.76013
      18.66340      20.76410
      18.67360      20.76810
      18.68370      20.77209
      18.69390      20.77615
      18.70400      20.78020
      18.71420      20.78433
      18.72440      20.78848
      18.73450      20.79263
      18.74470      20.79686
      18.75490      20.80112
      18.76500      20.80536
      18.77520      20.80969
      18.78540      20.81405
      18.79550      20.81840
      18.80570      20.82283
      18.81590      20.82730
      18.82600      20.83176
      18.83620      20.83630
      18.84630      20.84083
      18.85650      20.84544
      18.86670      20.85009
      18.87680      20.85473
      18.88700      20.85946
      18.89720      20.86422
      18.90730      20.86898
      18.91750      20.87383
      18.92770      20.87871
      18.93780      20.88359
      18.94800      20.88855
      18.95820      20.89356
      18.96830      20.89856
      18.97850      20.90365
      18.98870      20.90879
      18.99880      20.91392
      19.00900      20.91914
      19.01910      20.92435
      19.02930      20.92967
      19.03950      20.93502
      19.04960      20.94037
      19.05980      20.94582
      19.07000      20.95132
      19.08010      20.95681
      19.09030      20.96240
      19.10050      20.96804
      19.11060      20.97367
      19.12080      20.97941
      19.13100      20.98520
      19.14110      20.99098
      19.15130      20.99687
      19.16140      21.00276
      19.17160      21.00875
      19.18180      21.01480
      19.19190      21.02085
      19.20210      21.02700
      19.21230      21.03322
      19.22240      21.03942
      19.23260      21.04575
      19.24280      21.05213
      19.25290      21.05851
      19.26310      21.06501
      19.27330      21.07156
      19.28340      21.07812
      19.29360      21.08479
      19.30380      21.09154
      19.31390      21.09827
      19.32410      21.10513
      19.33420      21.11200
      19.34440      21.11899
      19.35460      21.12605
      19.36470      21.13310
      19.37490      21.14029
      19.38510      21.14755
      19.39520      21.15481
      19.40540      21.16220
      19.41560      21.16967
      19.42570      21.17713
      19.43590      21.18474
      19.44610      21.19243
      19.45620      21.20011
      19.46640      21.20794
      19.47650      21.21577
      19.48670      21.22375
      19.49690      21.23182
      19.50700      21.23988
      19.51720      21.24810
      19.52740      21.25640
      19.53750      21.26470
      19.54770      21.27316
      19.55790      21.28171
      19.56800      21.29026
      19.57820      21.29898
      19.58840      21.30779
      19.59850      21.31660
      19.60870      21.32559
      19.61880      21.33458
      19.62900      21.34375
      19.63920      21.35301
      19.64930      21.36228
      19.65950      21.37173
      19.66970      21.38128
      19.67980      21.39083
      19.69000      21.40058
      19.70020      21.41043
      19.71030      21.42029
      19.72050      21.43034
      19.73070      21.44050
      19.74080      21.45067
      19.75100      21.46105
      19.76120      21.47153
      19.77130      21.48203
      19.78150      21.49274
      19.79160      21.50346
      19.80180      21.51440
      19.81200      21.52546
      19.82210      21.53653
      19.83230      21.54783
      19.84250      21.55925
      19.85260      21.57068
      19.86280      21.58236
      19.87300      21.59416
      19.88310      21.60597
      19.89330      21.61804
      19.90350      21.63024
      19.91360      21.64245
      19.92380      21.65492
      19.93390      21.66741
      19.94410      21.68016
      19.95430      21.69306
      19.96440      21.70597
      19.97460      21.71917
      19.98480      21.73251
      19.99490      21.74587
      20.00510      21.75953
      20.01530      21.77333
      20.02540      21.78717
      20.03560      21.80130
      20.04580      21.81559
      20.05590      21.82992
      20.06610      21.84455
      20.07630      21.85936
      20.08640      21.87420
      20.09660      21.88936
      20.10670      21.90455
      20.11690      21.92008
      20.12710      21.93579
      20.13720      21.95154
      20.14740      21.96764
      20.15760      21.98393
      20.16770      22.00027
      20.17790      22.01696
      20.18810      22.03387
      20.19820      22.05081
      20.20840      22.06814
      20.21860      22.08568
      20.22870      22.10327
      20.23890      22.12126
      20.24900      22.13929
      20.25920      22.15774
      20.26940      22.17642
      20.27950      22.19516
      20.28970      22.21433
      20.29990      22.23375
      20.31000      22.25323
      20.32020      22.27316
      20.33040      22.29335
      20.34050      22.31361
      20.35070      22.33434
      20.36090      22.35535
      20.37100      22.37644
      20.38120      22.39802
      20.39140      22.41989
      20.40150      22.44185
      20.41170      22.46433
      20.42180      22.48690
      20.43200      22.51001
      20.44220      22.53345
      20.45230      22.55698
      20.46250      22.58109
      20.47270      22.60554
      20.48280      22.63010
      20.49300      22.65526
      20.50320      22.68079
      20.51330      22.70645
      20.52350      22.73274
      20.53370      22.75943
      20.54380      22.78625
      20.55400      22.81375
      20.56410      22.84139
      20.57430      22.86975
      20.58450      22.89853
      20.59460      22.92750
      20.60480      22.95720
      20.61500      22.98738
      20.62510      23.01775
      20.63530      23.04892
      20.64550      23.08061
      20.65560      23.11250
      20.66580      23.14525
      20.67600      23.17856
      20.68610      23.21210
      20.69630      23.24656
      20.70650      23.28161
      20.71660      23.31695
      20.72680      23.35327
      20.73690      23.38987
      20.74710      23.42752
      20.75730      23.46585
      20.76740      23.50453
      20.77760      23.54431
      20.78780      23.58486
      20.79790      23.62579
      20.80810      23.66792
      20.81830      23.71090
      20.82840      23.75430
      20.83860      23.79901
      20.84880      23.84464
      20.85890      23.89076
      20.86910      23.93831
      20.87920      23.98639
      20.88940      24.03598
      20.89960      24.08665
      20.90970      24.13793
      20.91990      24.19086
      20.93010      24.24498
      20.94020      24.29980
      20.95040      24.35641
      20.96060      24.41435
      20.97070      24.47306
      20.98090      24.53377
      20.99110      24.59594
      21.00120      24.65898
      21.01140      24.72421
      21.02160      24.79107
      21.03170      24.85891
      21.04190      24.92916
      21.05200      25.00047
      21.06220      25.07436
      21.07240      25.15015
      21.08250      25.22718
      21.09270      25.30700
      21.10290      25.38897
      21.11300      25.47231
      21.12320      25.55873
      21.13340      25.64752
      21.14350      25.73783
      21.15370      25.83156
      21.16390      25.92790
      21.17400      26.02595
      21.18420      26.12774
      21.19430      26.23137
      21.20450      26.33899
      21.21470      26.44969
      21.22480      26.56242
      21.23500      26.67953
      21.24520      26.80001
      21.25530      26.92278
      21.26550      27.05031
      21.27570      27.18157
      21.28580      27.31533
      21.29600      27.45431
      21.30620      27.59737
      21.31630      27.74314
      21.32650      27.89466
      21.33660      28.04904
      21.34680      28.20951
      21.35700      28.37467
      21.36710      28.54295
      21.37730      28.71784
      21.38750      28.89782
      21.39760      29.08117
      21.40780      29.27170
      21.41800      29.46770
      21.42810      29.66738
      21.43830      29.87475
      21.44850      30.08808
      21.45860      30.30527
      21.46880      30.53083
      21.47900      30.76274
      21.48910      30.99875
      21.49930      31.24373
      21.50940      31.49297
      21.51960      31.75160
      21.52980      32.01730
      21.53990      32.28746
      21.55010      32.56764
      21.56030      32.85530
      21.57040      33.14763
      21.58060      33.45060
      21.59080      33.76139
      21.60090      34.07712
      21.61110      34.40399
      21.62130      34.73919
      21.63140      35.07932
      21.64160      35.43132
      21.65170      35.78832
      21.66190      36.15757
      21.67210      36.53563
      21.68220      36.91875
      21.69240      37.31466
      21.70260      37.71967
      21.71270      38.12972
      21.72290      38.55307
      21.73310      38.98574
      21.74320      39.42337
      21.75340      39.87476
      21.76360      40.33553
      21.77370      40.80128
      21.78390      41.28100
      21.79410      41.77036
      21.80420      42.26427
      21.81440      42.77264
      21.82450      43.28536
      21.83470      43.81268
      21.84490      44.34946
      21.85500      44.89019
      21.86520      45.44564
      21.87540      46.01036
      21.88550      46.57852
      21.89570      47.16139
      21.90590      47.75309
      21.91600      48.34780
      21.92620      48.95695
      21.93640      49.57443
      21.94650      50.19416
      21.95670      50.82785
      21.96680      51.46318
      21.97700      52.11211
      21.98720      52.76841
      21.99730      53.42504
      22.00750      54.09481
      22.01770      54.77081
      22.02780      55.44587
      22.03800      56.13307
      22.04820      56.82526
      22.05830      57.51500
      22.06850      58.21561
      22.07870      58.91952
      22.08880      59.61951
      22.09900      60.32860
      22.10920      61.03912
      22.11930      61.74373
      22.12950      62.45527
      22.13960      63.15940
      22.14980      63.86889
      22.16000      64.57623
      22.17010      65.27341
      22.18030      65.97347
      22.19050      66.66845
      22.20060      67.35052
      22.21080      68.03230
      22.22100      68.70583
      22.23110      69.36345
      22.24130      70.01717
      22.25150      70.65905
      22.26160      71.28207
      22.27180      71.89697
      22.28190      72.49080
      22.29210      73.07383
      22.30230      73.63876
      22.31240      74.17930
      22.32260      74.70457
      22.33280      75.20809
      22.34290      75.68385
      22.35310      76.14012
      22.36330      76.57082
      22.37340      76.97090
      22.38360      77.34726
      22.39380      77.69466
      22.40390      78.00911
      22.41410      78.29596
      22.42430      78.55099
      22.43440      78.77152
      22.44460      78.96111
      22.45470      79.11555
      22.46490      79.23734
      22.47510      79.32442
      22.48520      79.37617
      22.49540      79.39344
      22.50560      79.37549
      22.51570      79.32308
      22.52590      79.23533
      22.53610      79.11286
      22.54620      78.95781
      22.55640      78.76754
      22.56660      78.54405
      22.57670      78.29073
      22.58690      78.00328
      22.59700      77.68825
      22.60720      77.34028
      22.61740      76.96346
      22.62750      76.56277
      22.63770      76.13165
      22.64790      75.67490
      22.65800      75.19861
      22.66820      74.69476
      22.67840      74.16898
      22.68850      73.62817
      22.69870      73.06277
      22.70890      72.47940
      22.71900      71.88538
      22.72920      71.27008
      22.73940      70.64062
      22.74950      70.00468
      22.75970      69.35075
      22.76980      68.69294
      22.78000      68.01924
      22.79020      67.33745
      22.80030      66.65511
      22.81050      65.96017
      22.82070      65.26001
      22.83080      64.56276
      22.84100      63.85538
      22.85120      63.14572
      22.86130      62.44170
      22.87150      61.73002
      22.88170      61.01851
      22.89180      60.31492
      22.90200      59.60587
      22.91210      58.90606
      22.92230      58.20208
      22.93250      57.50155
      22.94260      56.81188
      22.95280      56.11979
      22.96300      55.43280
      22.97310      54.75773
      22.98330      54.08197
      22.99350      53.41233
      23.00360      52.75583
      23.01380      52.09966
      23.02400      51.45075
      23.03410      50.81569
      23.04430      50.18203
      23.05450      49.55642
      23.06460      48.94514
      23.07480      48.33615
      23.08490      47.74172
      23.09510      47.15008
      23.10530      46.56739
      23.11540      45.99940
      23.12560      45.43486
      23.13580      44.87969
      23.14590      44.33903
      23.15610      43.80253
      23.16630      43.27539
      23.17640      42.76286
      23.18660      42.25467
      23.19680      41.75604
      23.20690      41.27176
      23.21710      40.79213
      23.22720      40.32665
      23.23740      39.86597
      23.24760      39.41477
      23.25770      38.97732
      23.26790      38.54483
      23.27810      38.12173
      23.28820      37.71179
      23.29840      37.30695
      23.30860      36.91128
      23.31870      36.52827
      23.32890      36.15044
      23.33910      35.78136
      23.34920      35.42453
      23.35940      35.07269
      23.36950      34.73272
      23.37970      34.39767
      23.38990      34.07090
      23.40000      33.75539
      23.41020      33.44468
      23.42040      33.14187
      23.43050      32.84969
      23.44070      32.56217
      23.45090      32.28219
      23.46100      32.01211
      23.47120      31.74655
      23.48140      31.48811
      23.49150      31.23895
      23.50170      30.99414
      23.51190      30.75592
      23.52200      30.52647
      23.53220      30.30103
      23.54230      30.08395
      23.55250      29.87074
      23.56270      29.66344
      23.57280      29.46390
      23.58300      29.26798
      23.59320      29.07756
      23.60330      28.89431
      23.61350      28.71442
      23.62370      28.53966
      23.63380      28.37144
      23.64400      28.20640
      23.65420      28.04602
      23.66430      27.89170
      23.67450      27.74029
      23.68460      27.59458
      23.69480      27.45162
      23.70500      27.31269
      23.71510      27.17903
      23.72530      27.04784
      23.73550      26.92035
      23.74560      26.79768
      23.75580      26.67725
      23.76600      26.56019
      23.77610      26.44753
      23.78630      26.33689
      23.79650      26.22935
      23.80660      26.12575
      23.81680      26.02403
      23.82700      25.92507
      23.83710      25.82975
      23.84730      25.73607
      23.85740      25.64579
      23.86760      25.55706
      23.87780      25.47067
      23.88790      25.38739
      23.89810      25.30546
      23.90830      25.22566
      23.91840      25.14869
      23.92860      25.07292
      23.93880      24.99907
      23.94890      24.92779
      23.95910      24.85757
      23.96930      24.78911
      23.97940      24.72294
      23.98960      24.65775
      23.99970      24.59473
      24.00990      24.53260
      24.02010      24.47192
      24.03020      24.41323
      24.04040      24.35532
      24.05060      24.29872
      24.06070      24.24394
      24.07090      24.18983
      24.08110      24.13692
      24.09120      24.08567
      24.10140      24.03502
      24.11160      23.98544
      24.12170      23.93739
      24.13190      23.88985
      24.14210      23.84331
      24.15220      23.79814
      24.16240      23.75345
      24.17250      23.71006
      24.18270      23.66711
      24.19290      23.62499
      24.20300      23.58408
      24.21320      23.54354
      24.22340      23.50377
      24.23350      23.46511
      24.24370      23.42679
      24.25390      23.38915
      24.26400      23.35256
      24.27420      23.31626
      24.28440      23.28059
      24.29450      23.24589
      24.30470      23.21144
      24.31480      23.17791
      24.32500      23.14462
      24.33520      23.11188
      24.34530      23.07999
      24.35550      23.04832
      24.36570      23.01716
      24.37580      22.98680
      24.38600      22.95663
      24.39620      22.92693
      24.40630      22.89798
      24.41650      22.86919
      24.42670      22.84085
      24.43680      22.81322
      24.44700      22.78572
      24.45720      22.75865
      24.46730      22.73223
      24.47750      22.70594
      24.48760      22.68030
      24.49780      22.65477
      24.50800      22.62962
      24.51810      22.60506
      24.52830      22.58062
      24.53850      22.55652
      24.54860      22.53300
      24.55880      22.50957
      24.56900      22.48646
      24.57910      22.46390
      24.58930      22.44143
      24.59950      22.41925
      24.60960      22.39760
      24.61980      22.37602
      24.62990      22.35495
      24.64010      22.33394
      24.65030      22.31322
      24.66040      22.29296
      24.67060      22.27277
      24.68080      22.25285
      24.69090      22.23337
      24.70110      22.21396
      24.71130      22.19480
      24.72140      22.17607
      24.73160      22.15738
      24.74180      22.13894
      24.75190      22.12091
      24.76210      22.10293
      24.77230      22.08517
      24.78240      22.06780
      24.79260      22.05048
      24.80270      22.03354
      24.81290      22.01664
      24.82310      21.99995
      24.83320      21.98362
      24.84340      21.96733
      24.85360      21.95124
      24.86370      21.93549
      24.87390      21.91978
      24.88410      21.90426
      24.89420      21.88907
      24.90440      21.87391
      24.91460      21.85893
      24.92470      21.84427
      24.93490      21.82964
      24.94500      21.81532
      24.95520      21.80103
      24.96540      21.78690
      24.97550      21.77307
      24.98570      21.75926
      24.99590      21.74562
      25.00600      21.73225
      25.01620      21.71891
      25.02640      21.70572
      25.03650      21.69281
      25.04670      21.67991
      25.05690      21.66716
      25.06700      21.65468
      25.07720      21.64221
      25.08740      21.62988
      25.09750      21.61781
      25.10770      21.60574
      25.11780      21.59393
      25.12800      21.58213
      25.13820      21.57046
      25.14830      21.55903
      25.15850      21.54761
      25.16870      21.53631
      25.17880      21.52525
      25.18900      21.51419
      25.19920      21.50325
      25.20930      21.49253
      25.21950      21.48182
      25.22970      21.47123
      25.23980      21.46085
      25.25000      21.45047
      25.26010      21.44031
      25.27030      21.43015
      25.28050      21.42009
      25.29060      21.41024
      25.30080      21.40039
      25.31100      21.39065
      25.32110      21.38110
      25.33130      21.37155
      25.34150      21.36210
      25.35160      21.35283
      25.36180      21.34357
      25.37200      21.33440
      25.38210      21.32542
      25.39230      21.31643
      25.40240      21.30762
      25.41260      21.29882
      25.42280      21.29010
      25.43290      21.28155
      25.44310      21.27300
      25.45330      21.26454
      25.46340      21.25624
      25.47360      21.24794
      25.48380      21.23972
      25.49390      21.23166
      25.50410      21.22360
      25.51430      21.21562
      25.52440      21.20779
      25.53460      21.19996
      25.54480      21.19220
      25.55490      21.18460
      25.56510      21.17699
      25.57520      21.16953
      25.58540      21.16206
      25.59560      21.15466
      25.60570      21.14741
      25.61590      21.14015
      25.62610      21.13296
      25.63620      21.12591
      25.64640      21.11885
      25.65660      21.11186
      25.66670      21.10500
      25.67690      21.09814
      25.68710      21.09134
      25.69720      21.08467
      25.70740      21.07799
      25.71750      21.07144
      25.72770      21.06488
      25.73790      21.05838
      25.74800      21.05201
      25.75820      21.04563
      25.76840      21.03930
      25.77850      21.03310
      25.78870      21.02689
      25.79890      21.02073
      25.80900      21.01469
      25.81920      21.00864
      25.82940      21.00264
      25.83950      20.99676
      25.84970      20.99087
      25.85990      20.98503
      25.87000      20.97930
      25.88020      20.97356
      25.89030      20.96793
      25.90050      20.96229
      25.91070      20.95670
      25.92080      20.95121
      25.93100      20.94572
      25.94120      20.94027
      25.95130      20.93492
      25.96150      20.92956
      25.97170      20.92425
      25.98180      20.91904
      25.99200      20.91382
      26.00220      20.90864
      26.01230      20.90355
      26.02250      20.89846
      26.03260      20.89347
      26.04280      20.88846
      26.05300      20.88349
      26.06310      20.87862
      26.07330      20.87373
      26.08350      20.86889
      26.09360      20.86413
      26.10380      20.85937
      26.11400      20.85464
      26.12410      20.85000
      26.13430      20.84535
      26.14450      20.84074
      26.15460      20.83621
      26.16480      20.83167
      26.17500      20.82717
      26.18510      20.82275
      26.19530      20.81832
      26.20540      20.81397
      26.21560      20.80961
      26.22580      20.80528
      26.23590      20.80103
      26.24610      20.79678
      26.25630      20.79255
      26.26640      20.78840
      26.27660      20.78425
      26.28680      20.78012
      26.29690      20.77607
      26.30710      20.77201
      26.31730      20.76798
      26.32740      20.76402
      26.33760      20.76005
      26.34770      20.75615
      26.35790      20.75224
      26.36810      20.74837
      26.37820      20.74456
      26.38840      20.74074
      26.39860      20.73695
      26.40870      20.73323
      26.41890      20.72950
      26.42910      20.72579
      26.43920      20.72215
      26.44940      20.71850
      26.45960      20.71488
      26.46970      20.71132
      26.47990      20.70776
      26.49010      20.70421
      26.50020      20.70074
      26.51040      20.69725
      26.52050      20.69382
      26.53070      20.69038
      26.54090      20.68697
      26.55100      20.68361
      26.56120      20.68025
      26.57140      20.67691
      26.58150      20.67363
      26.59170      20.67034
      26.60190      20.66708
      26.61200      20.66387
      26.62220      20.66065
      26.63240      20.65745
      26.64250      20.65431
      26.65270      20.65116
      26.66280      20.64806
      26.67300      20.64496
      26.68320      20.64187
      26.69330      20.63884
      26.70350      20.63580
      26.71370      20.63278
      26.72380      20.62982
      26.73400      20.62684
      26.74420      20.62388
      26.75430      20.62098
      26.76450      20.61806
      26.77470      20.61517
      26.78480      20.61233
      26.79500      20.60947
      26.80520      20.60664
      26.81530      20.60385
      26.82550      20.60106
      26.83560      20.59831
      26.84580      20.59555
      26.85600      20.59281
      26.86610      20.59012
      26.87630      20.58742
      26.88650      20.58473
      26.89660      20.58210
      26.90680      20.57945
      26.91700      20.57682
      26.92710      20.57424
      26.93730      20.57164
      26.94750      20.56907
      26.95760      20.56653
      26.96780      20.56399
      26.97790      20.56149
      26.98810      20.55898
      26.99830      20.55649
      27.00840      20.55404
      27.01860      20.55158
      27.02880      20.54914
      27.03890      20.54674
      27.04910      20.54433
      27.05930      20.54193
      27.06940      20.53958
      27.07960      20.53721
      27.08980      20.53486
      27.09990      20.53255
      27.11010      20.53024
      27.12020      20.52796
      27.13040      20.52567
      27.14060      20.52340
      27.15070      20.52116
      27.16090      20.51891
      27.17110      20.51668
      27.18120      20.51449
      27.19140      20.51229
      27.20160      20.51010
      27.21170      20.50795
      27.22190      20.50579
      27.23210      20.50364
      27.24220      20.50153
      27.25240      20.49941
      27.26260      20.49730
      27.27270      20.49523
      27.28290      20.49315
      27.29300      20.49111
      27.30320      20.48905
      27.31340      20.48701
      27.32350      20.48500
      27.33370      20.48299
      27.34390      20.48098
      27.35400      20.47901
      27.36420      20.47703
      27.37440      20.47507
      27.38450      20.47313
      27.39470      20.47119
      27.40490      20.46926
      27.41500      20.46736
      27.42520      20.46545
      27.43530      20.46357
      27.44550      20.46169
      27.45570      20.45981
      27.46580      20.45797
      27.47600      20.45612
      27.48620      20.45428
      27.49630      20.45247
      27.50650      20.45065
      27.51670      20.44884
      27.52680      20.44707
      27.53700      20.44528
      27.54720      20.44351
      27.55730      20.44176
      27.56750      20.44000
      27.57770      20.43826
      27.58780      20.43655
      27.59800      20.43482
      27.60810      20.43313
      27.61830      20.43142
      27.62850      20.42973
      27.63860      20.42806
      27.64880      20.42639
      27.65900      20.42473
      27.66910      20.42309
      27.67930      20.42145
      27.68950      20.41981
      27.69960      20.41820
      27.70980      20.41658
      27.72000      20.41498
      27.73010      20.41340
      27.74030      20.41181
      27.75040      20.41024
      27.76060      20.40867
      27.77080      20.40711
      27.78090      20.40557
      27.79110      20.40403
      27.80130      20.40250
      27.81140      20.40099
      27.82160      20.39947
      27.83180      20.39796
      27.84190      20.39647
      27.85210      20.39498
      27.86230      20.39350
      27.87240      20.39203
      27.88260      20.39057
      27.89280      20.38911
      27.90290      20.38767
      27.91310      20.38623
      27.92320      20.38481
      27.93340      20.38338
      27.94360      20.38196
      27.95370      20.38056
      27.96390      20.37916
      27.97410      20.37776
      27.98420      20.37639
      27.99440      20.37501
      28.00460      20.37363
      28.01470      20.37228
      28.02490      20.37092
      28.03510      20.36957
      28.04520      20.36824
      28.05540      20.36691
      28.06550      20.36559
      28.07570      20.36427
      28.08590      20.36295
      28.09600      20.36166
      28.10620      20.36036
      28.11640      20.35906
      28.12650      20.35779
      28.13670      20.35651
      28.14690      20.35523
      28.15700      20.35398
      28.16720      20.35272
      28.17740      20.35147
      28.18750      20.35023
      28.19770      20.34899
      28.20790      20.34776
      28.21800      20.34654
      28.22820      20.34532
      28.23830      20.34412
      28.24850      20.34291
      28.25870      20.34171
      28.26880      20.34053
      28.27900      20.33934
      28.28920      20.33816
      28.29930      20.33699
      28.30950      20.33582
      28.31970      20.33466
      28.32980      20.33351
      28.34000      20.33236
      28.35020      20.33121
      28.36030      20.33008
      28.37050      20.32895
      28.38060      20.32783
      28.39080      20.32670
      28.40100      20.32559
      28.41110      20.32449
      28.42130      20.32338
      28.43150      20.32228
      28.44160      20.32119
      28.45180      20.32010
      28.46200      20.31902
      28.47210      20.31795
      28.48230      20.31688
      28.49250      20.31581
      28.50260      20.31476
      28.51280      20.31370
      28.52300      20.31265
      28.53310      20.31161
      28.54330      20.31057
      28.55340      20.30955
      28.56360      20.30852
      28.57380      20.30749
      28.58390      20.30648
      28.59410      20.30546
      28.60430      20.30445
      28.61440      20.30346
      28.62460      20.30246
      28.63480      20.30146
      28.64490      20.30048
      28.65510      20.29949
      28.66530      20.29851
      28.67540      20.29754
      28.68560      20.29657
      28.69570      20.29561
      28.70590      20.29465
      28.71610      20.29369
      28.72620      20.29275
      28.73640      20.29180
      28.74660      20.29086
      28.75670      20.28993
      28.76690      20.28899
      28.77710      20.28806
      28.78720      20.28715
      28.79740      20.28622
      28.80760      20.28531
      28.81770      20.28440
      28.82790      20.28349
      28.83810      20.28259
      28.84820      20.28170
      28.85840      20.28080
      28.86850      20.27992
      28.87870      20.27903
      28.88890      20.27815
      28.89900      20.27728
      28.90920      20.27641
      28.91940      20.27554
      28.92950      20.27468
      28.93970      20.27382
      28.94990      20.27296
      28.96000      20.27211
      28.97020      20.27126
      28.98040      20.27041
      28.99050      20.26958
      29.00070      20.26874
      29.01080      20.26792
      29.02100      20.26708
      29.03120      20.26626
      29.04130      20.26544
      29.05150      20.26462
      29.06170      20.26381
      29.07180      20.26300
      29.08200      20.26220
      29.09220      20.26139
      29.10230      20.26060
      29.11250      20.25980
      29.12270      20.25901
      29.13280      20.25822
      29.14300      20.25744
      29.15310      20.25666
      29.16330      20.25588
      29.17350      20.25511
      29.18360      20.25434
      29.19380      20.25358
      29.20400      20.25281
      29.21410      20.25206
      29.22430      20.25130
      29.23450      20.25054
      29.24460      20.24980
      29.25480      20.24905
      29.26500      20.24831
      29.27510      20.24757
      29.28530      20.24683
      29.29550      20.24610
      29.30560      20.24537
      29.31580      20.24464
      29.32590      20.24393
      29.33610      20.24320
      29.34630      20.24249
      29.35640      20.24178
      29.36660      20.24106
      29.37680      20.24035
      29.38690      20.23966
      29.39710      20.23895
      29.40730      20.23825
      29.41740      20.23756
      29.42760      20.23687
      29.43780      20.23618
      29.44790      20.23549
      29.45810      20.23481
      29.46820      20.23413
      29.47840      20.23346
      29.48860      20.23278
      29.49870      20.23211
      29.50890      20.23144
      29.51910      20.23077
      29.52920      20.23012
      29.53940      20.22945
      29.54960      20.22880
      29.55970      20.22815
      29.56990      20.22749
      29.58010      20.22684
      29.59020      20.22620
      29.60040      20.22556
      29.61060      20.22491
      29.62070      20.22428
      29.63090      20.22364
      29.64100      20.22301
      29.65120      20.22238
      29.66140      20.22176
      29.67150      20.22113
      29.68170      20.22051
      29.69190      20.21989
      29.70200      20.21928
      29.71220      20.21866
      29.72240      20.21805
      29.73250      20.21745
      29.74270      20.21684
      29.75290      20.21623
      29.76300      20.21563
      29.77320      20.21503
      29.78330      20.21444
      29.79350      20.21385
      29.80370      20.21325
      29.81380      20.21267
      29.82400      20.21208
      29.83420      20.21149
      29.84430      20.21092
      29.85450      20.21034
      29.86470      20.20976
      29.87480      20.20919
      29.88500      20.20861
      29.89520      20.20804
      29.90530      20.20748
      29.91550      20.20691
      29.92570      20.20635
      29.93580      20.20579
      29.94600      20.20523
      29.95610      20.20468
      29.96630      20.20412
      29.97650      20.20357
      29.98660      20.20302
      29.99680      20.20247
      30.00700      20.20193
      30.01710      20.20139
      30.02730      20.20085
      30.03750      20.20031
      30.04760      20.19978
      30.05780      20.19924
      30.06800      20.19871
      30.07810      20.19818
      30.08830      20.19765
      30.09840      20.19713
      30.10860      20.19660
      30.11880      20.19608
      30.12890      20.19556
      30.13910      20.19505
      30.14930      20.19453
      30.15940      20.19402
      30.16960      20.19351
      30.17980      20.19300
      30.18990      20.19249
      30.20010      20.19199
      30.21030      20.19148
      30.22040      20.19098
      30.23060      20.19048
      30.24080      20.18998
      30.25090      20.18949
      30.26110      20.18900
      30.27120      20.18851
      30.28140      20.18802
      30.29160      20.18753
      30.30170      20.18705
      30.31190      20.18656
      30.32210      20.18608
      30.33220      20.18560
      30.34240      20.18512
      30.35260      20.18464
      30.36270      20.18417
      30.37290      20.18370
      30.38310      20.18322
      30.39320      20.18276
      30.40340      20.18229
      30.41350      20.18183
      30.42370      20.18136
      30.43390      20.18090
      30.44400      20.18044
      30.45420      20.17998
      30.46440      20.17952
      30.47450      20.17907
      30.48470      20.17862
      30.49490      20.17816
      30.50500      20.17772
      30.51520      20.17727
      30.52540      20.17682
      30.53550      20.17638
      30.54570      20.17593
      30.55590      20.17549
      30.56600      20.17505
      30.57620      20.17461
      30.58630      20.17418
      30.59650      20.17374
      30.60670      20.17331
      30.61680      20.17288
      30.62700      20.17245
      30.63720      20.17202
      30.64730      20.17159
      30.65750      20.17117
      30.66770      20.17074
      30.67780      20.17032
      30.68800      20.16990
      30.69820      20.16948
      30.70830      20.16907
      30.71850      20.16865
      30.72860      20.16824
      30.73880      20.16782
      30.74900      20.16741
      30.75910      20.16700
      30.76930      20.16659
      30.77950      20.16619
      30.78960      20.16578
      30.79980      20.16538
      30.81000      20.16497
      30.82010      20.16458
      30.83030      20.16418
      30.84050      20.16378
      30.85060      20.16338
      30.86080      20.16299
      30.87100      20.16259
      30.88110      20.16220
      30.89130      20.16181
      30.90140      20.16142
      30.91160      20.16103
      30.92180      20.16064
      30.93190      20.16026
      30.94210      20.15988
      30.95230      20.15949
      30.96240      20.15911
      30.97260      20.15873
      30.98280      20.15835
      30.99290      20.15798
      31.00310      20.15760
      31.01330      20.15723
      31.02340      20.15686
      31.03360      20.15648
      31.04370      20.15611
      31.05390      20.15574
      31.06410      20.15538
      31.07420      20.15501
      31.08440      20.15465
      31.09460      20.15428
      31.10470      20.15392
      31.11490      20.15356
      31.12510      20.15320
      31.13520      20.15284
      31.14540      20.15248
      31.15560      20.15212
      31.16570      20.15177
      31.17590      20.15141
      31.18600      20.15107
      31.19620      20.15071
      31.20640      20.15036
      31.21650      20.15001
      31.22670      20.14967
      31.23690      20.14932
      31.24700      20.14898
      31.25720      20.14863
      31.26740      20.14829
      31.27750      20.14795
      31.28770      20.14760
      31.29790      20.14726
      31.30800      20.14693
      31.31820      20.14659
      31.32840      20.14625
      31.33850      20.14592
      31.34870      20.14559
      31.35880      20.14526
      31.36900      20.14492
      31.37920      20.14459
      31.38930      20.14426
      31.39950      20.14394
      31.40970      20.14361
      31.41980      20.14328
      31.43000      20.14296
      31.44020      20.14263
      31.45030      20.14231
      31.46050      20.14199
      31.47070      20.14167
      31.48080      20.14135
      31.49100      20.14103
      31.50110      20.14072
      31.51130      20.14040
      31.52150      20.14009
      31.53160      20.13977
      31.54180      20.13946
      31.55200      20.13915
      31.56210      20.13884
      31.57230      20.13853
      31.58250      20.13822
      31.59260      20.13791
      31.60280      20.13761
      31.61300      20.13730
      31.62310      20.13700
      31.63330      20.13669
      31.64350      20.13639
      31.65360      20.13609
      31.66380      20.13579
      31.67390      20.13549
      31.68410      20.13519
      31.69430      20.13489
      31.70440      20.13460
      31.71460      20.13430
      31.72480      20.13400
      31.73490      20.13371
      31.74510      20.13342
      31.75530      20.13313
      31.76540      20.13284
      31.77560      20.13255
      31.78580      20.13226
      31.79590      20.13197
      31.80610      20.13168
      31.81620      20.13140
      31.82640      20.13111
      31.83660      20.13083
      31.84670      20.13055
      31.85690      20.13026
      31.86710      20.12998
      31.87720      20.12970
      31.88740      20.12942
      31.89760      20.12914
      31.90770      20.12887
      31.91790      20.12859
      31.92810      20.12831
      31.93820      20.12804
      31.94840      20.12776
      31.95860      20.12749
      31.96870      20.12722
      31.97890      20.12694
      31.98900      20.12667
      31.99920      20.12640
      32.00940      20.12613
      32.01950      20.12587
      32.02970      20.12560
      32.03990      20.12533
      32.05000      20.12507
      32.06020      20.12480
      32.07040      20.12454
      32.08050      20.12428
      32.09070      20.12401
      32.10090      20.12375
      32.11100      20.12349
      32.12120      20.12323
      32.13130      20.12297
      32.14150      20.12271
      32.15170      20.12246
      32.16180      20.12220
      32.17200      20.12194
      32.18220      20.12169
      32.19230      20.12144
      32.20250      20.12118
      32.21270      20.12093
      32.22280      20.12068
      32.23300      20.12043
      32.24320      20.12018
      32.25330      20.11993
      32.26350      20.11968
      32.27370      20.11943
      32.28380      20.11918
      32.29400      20.11894
      32.30410      20.11869
      32.31430      20.11845
      32.32450      20.11820
      32.33460      20.11796
      32.34480      20.11772
      32.35500      20.11747
      32.36510      20.11724
      32.37530      20.11699
      32.38550      20.11675
      32.39560      20.11652
      32.40580      20.11628
      32.41600      20.11604
      32.42610      20.11580
      32.43630      20.11557
      32.44640      20.11533
      32.45660      20.11510
      32.46680      20.11486
      32.47690      20.11463
      32.48710      20.11440
      32.49730      20.11417
      32.50740      20.11394
      32.51760      20.11370
      32.52780      20.11348
      32.53790      20.11325
      32.54810      20.11302
      32.55830      20.11279
      32.56840      20.11256
      32.57860      20.11234
      32.58880      20.11211
      32.59890      20.11189
      32.60910      20.11166
      32.61920      20.11144
      32.62940      20.11122
      32.63960      20.11099
      32.64970      20.11077
      32.65990      20.11055
      32.67010      20.11033
      32.68020      20.11012
      32.69040      20.10990
      32.70060      20.10968
      32.71070      20.10946
      32.72090      20.10924
      32.73110      20.10903
      32.74120      20.10881
      32.75140      20.10859
      32.76150      20.10838
      32.77170      20.10817
      32.78190      20.10795
      32.79200      20.10774
      32.80220      20.10753
      32.81240      20.10732
      32.82250      20.10711
      32.83270      20.10690
      32.84290      20.10669
      32.85300      20.10648
      32.86320      20.10627
      32.87340      20.10606
      32.88350      20.10586
      32.89370      20.10565
      32.90390      20.10545
      32.91400      20.10524
      32.92420      20.10504
      32.93430      20.10483
      32.94450      20.10463
      32.95470      20.10443
      32.96480      20.10423
      32.97500      20.10402
      32.98520      20.10382
      32.99530      20.10362
      33.00550      20.10342
      33.01570      20.10322
      33.02580      20.10303
      33.03600      20.10283
      33.04620      20.10263
      33.05630      20.10243
      33.06650      20.10224
      33.07660      20.10204
      33.08680      20.10184
      33.09700      20.10165
      33.10710      20.10146
      33.11730      20.10126
      33.12750      20.10107
      33.13760      20.10088
      33.14780      20.10069
      33.15800      20.10049
      33.16810      20.10030
      33.17830      20.10011
      33.18850      20.09992
      33.19860      20.09974
      33.20880      20.09954
      33.21890      20.09936
      33.22910      20.09917
      33.23930      20.09898
      33.24940      20.09880
      33.25960      20.09861
      33.26980      20.09842
      33.27990      20.09824
      33.29010      20.09805
      33.30030      20.09787
      33.31040      20.09769
      33.32060      20.09751
      33.33080      20.09732
      33.34090      20.09714
      33.35110      20.09696
      33.36130      20.09678
      33.37140      20.09660
      33.38160      20.09642
      33.39170      20.09624
      33.40190      20.09606
      33.41210      20.09588
      33.42220      20.09571
      33.43240      20.09553
      33.44260      20.09535
      33.45270      20.09517
      33.46290      20.09500
      33.47310      20.09482
      33.48320      20.09465
      33.49340      20.09447
      33.50360      20.09430
      33.51370      20.09413
      33.52390      20.09395
      33.53400      20.09378
      33.54420      20.09361
      33.55440      20.09344
      33.56450      20.09327
      33.57470      20.09310
      33.58490      20.09292
      33.59500      20.09276
      33.60520      20.09259
      33.61540      20.09242
      33.62550      20.09225
      33.63570      20.09208
      33.64590      20.09191
      33.65600      20.09175
      33.66620      20.09158
      33.67640      20.09141
      33.68650      20.09125
      33.69670      20.09108
      33.70680      20.09092
      33.71700      20.09076
      33.72720      20.09059
      33.73730      20.09043
      33.74750      20.09027
      33.75770      20.09010
      33.76780      20.08994
      33.77800      20.08978
      33.78820      20.08962
      33.79830      20.08946
      33.80850      20.08930
      33.81870      20.08914
      33.82880      20.08898
      33.83900      20.08882
      33.84910      20.08866
      33.85930      20.08850
      33.86950      20.08834
      33.87960      20.08819
      33.88980      20.08803
      33.90000      20.08787
      33.91010      20.08772
      33.92030      20.08756
      33.93050      20.08741
      33.94060      20.08725
      33.95080      20.08710
      33.96100      20.08694
      33.97110      20.08679
      33.98130      20.08664
      33.99150      20.08648
      34.00160      20.08633
      34.01180      20.08618
      34.02190      20.08603
      34.03210      20.08588
      34.04230      20.08573
      34.05240      20.08558
      34.06260      20.08542
      34.07280      20.08528
      34.08290      20.08513
      34.09310      20.08498
      34.10330      20.08483
      34.11340      20.08468
      34.12360      20.08453
      34.13380      20.08438
      34.14390      20.08424
      34.15410      20.08409
      34.16420      20.08395
      34.17440      20.08380
      34.18460      20.08365
      34.19470      20.08351
      34.20490      20.08337
      34.21510      20.08322
      34.22520      20.08308
      34.23540      20.08293
      34.24560      20.08279
      34.25570      20.08265
      34.26590      20.08251
      34.27610      20.08236
      34.28620      20.08222
      34.29640      20.08208
      34.30660      20.08194
      34.31670      20.08180
      34.32690      20.08166
      34.33700      20.08152
      34.34720      20.08138
      34.35740      20.08124
      34.36750      20.08110
      34.37770      20.08097
      34.38790      20.08083
      34.39800      20.08069
      34.40820      20.08055
      34.41840      20.08041
      34.42850      20.08028
      34.43870      20.08014
      34.44890      20.08000
      34.45900      20.07987
      34.46920      20.07973
      34.47930      20.07960
      34.48950      20.07947
      34.49970      20.07933
      34.50980      20.07920
      34.52000      20.07906
      34.53020      20.07893
      34.54030      20.07880
      34.55050      20.07866
      34.56070      20.07853
      34.57080      20.07840
      34.58100      20.07827
      34.59120      20.07814
      34.60130      20.07801
      34.61150      20.07788
      34.62170      20.07775
      34.63180      20.07762
      34.64200      20.07749
      34.65210      20.07736
      34.66230      20.07723
      34.67250      20.07710
      34.68260      20.07697
      34.69280      20.07684
      34.70300      20.07672
      34.71310      20.07659
      34.72330      20.07646
      34.73350      20.07633
      34.74360      20.07621
      34.75380      20.07608
      34.76400      20.07596
      34.77410      20.07583
      34.78430      20.07571
      34.79440      20.07558
      34.80460      20.07546
      34.81480      20.07533
      34.82490      20.07521
      34.83510      20.07508
      34.84530      20.07496
      34.85540      20.07484
      34.86560      20.07472
      34.87580      20.07459
      34.88590      20.07447
      34.89610      20.07435
      34.90630      20.07423
      34.91640      20.07411
      34.92660      20.07399
      34.93670      20.07387
      34.94690      20.07375
      34.95710      20.07363
      34.96720      20.07351
      34.97740      20.07339
      34.98760      20.07327
      34.99770      20.07315
      35.00790      20.07303
      35.01810      20.07291
      35.02820      20.07279
      35.03840      20.07268
      35.04860      20.07256
      35.05870      20.07244
      35.06890      20.07232
      35.07910      20.07221
      35.08920      20.07209
      35.09940      20.07198
      35.10950      20.07186
      35.11970      20.07174
      35.12990      20.07163
      35.14000      20.07151
      35.15020      20.07140
      35.16040      20.07129
      35.17050      20.07117
      35.18070      20.07106
      35.19090      20.07094
      35.20100      20.07083
      35.21120      20.07072
      35.22140      20.07060
      35.23150      20.07049
      35.24170      20.07038
      35.25180      20.07027
      35.26200      20.07016
      35.27220      20.07005
      35.28230      20.06993
      35.29250      20.06982
      35.30270      20.06971
      35.31280      20.06960
      35.32300      20.06949
      35.33320      20.06938
      35.34330      20.06927
      35.35350      20.06916
      35.36370      20.06905
      35.37380      20.06895
      35.38400      20.06884
      35.39420      20.06873
      35.40430      20.06862
      35.41450      20.06851
      35.42460      20.06841
      35.43480      20.06830
      35.44500      20.06819
      35.45510      20.06809
      35.46530      20.06798
      35.47550      20.06787
      35.48560      20.06777
      35.49580      20.06766
      35.50600      20.06755
      35.51610      20.06745
      35.52630      20.06734
      35.53650      20.06724
      35.54660      20.06714
      35.55680      20.06703
      35.56690      20.06693
      35.57710      20.06682
      35.58730      20.06672
      35.59740      20.06662
      35.60760      20.06651
      35.61780      20.06641
      35.62790      20.06631
      35.63810      20.06621
      35.64830      20.06610
      35.65840      20.06600
      35.66860      20.06590
      35.67880      20.06580
      35.68890      20.06570
      35.69910      20.06560
      35.70930      20.06550
      35.71940      20.06540
      35.72960      20.06530
      35.73970      20.06520
      35.74990      20.06510
      35.76010      20.06500
      35.77020      20.06490
      35.78040      20.06480
      35.79060      20.06470
      35.80070      20.06460
      35.81090      20.06450
      35.82110      20.06440
      35.83120      20.06431
      35.84140      20.06421
      35.85160      20.06411
      35.86170      20.06401
      35.87190      20.06392
      35.88200      20.06382
      35.89220      20.06372
      35.90240      20.06363
      35.91250      20.06353
      35.92270      20.06343
      35.93290      20.06334
      35.94300      20.06324
      35.95320      20.06315
      35.96340      20.06305
      35.97350      20.06296
      35.98370      20.06286
      35.99390      20.06277
