! TITLE: Yobs                                                                                                                                                                                                                                                            
! Peak:  5
       6.00860      20.01021
       6.01870      20.01022
       6.02890      20.01023
       6.03910      20.01023
       6.04920      20.01024
       6.05940      20.01025
       6.06960      20.01026
       6.07970      20.01027
       6.08990      20.01028
       6.10010      20.01029
       6.11020      20.01030
       6.12040      20.01031
       6.13060      20.01031
       6.14070      20.01032
       6.15090      20.01033
       6.16110      20.01034
       6.17120      20.01035
       6.18140      20.01036
       6.19150      20.01037
       6.20170      20.01038
       6.21190      20.01039
       6.22200      20.01039
       6.23220      20.01040
       6.24240      20.01041
       6.25250      20.01042
       6.26270      20.01043
       6.27290      20.01044
       6.28300      20.01045
       6.29320      20.01046
       6.30340      20.01047
       6.31350      20.01048
       6.32370      20.01048
       6.33380      20.01049
       6.34400      20.01050
       6.35420      20.01051
       6.36430      20.01052
       6.37450      20.01053
       6.38470      20.01054
       6.39480      20.01055
       6.40500      20.01056
       6.41520      20.01056
       6.42530      20.01057
       6.43550      20.01058
       6.44570      20.01059
       6.45580      20.01060
       6.46600      20.01061
       6.47620      20.01062
       6.48630      20.01063
       6.49650      20.01064
       6.50660      20.01065
       6.51680      20.01066
       6.52700      20.01067
       6.53710      20.01068
       6.54730      20.01068
       6.55750      20.01069
       6.56760      20.01070
       6.57780      20.01071
       6.58800      20.01072
       6.59810      20.01073
       6.60830      20.01074
       6.61850      20.01075
       6.62860      20.01076
       6.63880      20.01077
       6.64890      20.01078
       6.65910      20.01079
       6.66930      20.01080
       6.67940      20.01081
       6.68960      20.01082
       6.69980      20.01083
       6.70990      20.01084
       6.72010      20.01085
       6.73030      20.01085
       6.74040      20.01086
       6.75060      20.01087
       6.76080      20.01088
       6.77090      20.01089
       6.78110      20.01090
       6.79130      20.01091
       6.80140      20.01092
       6.81160      20.01093
       6.82170      20.01094
       6.83190      20.01095
       6.84210      20.01096
       6.85220      20.01097
       6.86240      20.01098
       6.87260      20.01099
       6.88270      20.01100
       6.89290      20.01101
       6.90310      20.01102
       6.91320      20.01103
       6.92340      20.01104
       6.93360      20.01105
       6.94370      20.01106
       6.95390      20.01107
       6.96400      20.01108
       6.97420      20.01109
       6.98440      20.01110
       6.99450      20.01110
       7.00470      20.01112
       7.01490      20.01113
       7.02500      20.01114
       7.03520      20.01114
       7.04540      20.01115
       7.05550      20.01117
       7.06570      20.01118
       7.07590      20.01118
       7.08600      20.01119
       7.09620      20.01120
       7.10640      20.01122
       7.11650      20.01122
       7.12670      20.01123
       7.13680      20.01124
       7.14700      20.01126
       7.15720      20.01126
       7.16730      20.01127
       7.17750      20.01128
       7.18770      20.01130
       7.19780      20.01130
       7.20800      20.01131
       7.21820      20.01133
       7.22830      20.01134
       7.23850      20.01134
       7.24870      20.01136
       7.25880      20.01137
       7.26900      20.01138
       7.27910      20.01139
       7.28930      20.01140
       7.29950      20.01141
       7.30960      20.01142
       7.31980      20.01143
       7.33000      20.01144
       7.34010      20.01145
       7.35030      20.01146
       7.36050      20.01147
       7.37060      20.01148
       7.38080      20.01149
       7.39100      20.01150
       7.40110      20.01151
       7.41130      20.01152
       7.42150      20.01153
       7.43160      20.01154
       7.44180      20.01155
       7.45190      20.01156
       7.46210      20.01157
       7.47230      20.01158
       7.48240      20.01159
       7.49260      20.01160
       7.50280      20.01161
       7.51290      20.01163
       7.52310      20.01163
       7.53330      20.01165
       7.54340      20.01166
       7.55360      20.01167
       7.56380      20.01168
       7.57390      20.01169
       7.58410      20.01170
       7.59420      20.01171
       7.60440      20.01172
       7.61460      20.01173
       7.62470      20.01174
       7.63490      20.01175
       7.64510      20.01176
       7.65520      20.01177
       7.66540      20.01178
       7.67560      20.01180
       7.68570      20.01181
       7.69590      20.01182
       7.70610      20.01183
       7.71620      20.01184
       7.72640      20.01185
       7.73650      20.01186
       7.74670      20.01187
       7.75690      20.01188
       7.76700      20.01189
       7.77720      20.01190
       7.78740      20.01192
       7.79750      20.01192
       7.80770      20.01194
       7.81790      20.01195
       7.82800      20.01196
       7.83820      20.01197
       7.84840      20.01198
       7.85850      20.01199
       7.86870      20.01200
       7.87890      20.01201
       7.88900      20.01202
       7.89920      20.01204
       7.90930      20.01205
       7.91950      20.01206
       7.92970      20.01207
       7.93980      20.01208
       7.95000      20.01209
       7.96020      20.01210
       7.97030      20.01211
       7.98050      20.01213
       7.99070      20.01214
       8.00080      20.01215
       8.01100      20.01216
       8.02120      20.01217
       8.03130      20.01218
       8.04150      20.01219
       8.05160      20.01220
       8.06180      20.01221
       8.07200      20.01223
       8.08210      20.01224
       8.09230      20.01225
       8.10250      20.01226
       8.11260      20.01227
       8.12280      20.01228
       8.13300      20.01229
       8.14310      20.01231
       8.15330      20.01232
       8.16350      20.01233
       8.17360      20.01234
       8.18380      20.01235
       8.19400      20.01236
       8.20410      20.01237
       8.21430      20.01239
       8.22440      20.01240
       8.23460      20.01241
       8.24480      20.01242
       8.25490      20.01243
       8.26510      20.01245
       8.27530      20.01246
       8.28540      20.01247
       8.29560      20.01248
       8.30580      20.01249
       8.31590      20.01250
       8.32610      20.01252
       8.33630      20.01253
       8.34640      20.01254
       8.35660      20.01255
       8.36670      20.01256
       8.37690      20.01258
       8.38710      20.01259
       8.39720      20.01260
       8.40740      20.01261
       8.41760      20.01262
       8.42770      20.01263
       8.43790      20.01265
       8.44810      20.01266
       8.45820      20.01267
       8.46840      20.01268
       8.47860      20.01269
       8.48870      20.01271
       8.49890      20.01272
       8.50910      20.01273
       8.51920      20.01274
       8.52940      20.01275
       8.53950      20.01277
       8.54970      20.01278
       8.55990      20.01279
       8.57000      20.01280
       8.58020      20.01282
       8.59040      20.01283
       8.60050      20.01284
       8.61070      20.01285
       8.62090      20.01286
       8.63100      20.01288
       8.64120      20.01289
       8.65140      20.01290
       8.66150      20.01291
       8.67170      20.01293
       8.68180      20.01294
       8.69200      20.01295
       8.70220      20.01296
       8.71230      20.01298
       8.72250      20.01299
       8.73270      20.01300
       8.74280      20.01301
       8.75300      20.01303
       8.76320      20.01304
       8.77330      20.01305
       8.78350      20.01306
       8.79370      20.01307
       8.80380      20.01309
       8.81400      20.01310
       8.82420      20.01311
       8.83430      20.01312
       8.84450      20.01314
       8.85460      20.01315
       8.86480      20.01316
       8.87500      20.01318
       8.88510      20.01319
       8.89530      20.01320
       8.90550      20.01321
       8.91560      20.01323
       8.92580      20.01324
       8.93600      20.01325
       8.94610      20.01327
       8.95630      20.01328
       8.96650      20.01329
       8.97660      20.01330
       8.98680      20.01332
       8.99690      20.01333
       9.00710      20.01334
       9.01730      20.01336
       9.02740      20.01337
       9.03760      20.01338
       9.04780      20.01340
       9.05790      20.01341
       9.06810      20.01342
       9.07830      20.01343
       9.08840      20.01345
       9.09860      20.01346
       9.10880      20.01347
       9.11890      20.01349
       9.12910      20.01350
       9.13930      20.01351
       9.14940      20.01353
       9.15960      20.01354
       9.16970      20.01355
       9.17990      20.01357
       9.19010      20.01358
       9.20020      20.01359
       9.21040      20.01361
       9.22060      20.01362
       9.23070      20.01363
       9.24090      20.01365
       9.25110      20.01366
       9.26120      20.01367
       9.27140      20.01369
       9.28160      20.01370
       9.29170      20.01371
       9.30190      20.01373
       9.31200      20.01374
       9.32220      20.01375
       9.33240      20.01377
       9.34250      20.01378
       9.35270      20.01379
       9.36290      20.01381
       9.37300      20.01382
       9.38320      20.01384
       9.39340      20.01385
       9.40350      20.01386
       9.41370      20.01388
       9.42390      20.01389
       9.43400      20.01390
       9.44420      20.01392
       9.45440      20.01393
       9.46450      20.01394
       9.47470      20.01396
       9.48480      20.01397
       9.49500      20.01399
       9.50520      20.01400
       9.51530      20.01402
       9.52550      20.01403
       9.53570      20.01404
       9.54580      20.01406
       9.55600      20.01407
       9.56620      20.01409
       9.57630      20.01410
       9.58650      20.01411
       9.59670      20.01413
       9.60680      20.01414
       9.61700      20.01415
       9.62710      20.01417
       9.63730      20.01418
       9.64750      20.01420
       9.65760      20.01421
       9.66780      20.01423
       9.67800      20.01424
       9.68810      20.01426
       9.69830      20.01427
       9.70850      20.01428
       9.71860      20.01430
       9.72880      20.01431
       9.73900      20.01433
       9.74910      20.01434
       9.75930      20.01435
       9.76940      20.01437
       9.77960      20.01439
       9.78980      20.01440
       9.79990      20.01441
       9.81010      20.01443
       9.82030      20.01444
       9.83040      20.01446
       9.84060      20.01447
       9.85080      20.01449
       9.86090      20.01450
       9.87110      20.01451
       9.88130      20.01453
       9.89140      20.01455
       9.90160      20.01456
       9.91180      20.01457
       9.92190      20.01459
       9.93210      20.01460
       9.94220      20.01462
       9.95240      20.01463
       9.96260      20.01465
       9.97270      20.01466
       9.98290      20.01468
       9.99310      20.01469
      10.00320      20.01471
      10.01340      20.01472
      10.02360      20.01474
      10.03370      20.01475
      10.04390      20.01477
      10.05410      20.01478
      10.06420      20.01480
      10.07440      20.01481
      10.08450      20.01483
      10.09470      20.01484
      10.10490      20.01486
      10.11500      20.01488
      10.12520      20.01489
      10.13540      20.01491
      10.14550      20.01492
      10.15570      20.01494
      10.16590      20.01495
      10.17600      20.01497
      10.18620      20.01498
      10.19640      20.01500
      10.20650      20.01501
      10.21670      20.01503
      10.22690      20.01505
      10.23700      20.01506
      10.24720      20.01508
      10.25730      20.01509
      10.26750      20.01511
      10.27770      20.01512
      10.28780      20.01514
      10.29800      20.01515
      10.30820      20.01517
      10.31830      20.01518
      10.32850      20.01520
      10.33870      20.01522
      10.34880      20.01523
      10.35900      20.01525
      10.36920      20.01526
      10.37930      20.01528
      10.38950      20.01530
      10.39960      20.01531
      10.40980      20.01533
      10.42000      20.01534
      10.43010      20.01536
      10.44030      20.01538
      10.45050      20.01539
      10.46060      20.01541
      10.47080      20.01542
      10.48100      20.01544
      10.49110      20.01546
      10.50130      20.01547
      10.51150      20.01549
      10.52160      20.01550
      10.53180      20.01552
      10.54200      20.01554
      10.55210      20.01555
      10.56230      20.01557
      10.57240      20.01558
      10.58260      20.01560
      10.59280      20.01562
      10.60290      20.01563
      10.61310      20.01565
      10.62330      20.01567
      10.63340      20.01568
      10.64360      20.01570
      10.65380      20.01572
      10.66390      20.01573
      10.67410      20.01575
      10.68430      20.01577
      10.69440      20.01578
      10.70460      20.01580
      10.71470      20.01582
      10.72490      20.01583
      10.73510      20.01585
      10.74520      20.01587
      10.75540      20.01588
      10.76560      20.01590
      10.77570      20.01592
      10.78590      20.01593
      10.79610      20.01595
      10.80620      20.01597
      10.81640      20.01599
      10.82660      20.01600
      10.83670      20.01602
      10.84690      20.01604
      10.85710      20.01605
      10.86720      20.01607
      10.87740      20.01609
      10.88750      20.01611
      10.89770      20.01612
      10.90790      20.01614
      10.91800      20.01616
      10.92820      20.01617
      10.93840      20.01619
      10.94850      20.01621
      10.95870      20.01623
      10.96890      20.01624
      10.97900      20.01626
      10.98920      20.01628
      10.99940      20.01630
      11.00950      20.01631
      11.01970      20.01633
      11.02980      20.01635
      11.04000      20.01637
      11.05020      20.01638
      11.06030      20.01640
      11.07050      20.01642
      11.08070      20.01644
      11.09080      20.01645
      11.10100      20.01647
      11.11120      20.01649
      11.12130      20.01651
      11.13150      20.01653
      11.14170      20.01654
      11.15180      20.01656
      11.16200      20.01658
      11.17220      20.01660
      11.18230      20.01661
      11.19250      20.01663
      11.20260      20.01665
      11.21280      20.01667
      11.22300      20.01669
      11.23310      20.01670
      11.24330      20.01672
      11.25350      20.01674
      11.26360      20.01676
      11.27380      20.01678
      11.28400      20.01680
      11.29410      20.01681
      11.30430      20.01683
      11.31450      20.01685
      11.32460      20.01687
      11.33480      20.01689
      11.34490      20.01691
      11.35510      20.01692
      11.36530      20.01694
      11.37540      20.01696
      11.38560      20.01698
      11.39580      20.01700
      11.40590      20.01702
      11.41610      20.01704
      11.42630      20.01706
      11.43640      20.01707
      11.44660      20.01709
      11.45680      20.01711
      11.46690      20.01713
      11.47710      20.01715
      11.48730      20.01717
      11.49740      20.01719
      11.50760      20.01721
      11.51770      20.01723
      11.52790      20.01724
      11.53810      20.01726
      11.54820      20.01728
      11.55840      20.01730
      11.56860      20.01732
      11.57870      20.01734
      11.58890      20.01736
      11.59910      20.01738
      11.60920      20.01740
      11.61940      20.01742
      11.62960      20.01744
      11.63970      20.01745
      11.64990      20.01747
      11.66000      20.01749
      11.67020      20.01751
      11.68040      20.01753
      11.69050      20.01755
      11.70070      20.01757
      11.71090      20.01759
      11.72100      20.01761
      11.73120      20.01763
      11.74140      20.01765
      11.75150      20.01767
      11.76170      20.01769
      11.77190      20.01771
      11.78200      20.01773
      11.79220      20.01775
      11.80230      20.01777
      11.81250      20.01779
      11.82270      20.01781
      11.83280      20.01783
      11.84300      20.01785
      11.85320      20.01787
      11.86330      20.01789
      11.87350      20.01791
      11.88370      20.01793
      11.89380      20.01795
      11.90400      20.01797
      11.91420      20.01799
      11.92430      20.01801
      11.93450      20.01803
      11.94470      20.01805
      11.95480      20.01807
      11.96500      20.01809
      11.97510      20.01811
      11.98530      20.01813
      11.99550      20.01815
      12.00560      20.01817
      12.01580      20.01819
      12.02600      20.01822
      12.03610      20.01823
      12.04630      20.01826
      12.05650      20.01828
      12.06660      20.01830
      12.07680      20.01832
      12.08700      20.01834
      12.09710      20.01836
      12.10730      20.01838
      12.11740      20.01840
      12.12760      20.01842
      12.13780      20.01844
      12.14790      20.01847
      12.15810      20.01849
      12.16830      20.01851
      12.17840      20.01853
      12.18860      20.01855
      12.19880      20.01857
      12.20890      20.01859
      12.21910      20.01861
      12.22930      20.01863
      12.23940      20.01866
      12.24960      20.01868
      12.25980      20.01870
      12.26990      20.01872
      12.28010      20.01874
      12.29020      20.01876
      12.30040      20.01879
      12.31060      20.01881
      12.32070      20.01883
      12.33090      20.01885
      12.34110      20.01887
      12.35120      20.01889
      12.36140      20.01892
      12.37160      20.01894
      12.38170      20.01896
      12.39190      20.01898
      12.40210      20.01900
      12.41220      20.01903
      12.42240      20.01905
      12.43250      20.01907
      12.44270      20.01909
      12.45290      20.01911
      12.46300      20.01914
      12.47320      20.01916
      12.48340      20.01918
      12.49350      20.01920
      12.50370      20.01922
      12.51390      20.01925
      12.52400      20.01927
      12.53420      20.01929
      12.54440      20.01932
      12.55450      20.01934
      12.56470      20.01936
      12.57490      20.01938
      12.58500      20.01941
      12.59520      20.01943
      12.60530      20.01945
      12.61550      20.01947
      12.62570      20.01950
      12.63580      20.01952
      12.64600      20.01954
      12.65620      20.01957
      12.66630      20.01959
      12.67650      20.01961
      12.68670      20.01963
      12.69680      20.01966
      12.70700      20.01968
      12.71720      20.01970
      12.72730      20.01973
      12.73750      20.01975
      12.74760      20.01977
      12.75780      20.01980
      12.76800      20.01982
      12.77810      20.01984
      12.78830      20.01987
      12.79850      20.01989
      12.80860      20.01991
      12.81880      20.01994
      12.82900      20.01996
      12.83910      20.01999
      12.84930      20.02001
      12.85950      20.02003
      12.86960      20.02006
      12.87980      20.02008
      12.89000      20.02011
      12.90010      20.02013
      12.91030      20.02015
      12.92040      20.02018
      12.93060      20.02020
      12.94080      20.02023
      12.95090      20.02025
      12.96110      20.02027
      12.97130      20.02030
      12.98140      20.02032
      12.99160      20.02035
      13.00180      20.02037
      13.01190      20.02040
      13.02210      20.02042
      13.03230      20.02044
      13.04240      20.02047
      13.05260      20.02049
      13.06270      20.02052
      13.07290      20.02054
      13.08310      20.02057
      13.09320      20.02059
      13.10340      20.02062
      13.11360      20.02064
      13.12370      20.02067
      13.13390      20.02069
      13.14410      20.02072
      13.15420      20.02074
      13.16440      20.02077
      13.17460      20.02079
      13.18470      20.02082
      13.19490      20.02084
      13.20510      20.02087
      13.21520      20.02089
      13.22540      20.02092
      13.23550      20.02094
      13.24570      20.02097
      13.25590      20.02099
      13.26600      20.02102
      13.27620      20.02105
      13.28640      20.02107
      13.29650      20.02110
      13.30670      20.02112
      13.31690      20.02115
      13.32700      20.02118
      13.33720      20.02120
      13.34740      20.02123
      13.35750      20.02125
      13.36770      20.02128
      13.37780      20.02131
      13.38800      20.02133
      13.39820      20.02136
      13.40830      20.02138
      13.41850      20.02141
      13.42870      20.02144
      13.43880      20.02146
      13.44900      20.02149
      13.45920      20.02151
      13.46930      20.02154
      13.47950      20.02157
      13.48970      20.02160
      13.49980      20.02162
      13.51000      20.02165
      13.52010      20.02168
      13.53030      20.02170
      13.54050      20.02173
      13.55060      20.02176
      13.56080      20.02178
      13.57100      20.02181
      13.58110      20.02184
      13.59130      20.02186
      13.60150      20.02189
      13.61160      20.02192
      13.62180      20.02195
      13.63200      20.02197
      13.64210      20.02200
      13.65230      20.02203
      13.66250      20.02205
      13.67260      20.02208
      13.68280      20.02211
      13.69290      20.02214
      13.70310      20.02217
      13.71330      20.02219
      13.72340      20.02222
      13.73360      20.02225
      13.74380      20.02228
      13.75390      20.02230
      13.76410      20.02233
      13.77430      20.02236
      13.78440      20.02239
      13.79460      20.02242
      13.80480      20.02245
      13.81490      20.02247
      13.82510      20.02250
      13.83520      20.02253
      13.84540      20.02256
      13.85560      20.02259
      13.86570      20.02262
      13.87590      20.02264
      13.88610      20.02267
      13.89620      20.02270
      13.90640      20.02273
      13.91660      20.02276
      13.92670      20.02279
      13.93690      20.02282
      13.94710      20.02285
      13.95720      20.02287
      13.96740      20.02290
      13.97760      20.02293
      13.98770      20.02296
      13.99790      20.02299
      14.00800      20.02302
      14.01820      20.02305
      14.02840      20.02308
      14.03850      20.02311
      14.04870      20.02314
      14.05890      20.02317
      14.06900      20.02320
      14.07920      20.02323
      14.08940      20.02326
      14.09950      20.02329
      14.10970      20.02332
      14.11990      20.02335
      14.13000      20.02338
      14.14020      20.02341
      14.15030      20.02344
      14.16050      20.02347
      14.17070      20.02350
      14.18080      20.02353
      14.19100      20.02356
      14.20120      20.02359
      14.21130      20.02362
      14.22150      20.02365
      14.23170      20.02368
      14.24180      20.02371
      14.25200      20.02374
      14.26220      20.02377
      14.27230      20.02380
      14.28250      20.02383
      14.29270      20.02386
      14.30280      20.02390
      14.31300      20.02393
      14.32310      20.02396
      14.33330      20.02399
      14.34350      20.02402
      14.35360      20.02405
      14.36380      20.02408
      14.37400      20.02411
      14.38410      20.02415
      14.39430      20.02418
      14.40450      20.02421
      14.41460      20.02424
      14.42480      20.02427
      14.43500      20.02430
      14.44510      20.02433
      14.45530      20.02437
      14.46540      20.02440
      14.47560      20.02443
      14.48580      20.02446
      14.49590      20.02449
      14.50610      20.02453
      14.51630      20.02456
      14.52640      20.02459
      14.53660      20.02462
      14.54680      20.02466
      14.55690      20.02469
      14.56710      20.02472
      14.57730      20.02476
      14.58740      20.02479
      14.59760      20.02482
      14.60780      20.02485
      14.61790      20.02489
      14.62810      20.02492
      14.63820      20.02495
      14.64840      20.02498
      14.65860      20.02502
      14.66870      20.02505
      14.67890      20.02509
      14.68910      20.02512
      14.69920      20.02515
      14.70940      20.02518
      14.71960      20.02522
      14.72970      20.02525
      14.73990      20.02529
      14.75010      20.02532
      14.76020      20.02535
      14.77040      20.02539
      14.78050      20.02542
      14.79070      20.02546
      14.80090      20.02549
      14.81100      20.02552
      14.82120      20.02556
      14.83140      20.02559
      14.84150      20.02563
      14.85170      20.02566
      14.86190      20.02570
      14.87200      20.02573
      14.88220      20.02576
      14.89240      20.02580
      14.90250      20.02584
      14.91270      20.02587
      14.92290      20.02590
      14.93300      20.02594
      14.94320      20.02597
      14.95330      20.02601
      14.96350      20.02604
      14.97370      20.02608
      14.98380      20.02612
      14.99400      20.02615
      15.00420      20.02619
      15.01430      20.02622
      15.02450      20.02626
      15.03470      20.02629
      15.04480      20.02633
      15.05500      20.02637
      15.06520      20.02640
      15.07530      20.02644
      15.08550      20.02647
      15.09560      20.02651
      15.10580      20.02655
      15.11600      20.02658
      15.12610      20.02662
      15.13630      20.02666
      15.14650      20.02669
      15.15660      20.02673
      15.16680      20.02676
      15.17700      20.02680
      15.18710      20.02684
      15.19730      20.02687
      15.20750      20.02691
      15.21760      20.02695
      15.22780      20.02699
      15.23800      20.02702
      15.24810      20.02706
      15.25830      20.02710
      15.26840      20.02714
      15.27860      20.02717
      15.28880      20.02721
      15.29890      20.02725
      15.30910      20.02729
      15.31930      20.02732
      15.32940      20.02736
      15.33960      20.02740
      15.34980      20.02744
      15.35990      20.02748
      15.37010      20.02752
      15.38030      20.02755
      15.39040      20.02759
      15.40060      20.02763
      15.41070      20.02767
      15.42090      20.02771
      15.43110      20.02775
      15.44120      20.02778
      15.45140      20.02782
      15.46160      20.02786
      15.47170      20.02790
      15.48190      20.02794
      15.49210      20.02798
      15.50220      20.02802
      15.51240      20.02806
      15.52260      20.02810
      15.53270      20.02814
      15.54290      20.02818
      15.55300      20.02822
      15.56320      20.02826
      15.57340      20.02830
      15.58350      20.02834
      15.59370      20.02838
      15.60390      20.02842
      15.61400      20.02846
      15.62420      20.02850
      15.63440      20.02854
      15.64450      20.02858
      15.65470      20.02862
      15.66490      20.02866
      15.67500      20.02870
      15.68520      20.02874
      15.69540      20.02878
      15.70550      20.02882
      15.71570      20.02886
      15.72580      20.02891
      15.73600      20.02895
      15.74620      20.02899
      15.75630      20.02903
      15.76650      20.02907
      15.77670      20.02911
      15.78680      20.02915
      15.79700      20.02920
      15.80720      20.02924
      15.81730      20.02928
      15.82750      20.02932
      15.83770      20.02936
      15.84780      20.02941
      15.85800      20.02945
      15.86810      20.02949
      15.87830      20.02953
      15.88850      20.02958
      15.89860      20.02962
      15.90880      20.02966
      15.91900      20.02971
      15.92910      20.02975
      15.93930      20.02979
      15.94950      20.02983
      15.95960      20.02988
      15.96980      20.02992
      15.98000      20.02996
      15.99010      20.03001
      16.00030      20.03005
      16.01050      20.03010
      16.02060      20.03014
      16.03080      20.03018
      16.04090      20.03023
      16.05110      20.03027
      16.06130      20.03032
      16.07140      20.03036
      16.08160      20.03040
      16.09180      20.03045
      16.10190      20.03049
      16.11210      20.03054
      16.12230      20.03058
      16.13240      20.03063
      16.14260      20.03067
      16.15280      20.03072
      16.16290      20.03076
      16.17310      20.03081
      16.18320      20.03085
      16.19340      20.03090
      16.20360      20.03094
      16.21370      20.03099
      16.22390      20.03104
      16.23410      20.03108
      16.24420      20.03113
      16.25440      20.03117
      16.26460      20.03122
      16.27470      20.03127
      16.28490      20.03131
      16.29510      20.03136
      16.30520      20.03141
      16.31540      20.03145
      16.32560      20.03150
      16.33570      20.03155
      16.34590      20.03159
      16.35600      20.03164
      16.36620      20.03169
      16.37640      20.03174
      16.38650      20.03178
      16.39670      20.03183
      16.40690      20.03188
      16.41700      20.03193
      16.42720      20.03197
      16.43740      20.03202
      16.44750      20.03207
      16.45770      20.03212
      16.46790      20.03217
      16.47800      20.03222
      16.48820      20.03226
      16.49830      20.03231
      16.50850      20.03236
      16.51870      20.03241
      16.52880      20.03246
      16.53900      20.03251
      16.54920      20.03256
      16.55930      20.03261
      16.56950      20.03266
      16.57970      20.03271
      16.58980      20.03275
      16.60000      20.03280
      16.61020      20.03285
      16.62030      20.03290
      16.63050      20.03296
      16.64070      20.03300
      16.65080      20.03305
      16.66100      20.03311
      16.67110      20.03316
      16.68130      20.03321
      16.69150      20.03326
      16.70160      20.03331
      16.71180      20.03336
      16.72200      20.03341
      16.73210      20.03346
      16.74230      20.03351
      16.75250      20.03357
      16.76260      20.03362
      16.77280      20.03367
      16.78300      20.03372
      16.79310      20.03377
      16.80330      20.03382
      16.81340      20.03388
      16.82360      20.03393
      16.83380      20.03398
      16.84390      20.03403
      16.85410      20.03409
      16.86430      20.03414
      16.87440      20.03419
      16.88460      20.03424
      16.89480      20.03430
      16.90490      20.03435
      16.91510      20.03440
      16.92530      20.03446
      16.93540      20.03451
      16.94560      20.03457
      16.95580      20.03462
      16.96590      20.03467
      16.97610      20.03473
      16.98620      20.03478
      16.99640      20.03484
      17.00660      20.03489
      17.01670      20.03495
      17.02690      20.03500
      17.03710      20.03506
      17.04720      20.03511
      17.05740      20.03517
      17.06760      20.03522
      17.07770      20.03528
      17.08790      20.03533
      17.09810      20.03539
      17.10820      20.03544
      17.11840      20.03550
      17.12850      20.03556
      17.13870      20.03561
      17.14890      20.03567
      17.15900      20.03572
      17.16920      20.03578
      17.17940      20.03584
      17.18950      20.03590
      17.19970      20.03595
      17.20990      20.03601
      17.22000      20.03607
      17.23020      20.03613
      17.24040      20.03618
      17.25050      20.03624
      17.26070      20.03630
      17.27090      20.03636
      17.28100      20.03642
      17.29120      20.03647
      17.30130      20.03653
      17.31150      20.03659
      17.32170      20.03665
      17.33180      20.03671
      17.34200      20.03677
      17.35220      20.03683
      17.36230      20.03688
      17.37250      20.03694
      17.38270      20.03700
      17.39280      20.03706
      17.40300      20.03712
      17.41320      20.03718
      17.42330      20.03724
      17.43350      20.03730
      17.44360      20.03736
      17.45380      20.03742
      17.46400      20.03749
      17.47410      20.03755
      17.48430      20.03761
      17.49450      20.03767
      17.50460      20.03773
      17.51480      20.03779
      17.52500      20.03785
      17.53510      20.03791
      17.54530      20.03798
      17.55550      20.03804
      17.56560      20.03810
      17.57580      20.03816
      17.58590      20.03823
      17.59610      20.03829
      17.60630      20.03835
      17.61640      20.03841
      17.62660      20.03848
      17.63680      20.03854
      17.64690      20.03860
      17.65710      20.03867
      17.66730      20.03873
      17.67740      20.03880
      17.68760      20.03886
      17.69780      20.03893
      17.70790      20.03899
      17.71810      20.03905
      17.72830      20.03912
      17.73840      20.03918
      17.74860      20.03925
      17.75870      20.03931
      17.76890      20.03938
      17.77910      20.03944
      17.78920      20.03951
      17.79940      20.03958
      17.80960      20.03964
      17.81970      20.03971
      17.82990      20.03977
      17.84010      20.03984
      17.85020      20.03991
      17.86040      20.03997
      17.87060      20.04004
      17.88070      20.04011
      17.89090      20.04018
      17.90100      20.04024
      17.91120      20.04031
      17.92140      20.04038
      17.93150      20.04045
      17.94170      20.04052
      17.95190      20.04058
      17.96200      20.04065
      17.97220      20.04072
      17.98240      20.04079
      17.99250      20.04086
      18.00270      20.04093
      18.01290      20.04100
      18.02300      20.04107
      18.03320      20.04114
      18.04340      20.04121
      18.05350      20.04128
      18.06370      20.04135
      18.07380      20.04142
      18.08400      20.04149
      18.09420      20.04156
      18.10430      20.04163
      18.11450      20.04170
      18.12470      20.04177
      18.13480      20.04185
      18.14500      20.04192
      18.15520      20.04199
      18.16530      20.04206
      18.17550      20.04213
      18.18570      20.04221
      18.19580      20.04228
      18.20600      20.04235
      18.21610      20.04243
      18.22630      20.04250
      18.23650      20.04257
      18.24660      20.04264
      18.25680      20.04272
      18.26700      20.04279
      18.27710      20.04287
      18.28730      20.04294
      18.29750      20.04302
      18.30760      20.04309
      18.31780      20.04317
      18.32800      20.04324
      18.33810      20.04332
      18.34830      20.04339
      18.35850      20.04347
      18.36860      20.04354
      18.37880      20.04362
      18.38890      20.04370
      18.39910      20.04377
      18.40930      20.04385
      18.41940      20.04393
      18.42960      20.04400
      18.43980      20.04408
      18.44990      20.04416
      18.46010      20.04424
      18.47030      20.04432
      18.48040      20.04439
      18.49060      20.04447
      18.50080      20.04455
      18.51090      20.04463
      18.52110      20.04471
      18.53120      20.04479
      18.54140      20.04487
      18.55160      20.04495
      18.56170      20.04503
      18.57190      20.04511
      18.58210      20.04519
      18.59220      20.04527
      18.60240      20.04535
      18.61260      20.04543
      18.62270      20.04551
      18.63290      20.04559
      18.64310      20.04567
      18.65320      20.04576
      18.66340      20.04584
      18.67360      20.04592
      18.68370      20.04600
      18.69390      20.04608
      18.70400      20.04617
      18.71420      20.04625
      18.72440      20.04633
      18.73450      20.04642
      18.74470      20.04650
      18.75490      20.04659
      18.76500      20.04667
      18.77520      20.04675
      18.78540      20.04684
      18.79550      20.04692
      18.80570      20.04701
      18.81590      20.04709
      18.82600      20.04718
      18.83620      20.04727
      18.84630      20.04735
      18.85650      20.04744
      18.86670      20.04753
      18.87680      20.04761
      18.88700      20.04770
      18.89720      20.04779
      18.90730      20.04787
      18.91750      20.04796
      18.92770      20.04805
      18.93780      20.04814
      18.94800      20.04823
      18.95820      20.04832
      18.96830      20.04840
      18.97850      20.04849
      18.98870      20.04858
      18.99880      20.04867
      19.00900      20.04876
      19.01910      20.04885
      19.02930      20.04894
      19.03950      20.04903
      19.04960      20.04912
      19.05980      20.04922
      19.07000      20.04931
      19.08010      20.04940
      19.09030      20.04949
      19.10050      20.04958
      19.11060      20.04967
      19.12080      20.04977
      19.13100      20.04986
      19.14110      20.04996
      19.15130      20.05005
      19.16140      20.05014
      19.17160      20.05024
      19.18180      20.05033
      19.19190      20.05042
      19.20210      20.05052
      19.21230      20.05062
      19.22240      20.05071
      19.23260      20.05081
      19.24280      20.05090
      19.25290      20.05100
      19.26310      20.05110
      19.27330      20.05119
      19.28340      20.05129
      19.29360      20.05139
      19.30380      20.05149
      19.31390      20.05158
      19.32410      20.05168
      19.33420      20.05178
      19.34440      20.05188
      19.35460      20.05198
      19.36470      20.05207
      19.37490      20.05218
      19.38510      20.05227
      19.39520      20.05237
      19.40540      20.05247
      19.41560      20.05258
      19.42570      20.05268
      19.43590      20.05278
      19.44610      20.05288
      19.45620      20.05298
      19.46640      20.05308
      19.47650      20.05318
      19.48670      20.05329
      19.49690      20.05339
      19.50700      20.05350
      19.51720      20.05360
      19.52740      20.05370
      19.53750      20.05381
      19.54770      20.05391
      19.55790      20.05402
      19.56800      20.05412
      19.57820      20.05423
      19.58840      20.05433
      19.59850      20.05444
      19.60870      20.05454
      19.61880      20.05465
      19.62900      20.05476
      19.63920      20.05487
      19.64930      20.05497
      19.65950      20.05508
      19.66970      20.05519
      19.67980      20.05530
      19.69000      20.05541
      19.70020      20.05552
      19.71030      20.05563
      19.72050      20.05574
      19.73070      20.05585
      19.74080      20.05596
      19.75100      20.05607
      19.76120      20.05618
      19.77130      20.05629
      19.78150      20.05640
      19.79160      20.05651
      19.80180      20.05663
      19.81200      20.05674
      19.82210      20.05685
      19.83230      20.05696
      19.84250      20.05708
      19.85260      20.05719
      19.86280      20.05731
      19.87300      20.05742
      19.88310      20.05754
      19.89330      20.05765
      19.90350      20.05777
      19.91360      20.05789
      19.92380      20.05800
      19.93390      20.05812
      19.94410      20.05824
      19.95430      20.05836
      19.96440      20.05847
      19.97460      20.05859
      19.98480      20.05871
      19.99490      20.05883
      20.00510      20.05895
      20.01530      20.05907
      20.02540      20.05919
      20.03560      20.05931
      20.04580      20.05943
      20.05590      20.05955
      20.06610      20.05967
      20.07630      20.05980
      20.08640      20.05992
      20.09660      20.06004
      20.10670      20.06016
      20.11690      20.06029
      20.12710      20.06041
      20.13720      20.06053
      20.14740      20.06066
      20.15760      20.06078
      20.16770      20.06091
      20.17790      20.06104
      20.18810      20.06116
      20.19820      20.06129
      20.20840      20.06141
      20.21860      20.06154
      20.22870      20.06167
      20.23890      20.06180
      20.24900      20.06193
      20.25920      20.06206
      20.26940      20.06219
      20.27950      20.06231
      20.28970      20.06244
      20.29990      20.06258
      20.31000      20.06271
      20.32020      20.06284
      20.33040      20.06297
      20.34050      20.06310
      20.35070      20.06323
      20.36090      20.06337
      20.37100      20.06350
      20.38120      20.06363
      20.39140      20.06377
      20.40150      20.06390
      20.41170      20.06404
      20.42180      20.06417
      20.43200      20.06431
      20.44220      20.06445
      20.45230      20.06458
      20.46250      20.06472
      20.47270      20.06486
      20.48280      20.06500
      20.49300      20.06514
      20.50320      20.06528
      20.51330      20.06541
      20.52350      20.06555
      20.53370      20.06569
      20.54380      20.06583
      20.55400      20.06598
      20.56410      20.06612
      20.57430      20.06626
      20.58450      20.06640
      20.59460      20.06655
      20.60480      20.06669
      20.61500      20.06683
      20.62510      20.06698
      20.63530      20.06712
      20.64550      20.06727
      20.65560      20.06741
      20.66580      20.06756
      20.67600      20.06771
      20.68610      20.06785
      20.69630      20.06800
      20.70650      20.06815
      20.71660      20.06830
      20.72680      20.06845
      20.73690      20.06860
      20.74710      20.06875
      20.75730      20.06890
      20.76740      20.06905
      20.77760      20.06920
      20.78780      20.06936
      20.79790      20.06951
      20.80810      20.06966
      20.81830      20.06981
      20.82840      20.06997
      20.83860      20.07012
      20.84880      20.07028
      20.85890      20.07043
      20.86910      20.07059
      20.87920      20.07075
      20.88940      20.07091
      20.89960      20.07106
      20.90970      20.07122
      20.91990      20.07138
      20.93010      20.07154
      20.94020      20.07170
      20.95040      20.07186
      20.96060      20.07202
      20.97070      20.07218
      20.98090      20.07234
      20.99110      20.07251
      21.00120      20.07267
      21.01140      20.07283
      21.02160      20.07300
      21.03170      20.07316
      21.04190      20.07333
      21.05200      20.07349
      21.06220      20.07366
      21.07240      20.07383
      21.08250      20.07400
      21.09270      20.07416
      21.10290      20.07433
      21.11300      20.07450
      21.12320      20.07467
      21.13340      20.07484
      21.14350      20.07501
      21.15370      20.07519
      21.16390      20.07536
      21.17400      20.07553
      21.18420      20.07570
      21.19430      20.07588
      21.20450      20.07605
      21.21470      20.07623
      21.22480      20.07640
      21.23500      20.07658
      21.24520      20.07676
      21.25530      20.07693
      21.26550      20.07711
      21.27570      20.07729
      21.28580      20.07747
      21.29600      20.07765
      21.30620      20.07783
      21.31630      20.07801
      21.32650      20.07820
      21.33660      20.07838
      21.34680      20.07856
      21.35700      20.07874
      21.36710      20.07893
      21.37730      20.07911
      21.38750      20.07930
      21.39760      20.07949
      21.40780      20.07967
      21.41800      20.07986
      21.42810      20.08005
      21.43830      20.08024
      21.44850      20.08043
      21.45860      20.08062
      21.46880      20.08081
      21.47900      20.08101
      21.48910      20.08120
      21.49930      20.08139
      21.50940      20.08158
      21.51960      20.08178
      21.52980      20.08197
      21.53990      20.08217
      21.55010      20.08237
      21.56030      20.08256
      21.57040      20.08276
      21.58060      20.08296
      21.59080      20.08316
      21.60090      20.08336
      21.61110      20.08356
      21.62130      20.08376
      21.63140      20.08396
      21.64160      20.08417
      21.65170      20.08437
      21.66190      20.08458
      21.67210      20.08478
      21.68220      20.08499
      21.69240      20.08519
      21.70260      20.08540
      21.71270      20.08561
      21.72290      20.08582
      21.73310      20.08603
      21.74320      20.08624
      21.75340      20.08645
      21.76360      20.08666
      21.77370      20.08687
      21.78390      20.08709
      21.79410      20.08731
      21.80420      20.08752
      21.81440      20.08773
      21.82450      20.08795
      21.83470      20.08817
      21.84490      20.08839
      21.85500      20.08861
      21.86520      20.08883
      21.87540      20.08905
      21.88550      20.08927
      21.89570      20.08949
      21.90590      20.08972
      21.91600      20.08994
      21.92620      20.09016
      21.93640      20.09039
      21.94650      20.09062
      21.95670      20.09085
      21.96680      20.09107
      21.97700      20.09130
      21.98720      20.09153
      21.99730      20.09176
      22.00750      20.09200
      22.01770      20.09223
      22.02780      20.09246
      22.03800      20.09270
      22.04820      20.09293
      22.05830      20.09317
      22.06850      20.09340
      22.07870      20.09364
      22.08880      20.09388
      22.09900      20.09412
      22.10920      20.09436
      22.11930      20.09460
      22.12950      20.09485
      22.13960      20.09509
      22.14980      20.09533
      22.16000      20.09558
      22.17010      20.09583
      22.18030      20.09607
      22.19050      20.09632
      22.20060      20.09657
      22.21080      20.09682
      22.22100      20.09707
      22.23110      20.09732
      22.24130      20.09758
      22.25150      20.09783
      22.26160      20.09809
      22.27180      20.09834
      22.28190      20.09860
      22.29210      20.09886
      22.30230      20.09912
      22.31240      20.09937
      22.32260      20.09964
      22.33280      20.09990
      22.34290      20.10016
      22.35310      20.10043
      22.36330      20.10069
      22.37340      20.10096
      22.38360      20.10122
      22.39380      20.10149
      22.40390      20.10176
      22.41410      20.10203
      22.42430      20.10231
      22.43440      20.10258
      22.44460      20.10285
      22.45470      20.10312
      22.46490      20.10340
      22.47510      20.10368
      22.48520      20.10395
      22.49540      20.10423
      22.50560      20.10452
      22.51570      20.10480
      22.52590      20.10508
      22.53610      20.10536
      22.54620      20.10565
      22.55640      20.10593
      22.56660      20.10622
      22.57670      20.10651
      22.58690      20.10680
      22.59700      20.10709
      22.60720      20.10738
      22.61740      20.10767
      22.62750      20.10797
      22.63770      20.10826
      22.64790      20.10856
      22.65800      20.10886
      22.66820      20.10916
      22.67840      20.10946
      22.68850      20.10976
      22.69870      20.11006
      22.70890      20.11037
      22.71900      20.11067
      22.72920      20.11098
      22.73940      20.11129
      22.74950      20.11159
      22.75970      20.11190
      22.76980      20.11221
      22.78000      20.11253
      22.79020      20.11284
      22.80030      20.11316
      22.81050      20.11347
      22.82070      20.11379
      22.83080      20.11411
      22.84100      20.11443
      22.85120      20.11475
      22.86130      20.11508
      22.87150      20.11540
      22.88170      20.11573
      22.89180      20.11605
      22.90200      20.11638
      22.91210      20.11671
      22.92230      20.11704
      22.93250      20.11738
      22.94260      20.11771
      22.95280      20.11805
      22.96300      20.11839
      22.97310      20.11872
      22.98330      20.11906
      22.99350      20.11941
      23.00360      20.11975
      23.01380      20.12009
      23.02400      20.12044
      23.03410      20.12079
      23.04430      20.12114
      23.05450      20.12149
      23.06460      20.12184
      23.07480      20.12219
      23.08490      20.12255
      23.09510      20.12290
      23.10530      20.12326
      23.11540      20.12362
      23.12560      20.12398
      23.13580      20.12435
      23.14590      20.12471
      23.15610      20.12508
      23.16630      20.12544
      23.17640      20.12581
      23.18660      20.12618
      23.19680      20.12656
      23.20690      20.12693
      23.21710      20.12731
      23.22720      20.12768
      23.23740      20.12806
      23.24760      20.12844
      23.25770      20.12882
      23.26790      20.12921
      23.27810      20.12959
      23.28820      20.12998
      23.29840      20.13037
      23.30860      20.13076
      23.31870      20.13115
      23.32890      20.13155
      23.33910      20.13195
      23.34920      20.13234
      23.35940      20.13274
      23.36950      20.13314
      23.37970      20.13354
      23.38990      20.13395
      23.40000      20.13436
      23.41020      20.13477
      23.42040      20.13518
      23.43050      20.13559
      23.44070      20.13600
      23.45090      20.13642
      23.46100      20.13684
      23.47120      20.13726
      23.48140      20.13768
      23.49150      20.13810
      23.50170      20.13853
      23.51190      20.13896
      23.52200      20.13939
      23.53220      20.13982
      23.54230      20.14025
      23.55250      20.14069
      23.56270      20.14113
      23.57280      20.14156
      23.58300      20.14201
      23.59320      20.14245
      23.60330      20.14289
      23.61350      20.14334
      23.62370      20.14380
      23.63380      20.14425
      23.64400      20.14470
      23.65420      20.14516
      23.66430      20.14561
      23.67450      20.14608
      23.68460      20.14654
      23.69480      20.14700
      23.70500      20.14747
      23.71510      20.14794
      23.72530      20.14841
      23.73550      20.14889
      23.74560      20.14936
      23.75580      20.14984
      23.76600      20.15032
      23.77610      20.15080
      23.78630      20.15129
      23.79650      20.15178
      23.80660      20.15226
      23.81680      20.15276
      23.82700      20.15325
      23.83710      20.15375
      23.84730      20.15425
      23.85740      20.15475
      23.86760      20.15525
      23.87780      20.15576
      23.88790      20.15627
      23.89810      20.15678
      23.90830      20.15730
      23.91840      20.15781
      23.92860      20.15833
      23.93880      20.15885
      23.94890      20.15937
      23.95910      20.15990
      23.96930      20.16043
      23.97940      20.16096
      23.98960      20.16150
      23.99970      20.16203
      24.00990      20.16257
      24.02010      20.16312
      24.03020      20.16366
      24.04040      20.16421
      24.05060      20.16476
      24.06070      20.16531
      24.07090      20.16587
      24.08110      20.16643
      24.09120      20.16698
      24.10140      20.16755
      24.11160      20.16812
      24.12170      20.16869
      24.13190      20.16926
      24.14210      20.16984
      24.15220      20.17041
      24.16240      20.17100
      24.17250      20.17158
      24.18270      20.17217
      24.19290      20.17276
      24.20300      20.17335
      24.21320      20.17395
      24.22340      20.17455
      24.23350      20.17515
      24.24370      20.17575
      24.25390      20.17637
      24.26400      20.17697
      24.27420      20.17759
      24.28440      20.17821
      24.29450      20.17883
      24.30470      20.17945
      24.31480      20.18008
      24.32500      20.18071
      24.33520      20.18135
      24.34530      20.18198
      24.35550      20.18262
      24.36570      20.18327
      24.37580      20.18391
      24.38600      20.18457
      24.39620      20.18522
      24.40630      20.18588
      24.41650      20.18654
      24.42670      20.18721
      24.43680      20.18787
      24.44700      20.18855
      24.45720      20.18922
      24.46730      20.18990
      24.47750      20.19058
      24.48760      20.19127
      24.49780      20.19196
      24.50800      20.19265
      24.51810      20.19335
      24.52830      20.19405
      24.53850      20.19476
      24.54860      20.19546
      24.55880      20.19618
      24.56900      20.19690
      24.57910      20.19761
      24.58930      20.19834
      24.59950      20.19907
      24.60960      20.19979
      24.61980      20.20053
      24.62990      20.20127
      24.64010      20.20201
      24.65030      20.20276
      24.66040      20.20351
      24.67060      20.20427
      24.68080      20.20503
      24.69090      20.20580
      24.70110      20.20657
      24.71130      20.20734
      24.72140      20.20811
      24.73160      20.20890
      24.74180      20.20969
      24.75190      20.21047
      24.76210      20.21127
      24.77230      20.21207
      24.78240      20.21287
      24.79260      20.21368
      24.80270      20.21449
      24.81290      20.21531
      24.82310      20.21614
      24.83320      20.21696
      24.84340      20.21779
      24.85360      20.21863
      24.86370      20.21947
      24.87390      20.22032
      24.88410      20.22117
      24.89420      20.22202
      24.90440      20.22289
      24.91460      20.22376
      24.92470      20.22462
      24.93490      20.22550
      24.94500      20.22638
      24.95520      20.22726
      24.96540      20.22816
      24.97550      20.22905
      24.98570      20.22996
      24.99590      20.23087
      25.00600      20.23177
      25.01620      20.23269
      25.02640      20.23362
      25.03650      20.23454
      25.04670      20.23548
      25.05690      20.23643
      25.06700      20.23737
      25.07720      20.23832
      25.08740      20.23928
      25.09750      20.24024
      25.10770      20.24121
      25.11780      20.24218
      25.12800      20.24316
      25.13820      20.24415
      25.14830      20.24514
      25.15850      20.24614
      25.16870      20.24715
      25.17880      20.24816
      25.18900      20.24918
      25.19920      20.25021
      25.20930      20.25123
      25.21950      20.25227
      25.22970      20.25332
      25.23980      20.25436
      25.25000      20.25542
      25.26010      20.25648
      25.27030      20.25755
      25.28050      20.25863
      25.29060      20.25971
      25.30080      20.26081
      25.31100      20.26191
      25.32110      20.26301
      25.33130      20.26413
      25.34150      20.26525
      25.35160      20.26637
      25.36180      20.26751
      25.37200      20.26866
      25.38210      20.26980
      25.39230      20.27096
      25.40240      20.27212
      25.41260      20.27330
      25.42280      20.27448
      25.43290      20.27566
      25.44310      20.27687
      25.45330      20.27808
      25.46340      20.27928
      25.47360      20.28051
      25.48380      20.28175
      25.49390      20.28298
      25.50410      20.28423
      25.51430      20.28549
      25.52440      20.28675
      25.53460      20.28803
      25.54480      20.28932
      25.55490      20.29061
      25.56510      20.29191
      25.57520      20.29322
      25.58540      20.29455
      25.59560      20.29588
      25.60570      20.29722
      25.61590      20.29857
      25.62610      20.29994
      25.63620      20.30131
      25.64640      20.30269
      25.65660      20.30409
      25.66670      20.30549
      25.67690      20.30691
      25.68710      20.30834
      25.69720      20.30977
      25.70740      20.31122
      25.71750      20.31267
      25.72770      20.31415
      25.73790      20.31564
      25.74800      20.31713
      25.75820      20.31864
      25.76840      20.32016
      25.77850      20.32169
      25.78870      20.32324
      25.79890      20.32480
      25.80900      20.32636
      25.81920      20.32795
      25.82940      20.32956
      25.83950      20.33116
      25.84970      20.33279
      25.85990      20.33444
      25.87000      20.33608
      25.88020      20.33776
      25.89030      20.33943
      25.90050      20.34113
      25.91070      20.34285
      25.92080      20.34457
      25.93100      20.34632
      25.94120      20.34809
      25.95130      20.34986
      25.96150      20.35166
      25.97170      20.35348
      25.98180      20.35530
      25.99200      20.35715
      26.00220      20.35902
      26.01230      20.36090
      26.02250      20.36280
      26.03260      20.36471
      26.04280      20.36666
      26.05300      20.36862
      26.06310      20.37059
      26.07330      20.37259
      26.08350      20.37462
      26.09360      20.37665
      26.10380      20.37872
      26.11400      20.38081
      26.12410      20.38290
      26.13430      20.38504
      26.14450      20.38720
      26.15460      20.38936
      26.16480      20.39157
      26.17500      20.39380
      26.18510      20.39604
      26.19530      20.39832
      26.20540      20.40060
      26.21560      20.40294
      26.22580      20.40530
      26.23590      20.40766
      26.24610      20.41008
      26.25630      20.41253
      26.26640      20.41498
      26.27660      20.41748
      26.28680      20.42002
      26.29690      20.42255
      26.30710      20.42515
      26.31730      20.42778
      26.32740      20.43042
      26.33760      20.43311
      26.34770      20.43581
      26.35790      20.43858
      26.36810      20.44138
      26.37820      20.44419
      26.38840      20.44706
      26.39860      20.44997
      26.40870      20.45289
      26.41890      20.45588
      26.42910      20.45891
      26.43920      20.46195
      26.44940      20.46506
      26.45960      20.46822
      26.46970      20.47138
      26.47990      20.47462
      26.49010      20.47791
      26.50020      20.48121
      26.51040      20.48460
      26.52050      20.48799
      26.53070      20.49147
      26.54090      20.49500
      26.55100      20.49855
      26.56120      20.50218
      26.57140      20.50587
      26.58150      20.50957
      26.59170      20.51336
      26.60190      20.51722
      26.61200      20.52109
      26.62220      20.52506
      26.63240      20.52909
      26.64250      20.53315
      26.65270      20.53730
      26.66280      20.54148
      26.67300      20.54576
      26.68320      20.55012
      26.69330      20.55449
      26.70350      20.55898
      26.71370      20.56354
      26.72380      20.56813
      26.73400      20.57284
      26.74420      20.57762
      26.75430      20.58243
      26.76450      20.58737
      26.77470      20.59239
      26.78480      20.59744
      26.79500      20.60262
      26.80520      20.60789
      26.81530      20.61319
      26.82550      20.61864
      26.83560      20.62412
      26.84580      20.62974
      26.85600      20.63546
      26.86610      20.64122
      26.87630      20.64713
      26.88650      20.65314
      26.89660      20.65920
      26.90680      20.66541
      26.91700      20.67174
      26.92710      20.67810
      26.93730      20.68464
      26.94750      20.69129
      26.95760      20.69799
      26.96780      20.70487
      26.97790      20.71180
      26.98810      20.71892
      26.99830      20.72616
      27.00840      20.73345
      27.01860      20.74094
      27.02880      20.74856
      27.03890      20.75624
      27.04910      20.76413
      27.05930      20.77215
      27.06940      20.78023
      27.07960      20.78854
      27.08980      20.79699
      27.09990      20.80550
      27.11010      20.81424
      27.12020      20.82305
      27.13040      20.83210
      27.14060      20.84131
      27.15070      20.85059
      27.16090      20.86012
      27.17110      20.86982
      27.18120      20.87959
      27.19140      20.88963
      27.20160      20.89984
      27.21170      20.91013
      27.22190      20.92069
      27.23210      20.93145
      27.24220      20.94228
      27.25240      20.95341
      27.26260      20.96473
      27.27270      20.97613
      27.28290      20.98785
      27.29300      20.99965
      27.30320      21.01177
      27.31340      21.02410
      27.32350      21.03651
      27.33370      21.04927
      27.34390      21.06224
      27.35400      21.07531
      27.36420      21.08873
      27.37440      21.10238
      27.38450      21.11612
      27.39470      21.13023
      27.40490      21.14458
      27.41500      21.15904
      27.42520      21.17388
      27.43530      21.18882
      27.44550      21.20415
      27.45570      21.21975
      27.46580      21.23545
      27.47600      21.25157
      27.48620      21.26796
      27.49630      21.28445
      27.50650      21.30138
      27.51670      21.31858
      27.52680      21.33590
      27.53700      21.35367
      27.54720      21.37173
      27.55730      21.38990
      27.56750      21.40855
      27.57770      21.42750
      27.58780      21.44656
      27.59800      21.46612
      27.60810      21.48579
      27.61830      21.50597
      27.62850      21.52647
      27.63860      21.54708
      27.64880      21.56823
      27.65900      21.58970
      27.66910      21.61129
      27.67930      21.63343
      27.68950      21.65592
      27.69960      21.67852
      27.70980      21.70169
      27.72000      21.72521
      27.73010      21.74886
      27.74030      21.77309
      27.75040      21.79744
      27.76060      21.82240
      27.77080      21.84773
      27.78090      21.87317
      27.79110      21.89925
      27.80130      21.92570
      27.81140      21.95227
      27.82160      21.97949
      27.83180      22.00710
      27.84190      22.03483
      27.85210      22.06322
      27.86230      22.09202
      27.87240      22.12093
      27.88260      22.15053
      27.89280      22.18053
      27.90290      22.21066
      27.91310      22.24149
      27.92320      22.27243
      27.93340      22.30409
      27.94360      22.33618
      27.95370      22.36838
      27.96390      22.40132
      27.97410      22.43470
      27.98420      22.46817
      27.99440      22.50241
      28.00460      22.53709
      28.01470      22.57186
      28.02490      22.60742
      28.03510      22.64343
      28.04520      22.67952
      28.05540      22.71642
      28.06550      22.75341
      28.07570      22.79121
      28.08590      22.82946
      28.09600      22.86780
      28.10620      22.90697
      28.11640      22.94660
      28.12650      22.98629
      28.13670      23.02685
      28.14690      23.06786
      28.15700      23.10893
      28.16720      23.15088
      28.17740      23.19329
      28.18750      23.23575
      28.19770      23.27909
      28.20790      23.32290
      28.21800      23.36675
      28.22820      23.41150
      28.23830      23.45628
      28.24850      23.50196
      28.25870      23.54811
      28.26880      23.59429
      28.27900      23.64137
      28.28920      23.68893
      28.29930      23.73649
      28.30950      23.78498
      28.31970      23.83395
      28.32980      23.88289
      28.34000      23.93278
      28.35020      23.98313
      28.36030      24.03344
      28.37050      24.08472
      28.38060      24.13594
      28.39080      24.18812
      28.40100      24.24076
      28.41110      24.29333
      28.42130      24.34687
      28.43150      24.40085
      28.44160      24.45475
      28.45180      24.50962
      28.46200      24.56493
      28.47210      24.62012
      28.48230      24.67630
      28.49250      24.73291
      28.50260      24.78938
      28.51280      24.84683
      28.52300      24.90470
      28.53310      24.96241
      28.54330      25.02110
      28.55340      25.07960
      28.56360      25.13910
      28.57380      25.19897
      28.58390      25.25866
      28.59410      25.31931
      28.60430      25.38034
      28.61440      25.44115
      28.62460      25.50291
      28.63480      25.56505
      28.64490      25.62691
      28.65510      25.68975
      28.66530      25.75293
      28.67540      25.81581
      28.68560      25.87964
      28.69570      25.94316
      28.70590      26.00763
      28.71610      26.07240
      28.72620      26.13683
      28.73640      26.20218
      28.74660      26.26781
      28.75670      26.33307
      28.76690      26.39923
      28.77710      26.46566
      28.78720      26.53168
      28.79740      26.59857
      28.80760      26.66570
      28.81770      26.73237
      28.82790      26.79992
      28.83810      26.86767
      28.84820      26.93493
      28.85840      27.00303
      28.86850      27.07062
      28.87870      27.13904
      28.88890      27.20760
      28.89900      27.27560
      28.90920      27.34441
      28.91940      27.41331
      28.92950      27.48163
      28.93970      27.55070
      28.94990      27.61985
      28.96000      27.68837
      28.97020      27.75761
      28.98040      27.82688
      28.99050      27.89547
      29.00070      27.96476
      29.01080      28.03333
      29.02100      28.10257
      29.03120      28.17176
      29.04130      28.24021
      29.05150      28.30927
      29.06170      28.37824
      29.07180      28.44642
      29.08200      28.51516
      29.09220      28.58375
      29.10230      28.65154
      29.11250      28.71980
      29.12270      28.78790
      29.13280      28.85511
      29.14300      28.92278
      29.15310      28.98953
      29.16330      29.05670
      29.17350      29.12359
      29.18360      29.18953
      29.19380      29.25582
      29.20400      29.32178
      29.21410      29.38674
      29.22430      29.45198
      29.23450      29.51683
      29.24460      29.58063
      29.25480      29.64465
      29.26500      29.70821
      29.27510      29.77070
      29.28530      29.83331
      29.29550      29.89542
      29.30560      29.95639
      29.31580      30.01743
      29.32590      30.07730
      29.33610      30.13718
      29.34630      30.19645
      29.35640      30.25451
      29.36660      30.31249
      29.37680      30.36981
      29.38690      30.42586
      29.39710      30.48177
      29.40730      30.53693
      29.41740      30.59079
      29.42760      30.64442
      29.43780      30.69724
      29.44790      30.74873
      29.45810      30.79988
      29.46820      30.84969
      29.47840      30.89909
      29.48860      30.94759
      29.49870      30.99470
      29.50890      31.04132
      29.51910      31.08698
      29.52920      31.13121
      29.53940      31.17487
      29.54960      31.21749
      29.55970      31.25866
      29.56990      31.29918
      29.58010      31.33859
      29.59020      31.37654
      29.60040      31.41373
      29.61060      31.44978
      29.62070      31.48433
      29.63090      31.51803
      29.64100      31.55024
      29.65120      31.58155
      29.66140      31.61163
      29.67150      31.64018
      29.68170      31.66777
      29.69190      31.69408
      29.70200      31.71886
      29.71220      31.74260
      29.72240      31.76501
      29.73250      31.78590
      29.74270      31.80566
      29.75290      31.82407
      29.76300      31.84097
      29.77320      31.85666
      29.78330      31.87085
      29.79350      31.88380
      29.80370      31.89535
      29.81380      31.90542
      29.82400      31.91419
      29.83420      31.92154
      29.84430      31.92744
      29.85450      31.93198
      29.86470      31.93510
      29.87480      31.93679
      29.88500      31.93708
      29.89520      31.93595
      29.90530      31.93343
      29.91550      31.92947
      29.92570      31.92410
      29.93580      31.91738
      29.94600      31.90919
      29.95610      31.89970
      29.96630      31.88872
      29.97650      31.87634
      29.98660      31.86271
      29.99680      31.84758
      30.00700      31.83108
      30.01710      31.81339
      30.02730      31.79418
      30.03750      31.77363
      30.04760      31.75197
      30.05780      31.72878
      30.06800      31.70428
      30.07810      31.67874
      30.08830      31.65168
      30.09840      31.62363
      30.10860      31.59406
      30.11880      31.56326
      30.12890      31.53154
      30.13910      31.49833
      30.14930      31.46391
      30.15940      31.42868
      30.16960      31.39196
      30.17980      31.35410
      30.18990      31.31551
      30.20010      31.27544
      30.21030      31.23430
      30.22040      31.19251
      30.23060      31.14927
      30.24080      31.10501
      30.25090      31.06021
      30.26110      31.01398
      30.27120      30.96726
      30.28140      30.91914
      30.29160      30.87011
      30.30170      30.82066
      30.31190      30.76986
      30.32210      30.71820
      30.33220      30.66623
      30.34240      30.61293
      30.35260      30.55884
      30.36270      30.50453
      30.37290      30.44893
      30.38310      30.39260
      30.39320      30.33613
      30.40340      30.27842
      30.41350      30.22063
      30.42370      30.16162
      30.43390      30.10198
      30.44400      30.04235
      30.45420      29.98155
      30.46440      29.92019
      30.47450      29.85890
      30.48470      29.79650
      30.49490      29.73359
      30.50500      29.67083
      30.51520      29.60700
      30.52540      29.54272
      30.53550      29.47868
      30.54570      29.41360
      30.55590      29.34813
      30.56600      29.28297
      30.57620      29.21682
      30.58630      29.15100
      30.59650      29.08423
      30.60670      29.01717
      30.61680      28.95052
      30.62700      28.88295
      30.63720      28.81516
      30.64730      28.74781
      30.65750      28.67962
      30.66770      28.61124
      30.67780      28.54338
      30.68800      28.47469
      30.69820      28.40587
      30.70830      28.33763
      30.71850      28.26861
      30.72860      28.20019
      30.73880      28.13102
      30.74900      28.06180
      30.75910      27.99323
      30.76930      27.92395
      30.77950      27.85468
      30.78960      27.78608
      30.79980      27.71682
      30.81000      27.64761
      30.82010      27.57911
      30.83030      27.51002
      30.84050      27.44098
      30.85060      27.37272
      30.86080      27.30387
      30.87100      27.23513
      30.88110      27.16720
      30.89130      27.09872
      30.90140      27.03107
      30.91160      26.96290
      30.92180      26.89489
      30.93190      26.82775
      30.94210      26.76011
      30.95230      26.69270
      30.96240      26.62613
      30.97260      26.55913
      30.98280      26.49238
      30.99290      26.42650
      31.00310      26.36024
      31.01330      26.29422
      31.02340      26.22912
      31.03360      26.16365
      31.04370      26.09911
      31.05390      26.03421
      31.06410      25.96962
      31.07420      25.90597
      31.08440      25.84200
      31.09460      25.77836
      31.10470      25.71567
      31.11490      25.65270
      31.12510      25.59008
      31.13520      25.52840
      31.14540      25.46649
      31.15560      25.40494
      31.16570      25.34434
      31.17590      25.28354
      31.18600      25.22370
      31.19620      25.16366
      31.20640      25.10401
      31.21650      25.04534
      31.22670      24.98648
      31.23690      24.92803
      31.24700      24.87057
      31.25720      24.81294
      31.26740      24.75574
      31.27750      24.69952
      31.28770      24.64316
      31.29790      24.58725
      31.30800      24.53230
      31.31820      24.47725
      31.32840      24.42264
      31.33850      24.36901
      31.34870      24.31528
      31.35880      24.26252
      31.36900      24.20970
      31.37920      24.15733
      31.38930      24.10592
      31.39950      24.05446
      31.40970      24.00346
      31.41980      23.95342
      31.43000      23.90334
      31.44020      23.85372
      31.45030      23.80505
      31.46050      23.75636
      31.47070      23.70815
      31.48080      23.66086
      31.49100      23.61358
      31.50110      23.56722
      31.51130      23.52088
      31.52150      23.47500
      31.53160      23.43003
      31.54180      23.38509
      31.55200      23.34061
      31.56210      23.29704
      31.57230      23.25351
      31.58250      23.21044
      31.59260      23.16825
      31.60280      23.12612
      31.61300      23.08445
      31.62310      23.04365
      31.63330      23.00290
      31.64350      22.96263
      31.65360      22.92320
      31.66380      22.88385
      31.67390      22.84532
      31.68410      22.80688
      31.69430      22.76889
      31.70440      22.73172
      31.71460      22.69464
      31.72480      22.65800
      31.73490      22.62217
      31.74510      22.58642
      31.75530      22.55112
      31.76540      22.51661
      31.77560      22.48219
      31.78580      22.44820
      31.79590      22.41499
      31.80610      22.38186
      31.81620      22.34950
      31.82640      22.31723
      31.83660      22.28539
      31.84670      22.25428
      31.85690      22.22328
      31.86710      22.19269
      31.87720      22.16281
      31.88740      22.13305
      31.89760      22.10368
      31.90770      22.07501
      31.91790      22.04645
      31.92810      22.01829
      31.93820      21.99079
      31.94840      21.96341
      31.95860      21.93643
      31.96870      21.91007
      31.97890      21.88384
      31.98900      21.85825
      31.99920      21.83276
      32.00940      21.80766
      32.01950      21.78315
      32.02970      21.75877
      32.03990      21.73475
      32.05000      21.71132
      32.06020      21.68800
      32.07040      21.66503
      32.08050      21.64263
      32.09070      21.62036
      32.10090      21.59841
      32.11100      21.57701
      32.12120      21.55573
      32.13130      21.53498
      32.14150      21.51436
      32.15170      21.49405
      32.16180      21.47424
      32.17200      21.45456
      32.18220      21.43518
      32.19230      21.41630
      32.20250      21.39753
      32.21270      21.37906
      32.22280      21.36106
      32.23300      21.34316
      32.24320      21.32557
      32.25330      21.30841
      32.26350      21.29137
      32.27370      21.27460
      32.28380      21.25827
      32.29400      21.24205
      32.30410      21.22624
      32.31430      21.21053
      32.32450      21.19509
      32.33460      21.18005
      32.34480      21.16511
      32.35500      21.15041
      32.36510      21.13610
      32.37530      21.12189
      32.38550      21.10791
      32.39560      21.09431
      32.40580      21.08080
      32.41600      21.06751
      32.42610      21.05457
      32.43630      21.04173
      32.44640      21.02922
      32.45660      21.01681
      32.46680      21.00460
      32.47690      20.99272
      32.48710      20.98092
      32.49730      20.96933
      32.50740      20.95804
      32.51760      20.94683
      32.52780      20.93581
      32.53790      20.92509
      32.54810      20.91445
      32.55830      20.90398
      32.56840      20.89380
      32.57860      20.88369
      32.58880      20.87376
      32.59890      20.86409
      32.60910      20.85449
      32.61920      20.84514
      32.62940      20.83587
      32.63960      20.82675
      32.64970      20.81788
      32.65990      20.80907
      32.67010      20.80042
      32.68020      20.79199
      32.69040      20.78363
      32.70060      20.77541
      32.71070      20.76740
      32.72090      20.75946
      32.73110      20.75166
      32.74120      20.74406
      32.75140      20.73651
      32.76150      20.72917
      32.77170      20.72187
      32.78190      20.71471
      32.79200      20.70773
      32.80220      20.70080
      32.81240      20.69399
      32.82250      20.68736
      32.83270      20.68078
      32.84290      20.67430
      32.85300      20.66800
      32.86320      20.66174
      32.87340      20.65558
      32.88350      20.64959
      32.89370      20.64364
      32.90390      20.63778
      32.91400      20.63208
      32.92420      20.62642
      32.93430      20.62090
      32.94450      20.61542
      32.95470      20.61003
      32.96480      20.60478
      32.97500      20.59956
      32.98520      20.59443
      32.99530      20.58942
      33.00550      20.58445
      33.01570      20.57956
      33.02580      20.57479
      33.03600      20.57006
      33.04620      20.56539
      33.05630      20.56085
      33.06650      20.55633
      33.07660      20.55192
      33.08680      20.54754
      33.09700      20.54323
      33.10710      20.53903
      33.11730      20.53485
      33.12750      20.53073
      33.13760      20.52671
      33.14780      20.52272
      33.15800      20.51878
      33.16810      20.51494
      33.17830      20.51112
      33.18850      20.50736
      33.19860      20.50369
      33.20880      20.50003
      33.21890      20.49647
      33.22910      20.49292
      33.23930      20.48942
      33.24940      20.48600
      33.25960      20.48260
      33.26980      20.47925
      33.27990      20.47597
      33.29010      20.47271
      33.30030      20.46949
      33.31040      20.46635
      33.32060      20.46322
      33.33080      20.46014
      33.34090      20.45712
      33.35110      20.45411
      33.36130      20.45115
      33.37140      20.44825
      33.38160      20.44536
      33.39170      20.44254
      33.40190      20.43972
      33.41210      20.43695
      33.42220      20.43423
      33.43240      20.43152
      33.44260      20.42884
      33.45270      20.42623
      33.46290      20.42362
      33.47310      20.42104
      33.48320      20.41852
      33.49340      20.41600
      33.50360      20.41352
      33.51370      20.41108
      33.52390      20.40865
      33.53400      20.40628
      33.54420      20.40390
      33.55440      20.40156
      33.56450      20.39926
      33.57470      20.39697
      33.58490      20.39470
      33.59500      20.39248
      33.60520      20.39027
      33.61540      20.38807
      33.62550      20.38593
      33.63570      20.38378
      33.64590      20.38166
      33.65600      20.37958
      33.66620      20.37750
      33.67640      20.37544
      33.68650      20.37343
      33.69670      20.37141
      33.70680      20.36944
      33.71700      20.36746
      33.72720      20.36551
      33.73730      20.36359
      33.74750      20.36168
      33.75770      20.35978
      33.76780      20.35792
      33.77800      20.35606
      33.78820      20.35422
      33.79830      20.35241
      33.80850      20.35060
      33.81870      20.34881
      33.82880      20.34705
      33.83900      20.34529
      33.84910      20.34356
      33.85930      20.34184
      33.86950      20.34013
      33.87960      20.33845
      33.88980      20.33677
      33.90000      20.33510
      33.91010      20.33347
      33.92030      20.33183
      33.93050      20.33020
      33.94060      20.32861
      33.95080      20.32701
      33.96100      20.32543
      33.97110      20.32388
      33.98130      20.32232
      33.99150      20.32078
      34.00160      20.31926
      34.01180      20.31775
      34.02190      20.31625
      34.03210      20.31476
      34.04230      20.31328
      34.05240      20.31182
      34.06260      20.31036
      34.07280      20.30892
      34.08290      20.30750
      34.09310      20.30607
      34.10330      20.30466
      34.11340      20.30327
      34.12360      20.30187
      34.13380      20.30049
      34.14390      20.29914
      34.15410      20.29777
      34.16420      20.29644
      34.17440      20.29510
      34.18460      20.29376
      34.19470      20.29246
      34.20490      20.29114
      34.21510      20.28984
      34.22520      20.28856
      34.23540      20.28728
      34.24560      20.28600
      34.25570      20.28475
      34.26590      20.28349
      34.27610      20.28224
      34.28620      20.28102
      34.29640      20.27979
      34.30660      20.27856
      34.31670      20.27736
      34.32690      20.27616
      34.33700      20.27497
      34.34720      20.27378
      34.35740      20.27260
      34.36750      20.27144
      34.37770      20.27028
      34.38790      20.26912
      34.39800      20.26798
      34.40820      20.26684
      34.41840      20.26570
      34.42850      20.26459
      34.43870      20.26347
      34.44890      20.26235
      34.45900      20.26126
      34.46920      20.26016
      34.47930      20.25908
      34.48950      20.25800
      34.49970      20.25692
      34.50980      20.25586
      34.52000      20.25480
      34.53020      20.25374
      34.54030      20.25270
      34.55050      20.25166
      34.56070      20.25062
      34.57080      20.24960
      34.58100      20.24858
      34.59120      20.24756
      34.60130      20.24656
      34.61150      20.24555
      34.62170      20.24455
      34.63180      20.24357
      34.64200      20.24258
      34.65210      20.24161
      34.66230      20.24064
      34.67250      20.23967
      34.68260      20.23871
      34.69280      20.23776
      34.70300      20.23680
      34.71310      20.23587
      34.72330      20.23493
      34.73350      20.23399
      34.74360      20.23307
      34.75380      20.23215
      34.76400      20.23123
      34.77410      20.23033
      34.78430      20.22942
      34.79440      20.22853
      34.80460      20.22763
      34.81480      20.22674
      34.82490      20.22586
      34.83510      20.22498
      34.84530      20.22411
      34.85540      20.22324
      34.86560      20.22238
      34.87580      20.22152
      34.88590      20.22067
      34.89610      20.21982
      34.90630      20.21897
      34.91640      20.21814
      34.92660      20.21730
      34.93670      20.21648
      34.94690      20.21565
      34.95710      20.21483
      34.96720      20.21402
      34.97740      20.21321
      34.98760      20.21240
      34.99770      20.21160
      35.00790      20.21080
      35.01810      20.21001
      35.02820      20.20922
      35.03840      20.20844
      35.04860      20.20765
      35.05870      20.20688
      35.06890      20.20611
      35.07910      20.20534
      35.08920      20.20458
      35.09940      20.20382
      35.10950      20.20308
      35.11970      20.20232
      35.12990      20.20157
      35.14000      20.20084
      35.15020      20.20010
      35.16040      20.19936
      35.17050      20.19864
      35.18070      20.19791
      35.19090      20.19718
      35.20100      20.19647
      35.21120      20.19576
      35.22140      20.19504
      35.23150      20.19434
      35.24170      20.19364
      35.25180      20.19294
      35.26200      20.19224
      35.27220      20.19155
      35.28230      20.19087
      35.29250      20.19018
      35.30270      20.18950
      35.31280      20.18883
      35.32300      20.18815
      35.33320      20.18748
      35.34330      20.18682
      35.35350      20.18615
      35.36370      20.18549
      35.37380      20.18484
      35.38400      20.18418
      35.39420      20.18353
      35.40430      20.18289
      35.41450      20.18225
      35.42460      20.18161
      35.43480      20.18097
      35.44500      20.18034
      35.45510      20.17971
      35.46530      20.17908
      35.47550      20.17846
      35.48560      20.17785
      35.49580      20.17723
      35.50600      20.17661
      35.51610      20.17601
      35.52630      20.17540
      35.53650      20.17479
      35.54660      20.17419
      35.55680      20.17360
      35.56690      20.17300
      35.57710      20.17241
      35.58730      20.17182
      35.59740      20.17124
      35.60760      20.17065
      35.61780      20.17007
      35.62790      20.16950
      35.63810      20.16892
      35.64830      20.16835
      35.65840      20.16779
      35.66860      20.16722
      35.67880      20.16665
      35.68890      20.16610
      35.69910      20.16554
      35.70930      20.16498
      35.71940      20.16443
      35.72960      20.16388
      35.73970      20.16334
      35.74990      20.16280
      35.76010      20.16225
      35.77020      20.16172
      35.78040      20.16118
      35.79060      20.16065
      35.80070      20.16012
      35.81090      20.15959
      35.82110      20.15906
      35.83120      20.15854
      35.84140      20.15802
      35.85160      20.15750
      35.86170      20.15699
      35.87190      20.15648
      35.88200      20.15597
      35.89220      20.15546
      35.90240      20.15495
      35.91250      20.15446
      35.92270      20.15395
      35.93290      20.15345
      35.94300      20.15296
      35.95320      20.15247
      35.96340      20.15197
      35.97350      20.15149
      35.98370      20.15100
      35.99390      20.15052
