! TITLE: Yobs                                                                                                                                                                                                                                                            
! peaks position
      18.53904      -1.85000
      20.24521      -1.85000
      22.33963      -1.85000
      28.32805      -1.85000
      29.72536      -1.85000
      33.32811      -1.85000
      17.26344      -1.85000
      19.56976      -1.85000
