! TITLE: Yobs                                                                                                                                                                                                                                                            
! Yobs - Ycalc 
       6.51680     -22.66179
       6.52700     -21.98035
       6.53710     -22.22885
       6.54730     -22.47746
       6.55750     -22.72610
       6.56760     -22.29469
       6.57780     -22.37339
       6.58800     -22.25212
       6.59810     -22.08079
       6.60830     -22.29958
       6.61850     -22.93840
       6.62860     -22.96716
       6.63880     -22.29604
       6.64890     -22.08486
       6.65910     -23.43379
       6.66930     -22.77276
       6.67940     -22.62167
       6.68960     -22.45070
       6.69980     -22.19975
       6.70990     -22.06875
       6.72010     -22.29787
       6.73030     -22.23702
       6.74040     -21.66611
       6.75060     -22.17533
       6.76080     -22.71457
       6.77090     -22.14375
       6.78110     -22.05306
       6.79130     -21.92240
       6.80140     -22.47168
       6.81160     -21.78108
       6.82170     -22.15042
       6.83190     -22.49989
       6.84210     -21.85939
       6.85220     -22.27882
       6.86240     -22.44839
       6.87260     -22.68798
       6.88270     -22.10752
       6.89290     -23.27718
       6.90310     -22.49687
       6.91320     -21.83651
       6.92340     -22.06627
       6.93360     -22.71606
       6.94370     -22.11580
       6.95390     -21.89566
       6.96400     -22.68546
       6.97420     -22.39539
       6.98440     -22.30535
       6.99450     -22.59525
       7.00470     -22.45529
       7.01490     -21.90536
       7.02500     -22.19536
       7.03520     -22.38550
       7.04540     -22.45567
       7.05550     -22.24578
       7.06570     -21.95602
       7.07590     -22.06630
       7.08600     -22.85652
       7.09620     -21.90687
       7.10640     -21.78725
       7.11650     -23.02757
       7.12670     -22.37803
       7.13680     -21.74842
       7.14700     -22.46895
       7.15720     -22.89952
       7.16730     -22.07002
       7.17750     -22.09066
       7.18770     -21.96134
       7.19780     -21.98195
       7.20800     -22.62271
       7.21820     -21.63350
       7.22830     -22.00422
       7.23850     -21.50509
       7.24870     -21.88599
       7.25880     -22.07683
       7.26900     -22.77781
       7.27910     -21.83872
       7.28930     -22.51978
       7.29950     -22.75087
       7.30960     -20.72190
       7.31980     -21.99307
       7.33000     -22.17428
       7.34010     -21.95543
       7.35030     -21.41672
       7.36050     -21.83805
       7.37060     -22.29931
       7.38080     -22.73072
       7.39100     -22.94217
       7.40110     -21.89355
       7.41130     -21.87509
       7.42150     -22.08666
       7.43160     -21.13816
       7.44180     -22.60982
       7.45190     -22.43139
       7.46210     -22.08313
       7.47230     -21.92491
       7.48240     -22.79662
       7.49260     -22.57848
       7.50280     -21.43038
       7.51290     -22.05221
       7.52310     -21.40420
       7.53330     -21.63623
       7.54340     -21.05818
       7.55360     -20.96030
       7.56380     -22.08245
       7.57390     -21.63454
       7.58410     -22.04678
       7.59420     -21.18895
       7.60440     -21.55128
       7.61460     -21.11366
       7.62470     -21.59595
       7.63490     -22.14841
       7.64510     -22.20092
       7.65520     -21.40335
       7.66540     -22.23595
       7.67560     -21.83859
       7.68570     -21.80115
       7.69590     -22.32388
       7.70610     -22.17665
       7.71620     -21.96935
       7.72640     -21.66222
       7.73650     -21.37500
       7.74670     -21.74796
       7.75690     -22.16096
       7.76700     -22.16389
       7.77720     -21.84698
       7.78740     -21.57013
       7.79750     -22.12319
       7.80770     -21.32643
       7.81790     -21.45971
       7.82800     -21.85291
       7.83820     -21.13629
       7.84840     -21.95971
       7.85850     -21.85306
       7.86870     -20.98658
       7.87890     -22.27015
       7.88900     -21.26364
       7.89920     -21.33730
       7.90930     -21.28088
       7.91950     -21.62465
       7.92970     -20.77846
       7.93980     -22.06219
       7.95000     -20.55610
       7.96020     -21.23006
       7.97030     -21.51394
       7.98050     -21.67800
       7.99070     -20.79211
       8.00080     -21.29614
       8.01100     -21.41035
       8.02120     -20.41462
       8.03130     -21.46879
       8.04150     -21.54316
       8.05160     -21.47743
       8.06180     -21.07190
       8.07200     -21.15642
       8.08210     -21.68085
       8.09230     -21.71547
       8.10250     -21.71015
       8.11260     -20.94473
       8.12280     -21.25951
       8.13300     -21.58435
       8.14310     -21.06909
       8.15330     -21.39403
       8.16350     -21.46902
       8.17360     -20.36392
       8.18380     -22.08902
       8.19400     -21.33418
       8.20410     -21.46924
       8.21430     -20.64450
       8.22440     -20.88967
       8.23460     -20.61504
       8.24480     -20.72046
       8.25490     -21.15579
       8.26510     -20.44133
       8.27530     -21.13692
       8.28540     -21.26242
       8.29560     -20.59812
       8.30580     -21.26388
       8.31590     -21.19954
       8.32610     -19.82542
       8.33630     -20.41135
       8.34640     -20.82718
       8.35660     -20.73322
       8.36670     -20.84916
       8.37690     -21.34532
       8.38710     -21.17154
       8.39720     -20.93765
       8.40740     -20.56398
       8.41760     -20.18037
       8.42770     -20.77666
       8.43790     -20.46316
       8.44810     -20.47973
       8.45820     -20.53619
       8.46840     -20.37287
       8.47860     -20.52961
       8.48870     -21.54625
       8.49890     -20.88312
       8.50910     -21.13004
       8.51920     -21.08685
       8.52940     -20.36390
       8.53950     -20.85084
       8.54970     -20.37800
       8.55990     -20.47523
       8.57000     -20.94234
       8.58020     -20.77969
       8.59040     -20.69710
       8.60050     -19.52440
       8.61070     -20.46194
       8.62090     -20.26953
       8.63100     -20.21702
       8.64120     -20.91474
       8.65140     -20.64252
       8.66150     -19.67020
       8.67170     -20.51811
       8.68180     -20.99591
       8.69200     -20.53395
       8.70220     -20.75205
       8.71230     -20.84004
       8.72250     -20.33827
       8.73270     -20.55656
       8.74280     -21.37474
       8.75300     -20.30317
       8.76320     -20.23166
       8.77330     -20.60004
       8.78350     -20.38866
       8.79370     -20.07734
       8.80380     -19.92591
       8.81400     -20.06474
       8.82420     -20.08362
       8.83430     -20.27239
       8.84450     -19.96141
       8.85460     -20.76031
       8.86480     -20.46947
       8.87500     -20.31869
       8.88510     -20.64779
       8.89530     -20.48715
       8.90550     -20.96658
       8.91560     -21.16588
       8.92580     -20.02545
       8.93600     -20.78508
       8.94610     -21.28459
       8.95630     -19.99436
       8.96650     -19.93420
       8.97660     -21.05392
       8.98680     -20.16390
       8.99690     -19.85375
       9.00710     -20.66387
       9.01730     -20.89407
       9.02740     -20.34413
       9.03760     -19.71446
       9.04780     -19.90487
       9.05790     -20.83515
       9.06810     -19.89570
       9.07830     -19.82632
       9.08840     -20.36681
       9.09860     -20.62758
       9.10880     -19.61842
       9.11890     -19.76912
       9.12910     -20.48011
       9.13930     -20.52117
       9.14940     -19.81209
       9.15960     -20.07330
       9.16970     -19.88437
       9.17990     -19.94572
       9.19010     -20.24715
       9.20020     -19.56844
       9.21040     -19.84002
       9.22060     -20.18167
       9.23070     -20.16319
       9.24090     -19.40499
       9.25110     -19.93687
       9.26120     -19.74861
       9.27140     -19.39065
       9.28160     -20.03275
       9.29170     -19.51473
       9.30190     -19.23699
       9.31200     -19.95911
       9.32220     -19.79152
       9.33240     -19.38402
       9.34250     -19.29637
       9.35270     -19.46902
       9.36290     -19.43176
       9.37300     -19.59434
       9.38320     -19.79723
       9.39340     -19.37019
       9.40350     -19.16301
       9.41370     -20.00614
       9.42390     -19.22934
       9.43400     -19.48240
       9.44420     -20.23576
       9.45440     -19.21921
       9.46450     -19.60251
       9.47470     -19.51611
       9.48480     -19.48957
       9.49500     -19.96334
       9.50520     -19.59719
       9.51530     -19.45089
       9.52550     -20.08490
       9.53570     -20.05900
       9.54580     -19.00294
       9.55600     -20.55721
       9.56620     -19.94155
       9.57630     -19.81574
       9.58650     -20.30026
       9.59670     -19.89485
       9.60680     -19.66929
       9.61700     -19.94406
       9.62710     -19.70866
       9.63730     -19.55359
       9.64750     -19.88861
       9.65760     -20.42347
       9.66780     -20.00866
       9.67800     -20.56394
       9.68810     -19.22904
       9.69830     -20.11449
       9.70850     -20.31003
       9.71860     -19.16540
       9.72880     -20.03110
       9.73900     -19.79689
       9.74910     -19.37252
       9.75930     -19.82849
       9.76940     -19.32429
       9.77960     -20.15043
       9.78980     -20.81667
       9.79990     -19.42273
       9.81010     -19.32914
       9.82030     -20.38564
       9.83040     -19.91196
       9.84060     -19.65864
       9.85080     -19.08540
       9.86090     -19.94200
       9.87110     -18.92895
       9.88130     -20.56598
       9.89140     -19.67284
       9.90160     -20.32006
       9.91180     -19.07737
       9.92190     -19.57450
       9.93210     -19.49199
       9.94220     -19.07930
       9.95240     -19.63698
       9.96260     -20.21475
       9.97270     -19.21234
       9.98290     -19.44029
       9.99310     -18.20834
      10.00320     -19.52620
      10.01340     -18.84443
      10.02360     -19.82276
      10.03370     -19.67090
      10.04390     -20.25942
      10.05410     -19.44802
      10.06420     -18.83645
      10.07440     -19.50525
      10.08450     -19.84386
      10.09470     -18.62285
      10.10490     -19.75193
      10.11500     -19.21082
      10.12520     -19.58010
      10.13540     -18.70947
      10.14550     -19.81866
      10.15570     -20.28822
      10.16590     -19.00789
      10.17600     -19.65735
      10.18620     -19.31721
      10.19640     -20.02717
      10.20650     -20.49693
      10.21670     -19.65708
      10.22690     -19.72733
      10.23700     -19.64739
      10.24720     -20.17783
      10.25730     -20.34808
      10.26750     -19.22872
      10.27770     -19.41947
      10.28780     -19.49002
      10.29800     -19.32096
      10.30820     -19.27201
      10.31830     -20.03285
      10.32850     -20.13410
      10.33870     -19.46545
      10.34880     -20.27659
      10.35900     -19.05814
      10.36920     -19.92980
      10.37930     -19.30124
      10.38950     -18.39310
      10.39960     -19.89475
      10.40980     -19.53681
      10.42000     -19.72898
      10.43010     -19.14094
      10.44030     -19.48331
      10.45050     -19.72578
      10.46060     -18.74805
      10.47080     -19.61073
      10.48100     -18.78352
      10.49110     -19.38610
      10.50130     -19.67909
      10.51150     -18.99220
      10.52160     -19.32508
      10.53180     -19.56840
      10.54200     -19.39182
      10.55210     -19.95502
      10.56230     -19.37865
      10.57240     -19.70206
      10.58260     -19.37591
      10.59280     -19.86986
      10.60290     -19.77359
      10.61310     -20.55776
      10.62330     -20.01203
      10.63340     -20.20608
      10.64360     -18.66057
      10.65380     -19.95518
      10.66390     -19.41955
      10.67410     -19.89437
      10.68430     -19.81929
      10.69440     -19.80399
      10.70460     -19.28914
      10.71470     -17.88405
      10.72490     -19.35941
      10.73510     -19.42489
      10.74520     -19.88013
      10.75540     -19.15582
      10.76560     -20.16163
      10.77570     -19.81720
      10.78590     -19.18324
      10.79610     -19.19938
      10.80620     -19.70528
      10.81640     -20.05165
      10.82660     -19.63812
      10.83670     -19.80436
      10.84690     -19.56107
      10.85710     -19.37788
      10.86720     -19.93445
      10.87740     -20.25150
      10.88750     -20.05829
      10.89770     -19.75557
      10.90790     -19.37296
      10.91800     -20.58009
      10.92820     -19.10771
      10.93840     -19.36544
      10.94850     -19.81291
      10.95870     -19.13088
      10.96890     -19.69895
      10.97900     -19.65677
      10.98920     -19.22508
      10.99940     -19.28351
      11.00950     -19.61168
      11.01970     -19.32033
      11.02980     -19.60873
      11.04000     -19.14762
      11.05020     -19.25664
      11.06030     -19.61538
      11.07050     -20.50463
      11.08070     -19.45399
      11.09080     -19.78308
      11.10100     -19.48268
      11.11120     -20.07241
      11.12130     -19.92185
      11.13150     -20.41181
      11.14170     -19.53189
      11.15180     -18.99169
      11.16200     -19.74201
      11.17220     -19.45245
      11.18230     -19.34261
      11.19250     -20.27329
      11.20260     -19.96368
      11.21280     -19.08460
      11.22300     -19.90565
      11.23310     -20.28641
      11.24330     -19.87769
      11.25350     -19.43910
      11.26360     -19.21022
      11.27380     -19.36186
      11.28400     -19.11364
      11.29410     -18.89512
      11.30430     -19.12714
      11.31450     -19.31928
      11.32460     -19.85113
      11.33480     -18.96352
      11.34490     -20.55562
      11.35510     -18.59825
      11.36530     -19.59101
      11.37540     -19.07348
      11.38560     -19.21649
      11.39580     -19.42962
      11.40590     -19.27246
      11.41610     -20.07584
      11.42630     -20.06935
      11.43640     -19.55256
      11.44660     -19.50632
      11.45680     -18.72022
      11.46690     -19.88379
      11.47710     -19.67794
      11.48730     -19.53221
      11.49740     -20.00617
      11.50760     -19.68069
      11.51770     -20.65490
      11.52790     -20.02968
      11.53810     -19.82459
      11.54820     -19.19917
      11.55840     -19.57434
      11.56860     -18.61963
      11.57870     -19.12460
      11.58890     -19.35015
      11.59910     -19.20583
      11.60920     -19.14118
      11.61940     -19.10712
      11.62960     -19.69318
      11.63970     -19.50892
      11.64990     -19.31525
      11.66000     -19.71125
      11.67020     -19.49784
      11.68040     -19.77455
      11.69050     -19.52094
      11.70070     -19.81792
      11.71090     -19.16503
      11.72100     -19.90181
      11.73120     -19.40918
      11.74140     -18.66669
      11.75150     -19.28385
      11.76170     -18.51162
      11.77190     -19.97953
      11.78200     -18.90709
      11.79220     -18.74526
      11.80230     -19.79309
      11.81250     -18.96152
      11.82270     -20.06009
      11.83280     -19.48831
      11.84300     -20.23715
      11.85320     -19.29612
      11.86330     -19.12474
      11.87350     -19.51398
      11.88370     -19.77335
      11.89380     -19.55237
      11.90400     -20.28202
      11.91420     -19.23179
      11.92430     -19.24122
      11.93450     -20.84127
      11.94470     -19.63146
      11.95480     -18.75128
      11.96500     -19.31174
      11.97510     -19.34183
      11.98530     -20.39256
      11.99550     -19.27343
      12.00560     -19.36394
      12.01580     -18.45508
      12.02600     -20.12636
      12.03610     -19.04727
      12.04630     -18.71882
      12.05650     -19.03052
      12.06660     -19.65184
      12.07680     -20.10381
      12.08700     -19.27592
      12.09710     -19.34765
      12.10730     -20.57003
      12.11740     -18.54204
      12.12760     -19.17470
      12.13780     -18.02751
      12.14790     -19.85993
      12.15810     -19.84302
      12.16830     -19.16623
      12.17840     -18.96907
      12.18860     -19.40257
      12.19880     -19.93622
      12.20890     -18.75948
      12.21910     -19.47340
      12.22930     -19.12747
      12.23940     -19.07114
      12.24960     -19.24549
      12.25980     -19.72998
      12.26990     -18.47408
      12.28010     -19.25885
      12.29020     -19.47323
      12.30040     -19.39829
      12.31060     -20.20349
      12.32070     -19.42829
      12.33090     -19.20378
      12.34110     -20.33941
      12.35120     -19.13464
      12.36140     -19.48055
      12.37160     -19.23662
      12.38170     -19.42227
      12.39190     -18.76862
      12.40210     -19.86511
      12.41220     -19.20119
      12.42240     -19.08798
      12.43250     -19.35435
      12.44270     -19.86142
      12.45290     -18.87863
      12.46300     -19.24544
      12.47320     -19.48294
      12.48340     -18.74059
      12.49350     -19.28782
      12.50370     -19.45577
      12.51390     -19.72386
      12.52400     -18.88153
      12.53420     -18.87992
      12.54440     -18.83845
      12.55450     -19.17655
      12.56470     -19.45538
      12.57490     -18.50435
      12.58500     -19.59289
      12.59520     -19.25216
      12.60530     -19.89100
      12.61550     -19.55056
      12.62570     -18.75028
      12.63580     -19.54955
      12.64600     -19.48956
      12.65620     -20.20972
      12.66630     -19.98944
      12.67650     -19.03990
      12.68670     -18.94050
      12.69680     -18.61067
      12.70700     -17.88157
      12.71720     -18.51263
      12.72730     -18.13324
      12.73750     -18.35460
      12.74760     -18.92550
      12.75780     -17.37717
      12.76800     -18.79897
      12.77810     -19.10033
      12.78830     -18.09244
      12.79850     -19.48471
      12.80860     -19.60652
      12.81880     -18.09908
      12.82900     -19.36181
      12.83910     -18.50406
      12.84930     -18.28710
      12.85950     -18.58027
      12.86960     -19.62299
      12.87980     -18.68648
      12.89000     -19.84012
      12.90010     -18.04329
      12.91030     -19.14725
      12.92040     -18.96072
      12.93060     -19.20498
      12.94080     -19.18939
      12.95090     -19.08333
      12.96110     -18.74805
      12.97130     -18.61294
      12.98140     -17.99734
      12.99160     -18.31253
      13.00180     -18.67788
      13.01190     -17.82275
      13.02210     -18.51842
      13.03230     -18.06423
      13.04240     -18.38957
      13.05260     -18.56571
      13.06270     -18.57136
      13.07290     -18.50781
      13.08310     -18.49443
      13.09320     -19.07054
      13.10340     -18.94748
      13.11360     -18.29457
      13.12370     -17.68117
      13.13390     -17.94858
      13.14410     -17.77616
      13.15420     -19.00323
      13.16440     -18.62113
      13.17460     -18.98919
      13.18470     -18.90674
      13.19490     -17.12513
      13.20510     -18.75368
      13.21520     -18.94172
      13.22540     -18.15060
      13.23550     -18.67896
      13.24570     -18.38817
      13.25590     -18.11754
      13.26600     -17.86640
      13.27620     -17.43611
      13.28640     -17.76598
      13.29650     -18.02533
      13.30670     -18.53553
      13.31690     -18.43591
      13.32700     -18.55577
      13.33720     -17.90648
      13.34740     -17.18736
      13.35750     -17.69772
      13.36770     -17.03895
      13.37780     -17.08965
      13.38800     -17.68121
      13.39820     -17.61296
      13.40830     -18.16418
      13.41850     -18.14627
      13.42870     -18.69853
      13.43880     -18.29026
      13.44900     -18.42289
      13.45920     -16.98568
      13.46930     -18.46794
      13.47950     -18.20109
      13.48970     -18.01443
      13.49980     -18.18722
      13.51000     -18.17091
      13.52010     -17.51406
      13.53030     -18.13812
      13.54050     -17.58237
      13.55060     -17.03607
      13.56080     -18.89068
      13.57100     -18.60548
      13.58110     -16.10974
      13.59130     -16.47491
      13.60150     -16.56028
      13.61160     -17.13510
      13.62180     -16.84086
      13.63200     -16.98680
      13.64210     -17.11219
      13.65230     -17.56853
      13.66250     -16.48506
      13.67260     -17.13104
      13.68280     -16.35797
      13.69290     -17.08434
      13.70310     -16.35168
      13.71330     -17.30922
      13.72340     -17.52620
      13.73360     -16.56414
      13.74380     -17.37231
      13.75390     -16.72991
      13.76410     -16.60849
      13.77430     -17.19728
      13.78440     -16.17552
      13.79460     -16.39474
      13.80480     -15.28419
      13.81490     -17.45308
      13.82510     -16.33296
      13.83520     -17.72230
      13.84540     -16.43263
      13.85560     -16.58320
      13.86570     -17.09320
      13.87590     -17.38424
      13.88610     -16.48550
      13.89620     -17.69621
      13.90640     -17.11794
      13.91660     -15.09993
      13.92670     -16.45136
      13.93690     -17.51383
      13.94710     -16.53656
      13.95720     -16.10873
      13.96740     -17.09196
      13.97760     -16.50545
      13.98770     -15.74839
      13.99790     -16.56240
      14.00800     -16.25586
      14.01820     -16.28041
      14.02840     -15.81524
      14.03850     -15.78950
      14.04870     -16.56488
      14.05890     -16.66054
      14.06900     -15.96565
      14.07920     -15.62188
      14.08940     -16.74841
      14.09950     -16.77439
      14.10970     -15.72152
      14.11990     -16.02895
      14.13000     -16.22583
      14.14020     -16.12388
      14.15030     -16.07139
      14.16050     -16.26007
      14.17070     -15.88908
      14.18080     -15.70755
      14.19100     -14.56722
      14.20120     -16.35723
      14.21130     -15.17671
      14.22150     -15.88741
      14.23170     -15.14846
      14.24180     -15.88897
      14.25200     -15.31075
      14.26220     -14.67289
      14.27230     -15.37449
      14.28250     -15.69738
      14.29270     -15.52065
      14.30280     -16.44340
      14.31300     -15.03745
      14.32310     -15.74098
      14.33330     -15.01584
      14.34350     -14.48111
      14.35360     -15.56586
      14.36380     -15.41197
      14.37400     -15.89851
      14.38410     -14.73454
      14.39430     -13.68197
      14.40450     -13.76983
      14.41460     -15.21719
      14.42480     -14.82598
      14.43500     -13.40524
      14.44510     -15.60399
      14.45530     -15.65421
      14.46540     -15.45393
      14.47560     -14.48514
      14.48580     -15.32684
      14.49590     -14.44807
      14.50610     -14.54081
      14.51630     -15.12409
      14.52640     -15.03687
      14.53660     -15.05123
      14.54680     -15.25613
      14.55690     -14.16057
      14.56710     -14.87661
      14.57730     -14.30323
      14.58740     -14.49938
      14.59760     -14.96717
      14.60780     -15.24557
      14.61790     -14.02351
      14.62810     -14.91316
      14.63820     -14.06233
      14.64840     -14.46323
      14.65860     -14.33479
      14.66870     -14.14590
      14.67890     -12.98877
      14.68910     -14.12233
      14.69920     -14.72545
      14.70940     -14.43039
      14.71960     -14.40603
      14.72970     -14.14126
      14.73990     -13.14834
      14.75010     -14.07617
      14.76020     -13.92358
      14.77040     -12.90291
      14.78050     -14.38184
      14.79070     -14.30270
      14.80090     -14.19438
      14.81100     -13.75563
      14.82120     -13.34890
      14.83140     -13.97299
      14.84150     -13.67669
      14.85170     -14.34245
      14.86190     -13.77907
      14.87200     -13.29530
      14.88220     -13.78366
      14.89240     -13.22290
      14.90250     -14.14177
      14.91270     -12.70280
      14.92290     -12.55478
      14.93300     -13.03637
      14.94320     -14.04020
      14.95330     -14.16367
      14.96350     -14.11941
      14.97370     -12.32613
      14.98380     -12.53250
      14.99400     -13.26120
      15.00420     -13.37092
      15.01430     -13.66028
      15.02450     -13.38202
      15.03470     -13.71484
      15.04480     -14.18728
      15.05500     -14.64220
      15.06520     -12.92819
      15.07530     -13.93383
      15.08550     -11.94200
      15.09560     -12.10983
      15.10580     -12.08021
      15.11600     -12.85174
      15.12610     -14.06290
      15.13630     -13.66672
      15.14650     -13.59168
      15.15660     -12.42630
      15.16680     -13.60362
      15.17700     -12.96214
      15.18710     -13.42029
      15.19730     -13.42120
      15.20750     -14.14335
      15.21760     -14.14510
      15.22780     -13.82973
      15.23800     -12.57557
      15.24810     -12.96105
      15.25830     -12.73941
      15.26840     -13.88741
      15.27860     -13.80833
      15.28880     -11.69055
      15.29890     -13.67236
      15.30910     -13.62718
      15.31930     -13.40332
      15.32940     -12.12904
      15.33960     -13.41782
      15.34980     -13.49796
      15.35990     -11.76764
      15.37010     -13.65045
      15.38030     -12.07461
      15.39040     -12.42832
      15.40060     -12.92523
      15.41070     -13.44163
      15.42090     -15.26128
      15.43110     -14.58228
      15.44120     -13.36280
      15.45140     -13.97659
      15.46160     -12.87177
      15.47170     -12.83641
      15.48190     -12.74439
      15.49210     -14.14377
      15.50220     -12.57259
      15.51240     -14.86475
      15.52260     -12.65836
      15.53270     -13.38133
      15.54290     -14.97775
      15.55300     -14.59352
      15.56320     -14.04273
      15.57340     -13.74334
      15.58350     -12.09329
      15.59370     -14.25674
      15.60390     -13.45156
      15.61400     -12.20569
      15.62420     -13.81331
      15.63440     -14.06235
      15.64450     -14.47059
      15.65470     -14.40240
      15.66490     -13.32556
      15.67500     -13.73793
      15.68520     -13.63384
      15.69540     -15.81115
      15.70550     -12.12753
      15.71570     -13.34754
      15.72580     -14.53659
      15.73600     -13.87926
      15.74620     -15.07324
      15.75630     -13.95623
      15.76650     -14.60284
      15.77670     -14.36072
      15.78680     -14.04756
      15.79700     -12.96799
      15.80720     -13.85971
      15.81730     -14.91026
      15.82750     -14.54443
      15.83770     -14.94982
      15.84780     -15.49400
      15.85800     -16.00176
      15.86810     -15.43828
      15.87830     -15.74836
      15.88850     -14.82961
      15.89860     -13.91947
      15.90880     -15.17292
      15.91900     -14.53744
      15.92910     -15.30054
      15.93930     -15.65714
      15.94950     -15.11481
      15.95960     -16.19092
      15.96980     -16.11053
      15.98000     -15.96108
      15.99010     -15.68002
      16.00030     -15.71240
      16.01050     -15.69569
      16.02060     -16.21720
      16.03080     -14.62216
      16.04090     -16.50527
      16.05110     -15.70179
      16.06130     -16.35906
      16.07140     -17.05438
      16.08160     -15.58303
      16.09180     -16.44233
      16.10190     -16.00958
      16.11210     -16.01009
      16.12230     -15.62109
      16.13240     -15.90004
      16.14260     -16.18205
      16.15280     -16.59457
      16.16290     -15.50484
      16.17310     -16.48809
      16.18320     -16.11907
      16.19340     -16.17297
      16.20360     -16.87718
      16.21370     -16.67889
      16.22390     -17.09350
      16.23410     -16.65825
      16.24420     -18.41039
      16.25440     -17.26530
      16.26460     -16.39022
      16.27470     -15.89240
      16.28490     -16.28723
      16.29510     -17.37188
      16.30520     -17.69375
      16.31540     -16.99803
      16.32560     -18.08210
      16.33570     -17.56314
      16.34590     -18.20656
      16.35600     -17.73691
      16.36620     -16.72941
      16.37640     -18.65146
      16.38650     -17.97026
      16.39670     -18.02115
      16.40690     -17.92137
      16.41700     -16.08822
      16.42720     -16.56697
      16.43740     -18.13491
      16.44750     -17.31933
      16.45770     -17.67548
      16.46790     -17.75059
      16.47800     -18.01215
      16.48820     -17.69515
      16.49830     -19.45451
      16.50850     -17.52516
      16.51870     -19.42463
      16.52880     -18.40022
      16.53900     -16.53702
      16.54920     -18.79238
      16.55930     -17.11378
      16.56950     -19.21615
      16.57970     -17.65696
      16.58980     -17.71366
      16.60000     -17.23114
      16.61020     -18.51689
      16.62030     -18.63844
      16.63050     -17.40058
      16.64070     -18.18077
      16.65080     -17.36675
      16.66100     -18.95305
      16.67110     -19.92508
      16.68130     -19.02727
      16.69150     -17.73741
      16.70160     -17.87313
      16.71180     -17.21890
      16.72200     -18.41246
      16.73210     -17.32157
      16.74230     -18.15057
      16.75250     -18.32723
      16.76260     -17.91944
      16.77280     -17.61140
      16.78300     -18.14094
      16.79310     -19.42603
      16.80330     -18.67075
      16.81340     -18.81103
      16.82360     -17.38088
      16.83380     -18.69822
      16.84390     -18.01127
      16.85410     -19.28374
      16.86430     -18.89380
      16.87440     -18.25959
      16.88460     -17.63485
      16.89480     -18.63772
      16.90490     -17.87647
      16.91510     -18.44469
      16.92530     -18.42065
      16.93540     -16.60265
      16.94560     -18.77422
      16.95580     -18.14365
      16.96590     -18.59943
      16.97610     -18.44487
      16.98620     -18.53680
      16.99640     -17.63854
      17.00660     -17.78855
      17.01670     -19.36543
      17.02690     -18.62232
      17.03710     -17.74784
      17.04720     -16.74057
      17.05740     -17.12370
      17.06760     -16.84584
      17.07770     -16.99565
      17.08790     -18.18627
      17.09810     -17.71636
      17.10820     -18.47462
      17.11840     -16.28422
      17.12850     -16.68236
      17.13870     -18.00222
      17.14890     -16.38251
      17.15900     -16.94203
      17.16920     -17.35392
      17.17940     -15.94692
      17.18950     -17.72986
      17.19970     -17.45592
      17.20990     -14.69392
      17.22000     -16.23257
      17.23020     -17.44528
      17.24040     -13.48082
      17.25050     -17.50778
      17.26070     -17.11985
      17.27090     -16.57570
      17.28100     -15.61386
      17.29120     -15.13825
      17.30130     -15.43559
      17.31150     -16.61997
      17.32170     -13.55991
      17.33180     -14.24384
      17.34200     -15.74608
      17.35220     -15.44515
      17.36230     -14.70920
      17.37250     -15.11299
      17.38270     -14.82491
      17.39280     -15.52283
      17.40300     -15.37216
      17.41320     -15.94092
      17.42330     -14.10677
      17.43350     -14.45570
      17.44360     -15.21246
      17.45380     -13.71346
      17.46400     -15.09630
      17.47410     -14.40808
      17.48430     -14.94594
      17.49450     -15.81706
      17.50460     -14.39835
      17.51480     -14.71750
      17.52500     -16.44155
      17.53510     -15.32682
      17.54530     -15.52187
      17.55550     -16.39337
      17.56560     -16.96702
      17.57580     -16.13262
      17.58590     -17.58103
      17.59610     -16.86270
      17.60630     -14.03323
      17.61640     -15.69746
      17.62660     -18.27697
      17.63680     -15.23676
      17.64690     -15.75102
      17.65710     -17.06249
      17.66730     -15.60545
      17.67740     -18.59377
      17.68760     -17.88093
      17.69780     -16.85101
      17.70790     -18.50668
      17.71810     -19.01320
      17.72830     -17.70355
      17.73840     -20.77976
      17.74860     -17.92841
      17.75870     -17.52298
      17.76890     -17.62096
      17.77910     -18.25403
      17.78920     -21.28285
      17.79940     -20.38635
      17.80960     -21.18540
      17.81970     -20.61975
      17.82990     -22.71979
      17.84010     -22.02529
      17.85020     -23.50578
      17.86040     -23.19222
      17.87060     -23.20433
      17.88070     -22.13996
      17.89090     -23.81229
      17.90100     -24.75723
      17.91120     -24.05886
      17.92140     -25.49480
      17.93150     -25.52172
      17.94170     -25.95493
      17.95190     -26.18123
      17.96200     -28.61647
      17.97220     -25.11717
      17.98240     -29.15932
      17.99250     -26.36791
      18.00270     -27.77068
      18.01290     -28.19242
      18.02300     -31.08832
      18.03320     -27.70593
      18.04340     -29.73047
      18.05350     -29.65532
      18.06370     -29.66997
      18.07380     -32.08250
      18.08400     -30.60285
      18.09420     -28.79427
      18.10430     -30.60961
      18.11450     -32.94920
      18.12470     -30.78586
      18.13480     -31.49193
      18.14500     -32.11807
      18.15520     -30.88631
      18.16530     -31.77971
      18.17550     -32.64795
      18.18570     -27.47307
      18.19580     -30.90807
      18.20600     -31.62192
      18.21610     -29.35190
      18.22630     -27.03655
      18.23650     -29.89870
      18.24660     -29.03041
      18.25680     -27.92052
      18.26700     -30.62110
      18.27710     -27.53496
      18.28730     -29.32968
      18.29750     -29.45766
      18.30760     -25.04245
      18.31780     -25.25987
      18.32800     -26.77283
      18.33810     -23.62651
      18.34830     -23.52396
      18.35850     -25.55925
      18.36860     -23.40882
      18.37880     -24.18309
      18.38890     -23.80753
      18.39910     -22.38078
      18.40930     -24.71985
      18.41940     -24.87308
      18.42960     -21.67694
      18.43980     -20.77957
      18.44990     -20.91175
      18.46010     -19.51659
      18.47030     -19.21443
      18.48040     -19.94840
      18.49060     -18.41811
      18.50080     -18.64630
      18.51090     -20.15894
      18.52110     -19.37172
      18.53120     -18.06868
      18.54140     -19.18312
      18.55160     -18.23239
      18.56170     -18.17703
      18.57190     -20.60663
      18.58210     -19.30139
      18.59220     -20.83464
      18.60240     -22.64220
      18.61260     -18.74713
      18.62270     -21.41551
      18.63290     -21.69943
      18.64310     -21.87467
      18.65320     -23.32985
      18.66340     -24.93349
      18.67360     -26.45403
      18.68370     -24.07189
      18.69390     -25.86286
      18.70400     -24.87673
      18.71420     -24.08727
      18.72440     -29.28574
      18.73450     -27.81610
      18.74470     -26.08911
      18.75490     -30.82767
      18.76500     -29.01738
      18.77520     -29.86579
      18.78540     -31.48783
      18.79550     -30.94991
      18.80570     -31.31740
      18.81590     -31.55634
      18.82600     -34.02383
      18.83620     -31.21350
      18.84630     -32.37712
      18.85650     -31.92728
      18.86670     -31.97150
      18.87680     -33.25662
      18.88700     -33.07532
      18.89720     -33.00424
      18.90730     -33.40120
      18.91750     -34.25784
      18.92770     -31.83092
      18.93780     -32.89841
      18.94800     -31.01071
      18.95820     -30.71538
      18.96830     -33.43983
      18.97850     -30.05438
      18.98870     -30.55635
      18.99880     -30.02272
      19.00900     -29.19405
      19.01910     -29.10246
      19.02930     -29.78884
      19.03950     -29.04007
      19.04960     -28.82126
      19.05980     -28.80513
      19.07000     -27.92682
      19.08010     -26.11186
      19.09030     -28.19272
      19.10050     -27.10474
      19.11060     -27.20226
      19.12080     -27.04891
      19.13100     -25.27919
      19.14110     -25.54663
      19.15130     -24.66605
      19.16140     -23.74343
      19.17160     -23.92444
      19.18180     -24.08219
      19.19190     -22.61865
      19.20210     -21.23096
      19.21230     -21.52147
      19.22240     -20.92055
      19.23260     -22.56769
      19.24280     -21.12345
      19.25290     -20.92807
      19.26310     -19.29177
      19.27330     -18.46475
      19.28340     -20.09607
      19.29360     -18.09754
      19.30380     -18.90840
      19.31390     -17.38671
      19.32410     -17.81592
      19.33420     -16.74182
      19.34440     -16.28897
      19.35460     -16.59497
      19.36470     -15.65630
      19.37490     -15.22914
      19.38510     -15.40028
      19.39520     -15.69493
      19.40540     -14.28128
      19.41560     -15.66481
      19.42570     -16.39028
      19.43590     -16.36702
      19.44610     -13.73996
      19.45620     -13.38286
      19.46640     -12.51662
      19.47650     -14.57904
      19.48670     -16.91193
      19.49690     -13.67877
      19.50700     -13.49216
      19.51720     -13.33530
      19.52740     -14.00099
      19.53750     -13.56099
      19.54770     -12.40991
      19.55790     -12.72984
      19.56800     -14.06191
      19.57820     -13.90196
      19.58840     -13.61134
      19.59850     -12.99076
      19.60870     -14.08704
      19.61880     -14.03192
      19.62900     -12.02293
      19.63920     -14.67056
      19.64930     -14.48466
      19.65950     -13.83372
      19.66970     -13.84778
      19.67980     -12.36619
      19.69000     -15.79839
      19.70020     -16.44395
      19.71030     -14.70185
      19.72050     -13.53232
      19.73070     -15.45449
      19.74080     -14.63709
      19.75100     -14.49098
      19.76120     -14.46504
      19.77130     -14.74762
      19.78150     -14.62029
      19.79160     -15.00030
      19.80180     -15.35954
      19.81200     -14.43638
      19.82210     -16.76882
      19.83230     -16.44926
      19.84250     -16.78579
      19.85260     -19.38630
      19.86280     -17.04352
      19.87300     -16.79538
      19.88310     -19.42974
      19.89330     -17.40949
      19.90350     -16.78253
      19.91360     -19.00661
      19.92380     -17.03479
      19.93390     -19.42308
      19.94410     -19.63468
      19.95430     -18.01735
      19.96440     -17.35874
      19.97460     -19.43224
      19.98480     -18.59552
      19.99490     -17.60628
      20.00510     -19.79790
      20.01530     -20.43808
      20.02540     -18.69458
      20.03560     -20.95070
      20.04580     -19.25418
      20.05590     -19.57295
      20.06610     -22.57009
      20.07630     -18.92354
      20.08640     -20.44119
      20.09660     -19.91612
      20.10670     -18.18472
      20.11690     -18.41973
      20.12710     -19.40932
      20.13720     -20.90169
      20.14740     -20.51946
      20.15760     -19.71080
      20.16770     -19.77425
      20.17790     -18.16199
      20.18810     -22.24249
      20.19820     -19.77451
      20.20840     -21.21980
      20.21860     -18.31713
      20.22870     -19.73551
      20.23890     -18.71626
      20.24900     -19.34783
      20.25920     -19.79125
      20.26940     -18.76570
      20.27950     -19.22072
      20.28970     -16.76686
      20.29990     -19.00360
      20.31000     -19.84084
      20.32020     -18.67861
      20.33040     -16.83670
      20.34050     -18.39533
      20.35070     -19.19400
      20.36090     -19.06288
      20.37100     -20.80251
      20.38120     -17.33187
      20.39140     -18.78144
      20.40150     -18.39205
      20.41170     -19.82227
      20.42180     -17.15384
      20.43200     -20.00493
      20.44220     -18.28655
      20.45230     -17.87010
      20.46250     -19.35321
      20.47270     -16.78723
      20.48280     -16.38387
      20.49300     -16.92024
      20.50320     -17.65796
      20.51330     -15.92911
      20.52350     -18.39025
      20.53370     -15.96335
      20.54380     -17.61069
      20.55400     -18.66844
      20.56410     -17.02101
      20.57430     -17.40431
      20.58450     -18.40076
      20.59460     -17.55289
      20.60480     -15.52637
      20.61500     -17.79366
      20.62510     -16.88768
      20.63530     -16.91358
      20.64550     -19.39414
      20.65560     -16.21242
      20.66580     -17.32323
      20.67600     -17.62953
      20.68610     -17.48453
      20.69630     -18.70276
      20.70650     -18.76741
      20.71660     -16.64157
      20.72680     -16.26981
      20.73690     -18.67829
      20.74710     -18.43127
      20.75730     -17.85212
      20.76740     -18.03404
      20.77760     -18.16136
      20.78780     -17.37730
      20.79790     -19.29531
      20.80810     -18.07941
      20.81830     -19.37303
      20.82840     -19.00958
      20.83860     -18.20307
      20.84880     -19.51691
      20.85890     -19.02450
      20.86910     -19.52986
      20.87920     -17.77951
      20.88940     -18.01750
      20.89960     -19.09725
      20.90970     -19.18194
      20.91990     -20.95589
      20.93010     -19.94241
      20.94020     -18.07458
      20.95040     -21.33692
      20.96060     -20.72253
      20.97070     -19.32459
      20.98090     -20.99758
      20.99110     -18.22466
      21.00120     -18.94885
      21.01140     -20.29486
      21.02160     -19.32569
      21.03170     -18.18425
      21.04190     -21.07552
      21.05200     -19.35486
      21.06220     -18.19751
      21.07240     -19.91630
      21.08250     -17.37361
      21.09270     -19.89522
      21.10290     -19.47359
      21.11300     -19.92104
      21.12320     -19.61368
      21.13340     -17.41377
      21.14350     -19.53346
      21.15370     -20.21914
      21.16390     -20.79299
      21.17400     -18.45684
      21.18420     -19.61758
      21.19430     -19.54857
      21.20450     -19.48704
      21.21470     -19.84474
      21.22480     -19.57302
      21.23500     -17.90964
      21.24520     -18.25610
      21.25530     -18.79338
      21.26550     -18.94989
      21.27570     -19.26674
      21.28580     -20.12467
      21.29600     -18.25265
      21.30620     -19.90145
      21.31630     -18.97151
      21.32650     -18.33239
      21.33660     -17.81458
      21.34680     -21.07808
      21.35700     -18.32314
      21.36710     -18.84957
      21.37730     -19.95800
      21.38750     -19.44836
      21.39760     -18.15004
      21.40780     -19.48440
      21.41800     -20.05092
      21.42810     -18.92870
      21.43830     -19.14968
      21.44850     -19.52307
      21.45860     -19.67746
      21.46880     -21.31561
      21.47900     -17.52625
      21.48910     -17.49761
      21.49930     -20.49315
      21.50940     -19.36916
      21.51960     -16.99955
      21.52980     -19.50241
      21.53990     -18.88528
      21.55010     -16.67278
      21.56030     -19.42258
      21.57040     -17.25185
      21.58060     -18.89587
      21.59080     -20.46187
      21.60090     -17.24677
      21.61110     -18.14632
      21.62130     -20.63756
      21.63140     -17.06681
      21.64160     -18.62071
      21.65170     -17.95204
      21.66190     -17.34784
      21.67210     -16.72434
      21.68220     -16.63732
      21.69240     -14.43438
      21.70260     -17.21140
      21.71270     -17.72379
      21.72290     -15.83975
      21.73310     -14.84479
      21.74320     -16.18402
      21.75340     -15.63610
      21.76360     -16.39613
      21.77370     -17.31922
      21.78390     -16.08411
      21.79410     -13.17593
      21.80420     -16.30923
      21.81440     -14.92342
      21.82450     -14.55803
      21.83470     -16.60272
      21.84490     -14.68198
      21.85500     -13.89005
      21.86520     -15.46678
      21.87540     -14.63646
      21.88550     -15.16325
      21.89570     -14.66707
      21.90590     -16.12200
      21.91600     -15.90234
      21.92620     -15.57782
      21.93640     -17.64246
      21.94650     -16.09061
      21.95670     -18.76172
      21.96680     -16.10495
      21.97700     -15.69971
      21.98720     -16.96024
      21.99730     -17.31061
      22.00750     -16.56027
      22.01770     -17.74330
      22.02780     -17.17398
      22.03800     -18.20136
      22.04820     -18.96964
      22.05830     -18.63339
      22.06850     -17.80103
      22.07870     -18.47695
      22.08880     -17.31629
      22.09900     -18.45656
      22.10920     -18.52251
      22.11930     -19.22971
      22.12950     -18.59479
      22.13960     -19.53974
      22.14980     -19.03057
      22.16000     -20.05298
      22.17010     -19.37323
      22.18030     -19.64652
      22.19050     -17.99899
      22.20060     -21.53763
      22.21080     -20.09648
      22.22100     -17.91240
      22.23110     -18.68314
      22.24130     -18.78154
      22.25150     -20.71517
      22.26160     -24.23276
      22.27180     -20.87570
      22.28190     -21.62227
      22.29210     -22.14293
      22.30230     -20.26686
      22.31240     -18.70429
      22.32260     -19.81436
      22.33280     -20.07717
      22.34290     -18.65393
      22.35310     -21.82236
      22.36330     -20.04357
      22.37340     -20.94974
      22.38360     -20.08714
      22.39380     -19.49793
      22.40390     -20.21518
      22.41410     -22.57384
      22.42430     -20.37696
      22.43440     -19.89845
      22.44460     -20.47208
      22.45470     -21.08559
      22.46490     -20.69194
      22.47510     -19.67537
      22.48520     -21.21128
      22.49540     -19.41135
      22.50560     -22.85057
      22.51570     -19.59514
      22.52590     -20.81529
      22.53610     -21.61699
      22.54620     -19.77689
      22.55640     -20.48421
      22.56660     -21.83548
      22.57670     -20.21788
      22.58690     -21.60965
      22.59700     -20.99445
      22.60720     -19.60997
      22.61740     -20.19364
      22.62750     -20.96286
      22.63770     -20.04512
      22.64790     -20.46765
      22.65800     -20.90847
      22.66820     -18.83437
      22.67840     -20.52284
      22.68850     -19.63218
      22.69870     -18.37829
      22.70890     -19.17925
      22.71900     -20.47335
      22.72920     -18.54611
      22.73940     -17.32573
      22.74950     -20.08051
      22.75970     -20.75575
      22.76980     -18.53741
      22.78000     -19.50066
      22.79020     -18.41390
      22.80030     -17.43495
      22.81050     -19.23948
      22.82070     -17.79530
      22.83080     -18.35068
      22.84100     -17.78077
      22.85120     -17.96370
      22.86130     -18.05745
      22.87150     -18.07731
      22.88170     -18.74125
      22.89180     -17.72709
      22.90200     -17.48031
      22.91210     -16.76605
      22.92230     -16.46993
      22.93250     -17.29966
      22.94260     -17.09268
      22.95280     -16.94492
      22.96300     -16.93399
      22.97310     -16.70671
      22.98330     -17.32987
      22.99350     -17.74031
      23.00360     -16.47511
      23.01380     -16.48096
      23.02400     -16.41480
      23.03410     -13.14330
      23.04430     -16.75359
      23.05450     -16.09234
      23.06460     -14.32592
      23.07480     -15.58192
      23.08490     -17.12278
      23.09510     -14.17640
      23.10530     -14.18902
      23.11540     -15.96647
      23.12560     -18.19717
      23.13580     -15.06711
      23.14590     -16.86154
      23.15610     -14.97978
      23.16630     -14.36715
      23.17640     -15.36897
      23.18660     -16.63469
      23.19680     -15.46961
      23.20690     -16.70866
      23.21710     -15.83179
      23.22720     -15.81881
      23.23740     -15.25001
      23.24760     -14.24020
      23.25770     -16.23383
      23.26790     -16.32171
      23.27810     -15.12845
      23.28820     -14.59799
      23.29840     -14.99187
      23.30860     -14.73434
      23.31870     -17.11906
      23.32890     -15.47815
      23.33910     -17.51536
      23.34920     -16.62442
      23.35940     -16.54759
      23.36950     -14.70223
      23.37970     -16.02088
      23.38990     -16.26713
      23.40000     -15.96423
      23.41020     -15.94519
      23.42040     -15.98333
      23.43050     -16.50173
      23.44070     -15.60378
      23.45090     -15.65266
      23.46100     -16.10105
      23.47120     -17.57294
      23.48140     -18.03124
      23.49150     -15.05845
      23.50170     -16.69897
      23.51190     -17.59535
      23.52200     -16.42015
      23.53220     -17.08791
      23.54230     -16.32369
      23.55250     -18.17225
      23.56270     -17.04605
      23.57280     -17.05728
      23.58300     -17.28105
      23.59320     -17.04962
      23.60330     -16.89510
      23.61350     -18.33284
      23.62370     -18.78504
      23.63380     -18.07355
      23.64400     -17.10415
      23.65420     -17.91873
      23.66430     -17.69918
      23.67450     -18.44147
      23.68460     -18.12926
      23.69480     -18.39873
      23.70500     -18.33161
      23.71510     -19.09962
      23.72530     -18.99902
      23.73550     -17.44152
      23.74560     -18.70875
      23.75580     -20.39715
      23.76600     -18.38836
      23.77610     -18.80390
      23.78630     -18.85040
      23.79650     -18.58946
      23.80660     -19.56246
      23.81680     -19.39628
      23.82700     -18.67234
      23.83710     -19.92208
      23.84730     -19.70240
      23.85740     -20.60618
      23.86760     -19.83050
      23.87780     -20.56666
      23.88790     -18.63605
      23.89810     -20.89576
      23.90830     -20.52715
      23.91840     -20.32150
      23.92860     -20.35605
      23.93880     -20.46210
      23.94890     -21.62088
      23.95910     -19.76974
      23.96930     -18.76995
      23.97940     -20.46266
      23.98960     -20.64538
      23.99970     -20.70049
      24.00990     -20.66551
      24.02010     -19.99162
      24.03020     -20.65000
      24.04040     -22.36817
      24.05060     -20.90733
      24.06070     -20.82861
      24.07090     -21.84960
      24.08110     -20.67146
      24.09120     -21.68532
      24.10140     -21.65882
      24.11160     -20.89311
      24.12170     -21.15928
      24.13190     -20.90503
      24.14210     -22.62150
      24.15220     -22.20973
      24.16240     -20.53752
      24.17250     -22.26698
      24.18270     -22.98600
      24.19290     -22.57558
      24.20300     -20.52680
      24.21320     -22.65749
      24.22340     -23.19870
      24.23350     -20.53149
      24.24370     -22.28369
      24.25390     -23.44638
      24.26400     -22.88059
      24.27420     -22.33418
      24.28440     -22.60822
      24.29450     -21.07372
      24.30470     -22.35858
      24.31480     -22.45488
      24.32500     -22.10053
      24.33520     -23.30657
      24.34530     -22.46397
      24.35550     -22.65074
      24.36570     -22.07783
      24.37580     -23.09628
      24.38600     -22.26404
      24.39620     -22.79212
      24.40630     -22.86154
      24.41650     -21.79025
      24.42670     -22.96927
      24.43680     -22.78957
      24.44700     -23.26917
      24.45720     -22.30907
      24.46730     -22.62020
      24.47750     -22.39063
      24.48760     -23.17232
      24.49780     -21.76328
      24.50800     -21.84451
      24.51810     -22.26695
      24.52830     -22.00869
      24.53850     -22.99066
      24.54860     -23.33384
      24.55880     -22.47629
      24.56900     -22.96897
      24.57910     -22.81286
      24.58930     -22.69600
      24.59950     -23.43937
      24.60960     -23.07392
      24.61980     -21.98774
      24.62990     -22.52272
      24.64010     -22.37697
      24.65030     -22.47144
      24.66040     -23.10704
      24.67060     -22.61192
      24.68080     -23.00702
      24.69090     -22.42324
      24.70110     -23.31874
      24.71130     -23.23443
      24.72140     -23.79125
      24.73160     -21.71734
      24.74180     -23.20363
      24.75190     -22.79104
      24.76210     -23.11770
      24.77230     -22.55457
      24.78240     -22.00254
      24.79260     -23.00978
      24.80270     -23.77812
      24.81290     -23.68574
      24.82310     -22.43356
      24.83320     -22.83243
      24.84340     -22.99061
      24.85360     -22.70897
      24.86370     -22.01838
      24.87390     -22.88711
      24.88410     -23.48600
      24.89420     -22.90596
      24.90440     -23.69520
      24.91460     -22.54463
      24.92470     -24.66512
      24.93490     -22.56489
      24.94500     -23.06573
      24.95520     -21.92584
      24.96540     -22.27614
      24.97550     -22.85749
      24.98570     -21.91812
      24.99590     -22.53895
      25.00600     -23.31079
      25.01620     -22.69196
      25.02640     -22.17328
      25.03650     -22.69563
      25.04670     -22.94731
      25.05690     -21.95913
      25.06700     -22.43200
      25.07720     -22.14416
      25.08740     -22.14649
      25.09750     -22.07985
      25.10770     -22.38252
      25.11780     -23.53621
      25.12800     -21.13921
      25.13820     -23.12237
      25.14830     -22.20656
      25.15850     -22.03005
      25.16870     -22.52373
      25.17880     -21.51840
      25.18900     -21.98240
      25.19920     -22.78655
      25.20930     -22.63172
      25.21950     -22.01621
      25.22970     -20.60085
      25.23980     -22.22651
      25.25000     -22.64148
      25.26010     -22.14746
      25.27030     -21.57277
      25.28050     -21.02823
      25.29060     -21.58470
      25.30080     -21.19050
      25.31100     -22.78646
      25.32110     -22.83342
      25.33130     -20.97971
      25.34150     -21.85618
      25.35160     -22.02360
      25.36180     -23.02040
      25.37200     -21.17734
      25.38210     -22.05528
      25.39230     -21.40255
      25.40240     -20.79082
      25.41260     -21.75841
      25.42280     -21.62619
      25.43290     -21.65494
      25.44310     -22.33304
      25.45330     -21.14131
      25.46340     -21.09055
      25.47360     -22.09915
      25.48380     -20.50792
      25.49390     -21.52766
      25.50410     -20.13675
      25.51430     -21.54605
      25.52440     -21.69626
      25.53460     -21.67588
      25.54480     -21.33566
      25.55490     -21.90640
      25.56510     -21.62652
      25.57520     -21.21758
      25.58540     -20.33804
      25.59560     -21.38867
      25.60570     -22.30025
      25.61590     -21.24122
      25.62610     -21.13236
      25.63620     -21.90446
      25.64640     -22.21595
      25.65660     -21.03762
      25.66670     -21.97023
      25.67690     -21.85225
      25.68710     -20.38446
      25.69720     -20.61759
      25.70740     -21.17016
      25.71750     -21.05364
      25.72770     -21.40656
      25.73790     -21.75965
      25.74800     -20.30369
      25.75820     -20.45714
      25.76840     -20.90079
      25.77850     -20.61537
      25.78870     -21.80938
      25.79890     -20.75358
      25.80900     -20.67872
      25.81920     -20.05330
      25.82940     -22.33808
      25.83950     -21.16377
      25.84970     -21.27893
      25.85990     -21.27429
      25.87000     -19.95057
      25.88020     -20.22633
      25.89030     -20.37300
      25.90050     -20.70916
      25.91070     -21.53551
      25.92080     -20.85279
      25.93100     -20.51955
      25.94120     -20.74652
      25.95130     -20.60443
      25.96150     -19.83182
      25.97170     -20.42943
      25.98180     -20.99796
      25.99200     -20.11601
      26.00220     -21.27429
      26.01230     -21.21348
      26.02250     -20.46221
      26.03260     -20.28184
      26.04280     -19.61102
      26.05300     -20.75044
      26.06310     -20.42077
      26.07330     -21.16067
      26.08350     -20.18081
      26.09360     -20.80187
      26.10380     -19.95250
      26.11400     -20.68338
      26.12410     -19.65520
      26.13430     -19.99660
      26.14450     -20.31826
      26.15460     -20.17087
      26.16480     -20.87306
      26.17500     -21.25555
      26.18510     -20.58896
      26.19530     -20.81202
      26.20540     -19.78600
      26.21560     -20.18963
      26.22580     -20.26355
      26.23590     -20.73842
      26.24610     -20.35296
      26.25630     -20.77781
      26.26640     -19.63362
      26.27660     -20.76911
      26.28680     -19.99493
      26.29690     -21.44172
      26.30710     -18.67822
      26.31730     -19.90508
      26.32740     -20.15291
      26.33760     -20.22047
      26.34770     -19.75903
      26.35790     -20.55734
      26.36810     -19.97605
      26.37820     -20.37573
      26.38840     -19.95522
      26.39860     -19.52511
      26.40870     -19.55600
      26.41890     -20.34674
      26.42910     -19.62790
      26.43920     -20.04008
      26.44940     -20.01213
      26.45960     -20.27464
      26.46970     -20.22819
      26.47990     -20.70164
      26.49010     -19.41558
      26.50020     -19.45057
      26.51040     -18.79552
      26.52050     -19.72152
      26.53070     -20.95751
      26.54090     -20.02406
      26.55100     -19.50166
      26.56120     -19.86931
      26.57140     -19.85754
      26.58150     -19.39686
      26.59170     -19.27628
      26.60190     -19.31631
      26.61200     -19.04745
      26.62220     -19.89874
      26.63240     -19.13069
      26.64250     -19.69377
      26.65270     -20.17705
      26.66280     -18.65149
      26.67300     -18.87619
      26.68320     -19.48161
      26.69330     -19.34820
      26.70350     -19.92510
      26.71370     -19.57279
      26.72380     -19.41166
      26.73400     -19.32093
      26.74420     -19.45101
      26.75430     -18.91232
      26.76450     -19.88408
      26.77470     -19.11672
      26.78480     -19.18060
      26.79500     -18.77503
      26.80520     -19.30037
      26.81530     -18.57699
      26.82550     -19.14422
      26.83560     -19.93274
      26.84580     -18.70194
      26.85600     -18.12215
      26.86610     -19.90367
      26.87630     -19.95597
      26.88650     -20.29933
      26.89660     -19.08402
      26.90680     -20.39957
      26.91700     -18.81624
      26.92710     -19.02428
      26.93730     -19.46325
      26.94750     -19.55343
      26.95760     -20.26498
      26.96780     -19.09757
      26.97790     -18.52157
      26.98810     -18.90666
      26.99830     -19.16305
      27.00840     -18.70085
      27.01860     -20.24985
      27.02880     -19.95021
      27.03890     -19.35200
      27.04910     -19.64509
      27.05930     -19.43959
      27.06940     -19.00555
      27.07960     -19.31291
      27.08980     -18.91172
      27.09990     -19.38202
      27.11010     -19.01381
      27.12020     -19.19708
      27.13040     -19.43192
      27.14060     -19.48832
      27.15070     -18.86621
      27.16090     -18.79576
      27.17110     -20.67692
      27.18120     -19.12957
      27.19140     -19.90399
      27.20160     -18.92007
      27.21170     -18.77764
      27.22190     -20.42708
      27.23210     -20.92821
      27.24220     -18.23084
      27.25240     -20.36541
      27.26260     -19.61173
      27.27270     -19.73954
      27.28290     -19.77938
      27.29300     -20.38068
      27.30320     -20.26409
      27.31340     -18.64930
      27.32350     -18.82595
      27.33370     -19.62479
      27.34390     -19.54545
      27.35400     -19.75753
      27.36420     -19.13186
      27.37440     -19.98805
      27.38450     -18.74561
      27.39470     -19.69549
      27.40490     -18.27724
      27.41500     -20.57033
      27.42520     -20.48578
      27.43530     -18.89255
      27.44550     -19.63172
      27.45570     -18.98277
      27.46580     -19.63504
      27.47600     -20.23978
      27.48620     -19.38638
      27.49630     -20.38414
      27.50650     -19.93441
      27.51670     -20.05651
      27.52680     -19.86968
      27.53700     -19.57539
      27.54720     -19.28288
      27.55730     -19.12140
      27.56750     -20.03242
      27.57770     -20.48522
      27.58780     -19.51890
      27.59800     -20.18514
      27.60810     -20.16221
      27.61830     -20.12177
      27.62850     -18.88302
      27.63860     -20.32496
      27.64880     -20.13941
      27.65900     -20.05544
      27.66910     -20.20204
      27.67930     -19.95112
      27.68950     -20.70168
      27.69960     -20.36268
      27.70980     -20.53609
      27.72000     -19.90087
      27.73010     -19.64597
      27.74030     -20.77337
      27.75040     -19.14099
      27.76060     -18.61086
      27.77080     -20.99192
      27.78090     -18.99299
      27.79110     -21.05625
      27.80130     -19.12053
      27.81140     -19.53465
      27.82160     -19.98083
      27.83180     -19.36787
      27.84190     -19.66456
      27.85210     -18.40316
      27.86230     -19.04246
      27.87240     -18.93119
      27.88260     -18.33168
      27.89280     -19.17265
      27.90290     -18.16288
      27.91310     -19.22465
      27.92320     -18.58553
      27.93340     -18.93780
      27.94360     -18.87023
      27.95370     -18.51152
      27.96390     -18.66401
      27.97410     -18.71640
      27.98420     -18.71741
      27.99440     -17.98937
      28.00460     -17.92099
      28.01470     -17.01097
      28.02490     -19.03162
      28.03510     -18.17166
      28.04520     -18.35981
      28.05540     -17.91834
      28.06550     -17.33480
      28.07570     -17.10143
      28.08590     -16.32694
      28.09600     -18.05015
      28.10620     -18.42316
      28.11640     -16.69477
      28.12650     -18.20378
      28.13670     -16.14226
      28.14690     -17.14899
      28.15700     -17.47286
      28.16720     -17.13581
      28.17740     -16.69670
      28.18750     -16.24443
      28.19770     -15.54085
      28.20790     -16.33486
      28.21800     -16.53548
      28.22820     -16.98437
      28.23830     -15.92967
      28.24850     -15.17297
      28.25870     -16.55329
      28.26880     -16.58980
      28.27900     -17.09387
      28.28920     -17.22464
      28.29930     -16.10135
      28.30950     -15.98523
      28.31970     -15.91548
      28.32980     -16.69146
      28.34000     -16.56421
      28.35020     -17.15302
      28.36030     -16.80739
      28.37050     -17.20813
      28.38060     -15.50433
      28.39080     -17.67664
      28.40100     -16.45459
      28.41110     -17.60790
      28.42130     -17.21697
      28.43150     -17.18148
      28.44160     -15.91129
      28.45180     -17.49654
      28.46200     -17.76707
      28.47210     -16.01289
      28.48230     -18.17389
      28.49250     -17.83004
      28.50260     -18.15154
      28.51280     -17.95799
      28.52300     -18.36954
      28.53310     -17.12654
      28.54330     -17.82832
      28.55340     -18.52566
      28.56360     -18.91770
      28.57380     -18.36487
      28.58390     -18.37778
      28.59410     -19.02532
      28.60430     -18.73810
      28.61440     -19.14684
      28.62460     -18.66023
      28.63480     -18.28897
      28.64490     -19.17399
      28.65510     -18.88368
      28.66530     -18.21891
      28.67540     -18.87076
      28.68560     -18.58736
      28.69570     -18.88083
      28.70590     -17.32912
      28.71610     -19.80337
      28.72620     -19.48487
      28.73640     -19.44136
      28.74660     -20.32412
      28.75670     -19.48449
      28.76690     -20.60008
      28.77710     -19.73221
      28.78720     -19.97240
      28.79740     -20.56802
      28.80760     -19.99051
      28.81770     -19.17151
      28.82790     -21.00813
      28.83810     -20.18199
      28.84820     -20.97477
      28.85840     -21.25344
      28.86850     -21.22131
      28.87870     -19.99524
      28.88890     -20.27698
      28.89900     -20.87831
      28.90920     -20.63598
      28.91940     -20.74182
      28.92950     -20.68758
      28.93970     -20.14002
      28.94990     -21.04088
      28.96000     -21.34210
      28.97020     -20.75020
      28.98040     -21.59707
      28.99050     -20.35465
      29.00070     -20.21939
      29.01080     -20.76504
      29.02100     -20.69802
      29.03120     -20.77025
      29.04130     -21.37372
      29.05150     -20.72477
      29.06170     -20.61535
      29.07180     -21.08744
      29.08200     -20.96736
      29.09220     -21.98710
      29.10230     -20.52854
      29.11250     -19.92811
      29.12270     -21.29768
      29.13280     -20.71922
      29.14300     -20.19907
      29.15310     -21.34104
      29.16330     -22.22144
      29.17350     -19.70223
      29.18360     -20.00533
      29.19380     -20.18707
      29.20400     -20.14938
      29.21410     -20.41417
      29.22430     -20.10779
      29.23450     -20.39215
      29.24460     -20.50913
      29.25480     -19.77512
      29.26500     -19.23204
      29.27510     -19.63163
      29.28530     -20.14046
      29.29550     -18.98029
      29.30560     -20.20295
      29.31580     -20.31494
      29.32590     -20.70983
      29.33610     -19.89414
      29.34630     -19.70966
      29.35640     -19.89814
      29.36660     -19.32618
      29.37680     -19.95551
      29.38690     -19.01786
      29.39710     -18.45987
      29.40730     -18.59326
      29.41740     -19.35969
      29.42760     -17.76589
      29.43780     -19.11356
      29.44790     -19.87422
      29.45810     -17.96480
      29.46820     -19.63836
      29.47840     -20.00191
      29.48860     -19.35694
      29.49870     -19.14498
      29.50890     -18.24303
      29.51910     -19.15261
      29.52920     -18.53518
      29.53940     -18.70780
      29.54960     -18.39197
      29.55970     -18.17910
      29.56990     -18.43632
      29.58010     -19.41510
      29.59020     -18.80675
      29.60040     -18.21855
      29.61060     -18.02190
      29.62070     -18.97805
      29.63090     -17.17441
      29.64100     -16.88352
      29.65120     -17.41285
      29.66140     -17.78364
      29.67150     -17.89715
      29.68170     -17.28084
      29.69190     -16.81598
      29.70200     -17.50376
      29.71220     -18.10172
      29.72240     -18.17109
      29.73250     -16.04300
      29.74270     -17.36510
      29.75290     -17.54858
      29.76300     -17.19447
      29.77320     -17.12057
      29.78330     -17.19904
      29.79350     -16.59769
      29.80370     -17.26761
      29.81380     -15.91981
      29.82400     -16.95220
      29.83420     -16.87575
      29.84430     -16.80153
      29.85450     -16.37743
      29.86470     -16.45447
      29.87480     -15.54364
      29.88500     -16.44290
      29.89520     -17.40326
      29.90530     -16.22565
      29.91550     -16.98810
      29.92570     -17.25161
      29.93580     -16.00704
      29.94600     -16.38254
      29.95610     -16.28991
      29.96630     -16.56734
      29.97650     -16.78569
      29.98660     -16.18584
      29.99680     -16.45603
      30.00700     -16.50710
      30.01710     -17.14990
      30.02730     -16.23269
      30.03750     -15.95633
      30.04760     -15.69164
      30.05780     -16.34691
      30.06800     -17.17298
      30.07810     -16.63065
      30.08830     -16.70827
      30.09840     -16.29746
      30.10860     -17.07658
      30.11880     -16.24645
      30.12890     -16.28780
      30.13910     -15.89910
      30.14930     -16.85109
      30.15940     -17.05451
      30.16960     -16.42787
      30.17980     -16.67189
      30.18990     -16.22731
      30.20010     -16.30263
      30.21030     -15.63859
      30.22040     -16.39591
      30.23060     -15.57312
      30.24080     -16.28095
      30.25090     -17.00008
      30.26110     -17.28911
      30.27120     -16.33942
      30.28140     -15.20961
      30.29160     -17.21039
      30.30170     -17.60240
      30.31190     -16.55432
      30.32210     -16.65677
      30.33220     -16.70043
      30.34240     -16.72398
      30.35260     -16.67806
      30.36270     -16.78332
      30.37290     -16.93846
      30.38310     -16.85412
      30.39320     -16.53093
      30.40340     -16.56761
      30.41350     -16.82541
      30.42370     -17.61310
      30.43390     -16.88128
      30.44400     -17.11056
      30.45420     -16.88972
      30.46440     -17.03937
      30.47450     -16.97006
      30.48470     -17.37066
      30.49490     -16.61172
      30.50500     -18.06383
      30.51520     -16.32581
      30.52540     -16.66826
      30.53550     -17.78173
      30.54570     -17.43508
      30.55590     -16.15888
      30.56600     -16.87368
      30.57620     -16.56837
      30.58630     -16.97403
      30.59650     -18.22959
      30.60670     -17.11559
      30.61680     -17.28254
      30.62700     -17.50939
      30.63720     -17.39668
      30.64730     -16.64489
      30.65750     -16.93302
      30.66770     -17.45155
      30.67780     -16.55101
      30.68800     -16.74037
      30.69820     -16.95015
      30.70830     -16.83083
      30.71850     -17.55142
      30.72860     -17.44291
      30.73880     -16.71430
      30.74900     -17.47610
      30.75910     -16.93878
      30.76930     -17.21138
      30.77950     -17.04438
      30.78960     -17.24822
      30.79980     -17.47200
      30.81000     -16.64618
      30.82010     -17.69119
      30.83030     -17.47615
      30.84050     -16.89149
      30.85060     -17.86765
      30.86080     -17.53376
      30.87100     -16.38025
      30.88110     -17.15756
      30.89130     -16.79481
      30.90140     -17.39286
      30.91160     -17.58087
      30.92180     -16.74927
      30.93190     -17.79844
      30.94210     -17.45757
      30.95230     -17.44710
      30.96240     -17.43737
      30.97260     -17.97763
      30.98280     -17.66826
      30.99290     -17.44964
      31.00310     -17.33101
      31.01330     -16.43274
      31.02340     -17.25522
      31.03360     -17.73768
      31.04370     -16.65088
      31.05390     -17.40407
      31.06410     -17.40762
      31.07420     -16.46189
      31.08440     -16.85617
      31.09460     -17.03081
      31.10470     -16.47615
      31.11490     -17.93150
      31.12510     -17.53721
      31.13520     -17.93361
      31.14540     -17.58003
      31.15560     -17.20680
      31.16570     -17.34426
      31.17590     -17.65174
      31.18600     -17.50988
      31.19620     -16.33806
      31.20640     -16.57659
      31.21650     -16.71578
      31.22670     -17.40500
      31.23690     -17.29457
      31.24700     -16.70479
      31.25720     -16.23504
      31.26740     -18.19565
      31.27750     -17.13689
      31.28770     -16.63818
      31.29790     -17.05982
      31.30800     -17.86206
      31.31820     -17.18438
      31.32840     -17.81703
      31.33850     -17.09029
      31.34870     -17.62361
      31.35880     -17.42753
      31.36900     -17.75153
      31.37920     -17.65586
      31.38930     -17.77078
      31.39950     -17.71577
      31.40970     -17.64110
      31.41980     -17.61701
      31.43000     -17.17300
      31.44020     -17.84932
      31.45030     -18.09620
      31.46050     -17.37318
      31.47070     -18.10049
      31.48080     -17.08835
      31.49100     -17.56631
      31.50110     -16.56481
      31.51130     -17.04342
      31.52150     -17.53235
      31.53160     -16.88181
      31.54180     -17.23140
      31.55200     -17.71130
      31.56210     -17.59172
      31.57230     -17.70227
      31.58250     -18.22314
      31.59260     -17.21451
      31.60280     -17.41602
      31.61300     -16.82784
      31.62310     -17.65016
      31.63330     -16.63263
      31.64350     -16.90541
      31.65360     -17.01867
      31.66380     -17.16208
      31.67390     -17.15597
      31.68410     -17.65001
      31.69430     -17.25437
      31.70440     -17.47919
      31.71460     -16.95418
      31.72480     -17.94948
      31.73490     -17.23523
      31.74510     -17.36115
      31.75530     -16.98739
      31.76540     -17.60407
      31.77560     -17.52093
      31.78580     -17.69810
      31.79590     -17.89570
      31.80610     -17.82349
      31.81620     -17.52171
      31.82640     -17.09011
      31.83660     -16.73883
      31.84670     -17.12795
      31.85690     -17.69728
      31.86710     -17.53692
      31.87720     -17.55696
      31.88740     -17.31720
      31.89760     -17.83775
      31.90770     -16.94869
      31.91790     -17.55985
      31.92810     -16.81131
      31.93820     -17.46315
      31.94840     -17.73521
      31.95860     -16.99757
      31.96870     -17.73030
      31.97890     -17.29326
      31.98900     -17.30658
      31.99920     -17.48013
      32.00940     -17.58398
      32.01950     -16.99818
      32.02970     -17.70261
      32.03990     -17.94733
      32.05000     -17.35240
      32.06020     -18.02770
      32.07040     -17.94330
      32.08050     -17.15922
      32.09070     -17.84538
      32.10090     -17.49183
      32.11100     -17.62859
      32.12120     -17.43560
      32.13130     -16.93292
      32.14150     -17.88048
      32.15170     -17.91832
      32.16180     -17.95645
      32.17200     -17.76483
      32.18220     -17.42349
      32.19230     -17.49241
      32.20250     -17.56160
      32.21270     -17.84104
      32.22280     -17.41075
      32.23300     -17.32071
      32.24320     -17.71092
      32.25330     -18.21138
      32.26350     -17.89209
      32.27370     -17.52305
      32.28380     -17.06424
      32.29400     -17.31568
      32.30410     -17.65733
      32.31430     -18.85924
      32.32450     -17.04137
      32.33460     -17.36371
      32.34480     -16.83629
      32.35500     -17.20909
      32.36510     -18.07207
      32.37530     -18.18529
      32.38550     -17.07872
      32.39560     -17.86231
      32.40580     -16.87613
      32.41600     -17.62015
      32.42610     -17.67431
      32.43630     -16.64869
      32.44640     -17.92321
      32.45660     -18.58794
      32.46680     -17.96284
      32.47690     -18.47785
      32.48710     -18.04307
      32.49730     -18.58843
      32.50740     -18.24389
      32.51760     -18.24954
      32.52780     -17.72532
      32.53790     -17.84117
      32.54810     -17.87719
      32.55830     -18.31334
      32.56840     -18.33952
      32.57860     -18.53586
      32.58880     -17.68230
      32.59890     -18.24875
      32.60910     -18.11535
      32.61920     -18.14196
      32.62940     -18.27869
      32.63960     -18.13547
      32.64970     -17.87224
      32.65990     -18.27911
      32.67010     -18.26602
      32.68020     -17.67287
      32.69040     -17.95981
      32.70060     -18.58675
      32.71070     -18.06362
      32.72090     -19.11054
      32.73110     -18.86744
      32.74120     -18.36425
      32.75140     -18.11108
      32.76150     -19.06779
      32.77170     -17.97450
      32.78190     -18.64115
      32.79200     -18.51765
      32.80220     -18.07412
      32.81240     -18.35049
      32.82250     -18.27669
      32.83270     -18.67283
      32.84290     -18.55883
      32.85300     -18.74463
      32.86320     -18.59034
      32.87340     -18.46587
      32.88350     -17.40118
      32.89370     -18.60635
      32.90390     -18.15133
      32.91400     -18.91604
      32.92420     -18.02058
      32.93430     -18.10485
      32.94450     -18.92891
      32.95470     -18.41272
      32.96480     -18.19622
      32.97500     -19.36949
      32.98520     -17.52246
      32.99530     -17.98511
      33.00550     -17.80747
      33.01570     -18.05951
      33.02580     -18.64120
      33.03600     -17.91256
      33.04620     -18.35357
      33.05630     -17.83421
      33.06650     -17.31449
      33.07660     -17.92438
      33.08680     -18.38388
      33.09700     -17.78298
      33.10710     -17.17167
      33.11730     -17.98994
      33.12750     -17.80778
      33.13760     -17.71521
      33.14780     -18.85218
      33.15800     -18.04869
      33.16810     -18.07479
      33.17830     -18.78039
      33.18850     -18.50552
      33.19860     -18.04023
      33.20880     -18.11441
      33.21890     -18.16817
      33.22910     -18.26140
      33.23930     -18.08412
      33.24940     -18.46644
      33.25960     -18.20819
      33.26980     -17.76945
      33.27990     -18.66030
      33.29010     -17.34057
      33.30030     -17.44034
      33.31040     -16.97973
      33.32060     -18.19852
      33.33080     -17.92681
      33.34090     -18.46474
      33.35110     -17.50207
      33.36130     -18.16892
      33.37140     -18.43542
      33.38160     -17.61132
      33.39170     -17.72689
      33.40190     -17.64186
      33.41210     -17.98638
      33.42220     -19.30060
      33.43240     -18.12423
      33.44260     -17.68741
      33.45270     -18.26034
      33.46290     -18.38269
      33.47310     -18.49461
      33.48320     -18.12632
      33.49340     -18.62745
      33.50360     -18.35820
      33.51370     -18.43876
      33.52390     -18.24877
      33.53400     -17.71862
      33.54420     -18.49793
      33.55440     -18.62689
      33.56450     -18.29575
      33.57470     -17.74408
      33.58490     -18.70211
      33.59500     -18.27005
      33.60520     -19.42750
      33.61540     -19.07469
      33.62550     -18.05182
      33.63570     -18.75849
      33.64590     -18.62491
      33.65600     -18.35134
      33.66620     -18.43732
      33.67640     -18.41309
      33.68650     -19.39890
      33.69670     -18.56428
      33.70680     -19.40974
      33.71700     -19.07479
      33.72720     -19.41967
      33.73730     -19.34466
      33.74750     -19.22927
      33.75770     -18.48375
      33.76780     -20.31838
      33.77800     -19.39264
      33.78820     -19.27681
      33.79830     -20.02114
      33.80850     -19.81516
      33.81870     -20.23909
      33.82880     -20.14322
      33.83900     -19.83705
      33.84910     -19.41110
      33.85930     -21.24485
      33.86950     -20.28858
      33.87960     -20.56255
      33.88980     -20.03625
      33.90000     -20.59995
      33.91010     -20.20393
      33.92030     -20.29766
      33.93050     -19.66140
      33.94060     -20.42544
      33.95080     -21.25925
      33.96100     -20.30312
      33.97110     -19.62728
      33.98130     -20.70124
      33.99150     -20.08526
      34.00160     -20.49962
      34.01180     -19.68379
      34.02190     -20.60829
      34.03210     -21.45263
      34.04230     -20.73706
      34.05240     -21.26184
      34.06260     -20.61647
      34.07280     -20.96121
      34.08290     -20.82631
      34.09310     -20.63128
      34.10330     -20.69638
      34.11340     -21.05183
      34.12360     -20.71718
      34.13380     -20.98267
      34.14390     -21.16853
      34.15410     -20.70430
      34.16420     -20.66045
      34.17440     -20.74652
      34.18460     -20.86273
      34.19470     -20.87935
      34.20490     -21.15588
      34.21510     -20.90258
      34.22520     -21.06967
      34.23540     -21.60671
      34.24560     -21.31391
      34.25570     -20.95152
      34.26590     -21.15908
      34.27610     -20.78682
      34.28620     -21.22495
      34.29640     -20.97305
      34.30660     -21.14134
      34.31670     -20.78002
      34.32690     -21.87868
      34.33700     -20.77773
      34.34720     -20.88678
      34.35740     -20.77602
      34.36750     -20.32564
      34.37770     -19.91526
      34.38790     -20.81508
      34.39800     -21.26530
      34.40820     -20.72550
      34.41840     -20.52591
      34.42850     -21.91671
      34.43870     -21.63751
      34.44890     -21.43852
      34.45900     -21.41991
      34.46920     -21.09131
      34.47930     -20.89309
      34.48950     -20.20490
      34.49970     -20.20690
      34.50980     -20.10928
      34.52000     -21.05167
      34.53020     -21.27427
      34.54030     -20.36724
      34.55050     -21.58023
      34.56070     -21.58342
      34.57080     -20.53697
      34.58100     -20.79055
      34.59120     -20.31432
      34.60130     -21.01845
      34.61150     -21.05261
      34.62170     -21.11697
      34.63180     -21.34166
      34.64200     -21.57640
      34.65210     -20.38147
      34.66230     -20.53658
      34.67250     -20.97187
      34.68260     -20.58750
      34.69280     -20.79316
      34.70300     -21.38900
      34.71310     -21.34516
      34.72330     -21.51136
      34.73350     -21.48774
      34.74360     -20.53442
      34.75380     -21.97115
      34.76400     -21.15805
      34.77410     -21.21525
      34.78430     -21.41249
      34.79440     -21.81002
      34.80460     -20.55758
      34.81480     -21.10532
      34.82490     -21.00333
      34.83510     -21.62139
      34.84530     -20.87960
      34.85540     -20.74808
      34.86560     -20.65660
      34.87580     -21.64528
      34.88590     -21.23421
      34.89610     -21.05318
      34.90630     -20.90230
      34.91640     -21.34167
      34.92660     -21.22107
      34.93670     -20.95072
      34.94690     -21.11040
      34.95710     -20.93022
      34.96720     -21.83027
      34.97740     -20.86035
      34.98760     -21.60057
      34.99770     -21.63101
      35.00790     -21.15148
      35.01810     -21.62207
      35.02820     -21.64288
      35.03840     -21.18372
      35.04860     -21.14468
      35.05870     -21.35584
      35.06890     -21.71703
      35.07910     -21.68833
      35.08920     -20.88983
      35.09940     -21.53135
      35.10950     -20.73306
      35.11970     -20.93479
      35.12990     -20.59663
      35.14000     -21.40865
      35.15020     -21.03069
      35.16040     -20.80283
      35.17050     -20.66513
      35.18070     -21.22747
      35.19090     -21.33989
      35.20100     -21.12247
      35.21120     -21.23507
      35.22140     -21.40777
      35.23150     -20.96062
      35.24170     -21.47348
      35.25180     -21.43649
      35.26200     -20.94952
      35.27220     -21.06262
      35.28230     -21.59588
      35.29250     -20.40914
      35.30270     -21.29247
      35.31280     -21.38595
      35.32300     -21.42943
      35.33320     -20.62299
      35.34330     -21.57668
      35.35350     -21.07037
      35.36370     -22.02413
      35.37380     -21.44801
      35.38400     -21.04190
      35.39420     -20.25586
      35.40430     -22.24993
      35.41450     -21.58400
      35.42460     -20.95819
      35.43480     -20.76239
      35.44500     -21.31663
      35.45510     -21.70099
      35.46530     -21.35535
      35.47550     -20.99977
      35.48560     -22.01429
      35.49580     -21.52881
      35.50600     -21.33337
      35.51610     -21.82804
      35.52630     -21.61271
      35.53650     -21.88742
      35.54660     -21.57223
      35.55680     -20.97704
      35.56690     -21.89194
      35.57710     -22.69683
      35.58730     -21.93177
      35.59740     -21.39680
      35.60760     -21.40181
      35.61780     -21.38688
      35.62790     -21.22202
      35.63810     -20.89716
      35.64830     -21.78234
      35.65840     -21.40760
      35.66860     -21.56285
      35.67880     -21.36814
      35.68890     -21.68351
      35.69910     -21.77886
      35.70930     -20.98425
      35.71940     -21.55972
      35.72960     -21.30518
      35.73970     -21.43071
      35.74990     -20.48623
      35.76010     -22.13178
      35.77020     -21.79741
      35.78040     -21.60302
      35.79060     -21.87866
      35.80070     -21.56437
      35.81090     -20.82007
      35.82110     -21.52580
      35.83120     -22.36160
      35.84140     -21.20737
      35.85160     -22.35318
      35.86170     -22.35905
      35.87190     -21.66491
      35.88200     -21.20083
      35.89220     -22.01674
      35.90240     -21.25268
      35.91250     -21.85867
      35.92270     -21.91465
      35.93290     -21.29065
      35.94300     -21.12672
      35.95320     -20.52276
      35.96340     -21.27884
      35.97350     -21.62497
      35.98370     -21.41108
      35.99390     -21.03721
      36.00400     -21.50341
      36.01420     -21.34958
      36.02440     -20.47578
      36.03450     -21.68203
      36.04470     -21.79827
      36.05480     -20.88456
      36.06500     -22.30084
      36.07520     -20.67713
      36.08530     -21.18348
      36.09550     -21.27981
      36.10570     -21.98616
      36.11580     -21.90256
