! TITLE: Yobs                                                                                                                                                                                                                                                            
! Peak:  3
       6.00860      20.00000
       6.01870      20.00000
       6.02890      20.00000
       6.03910      20.00000
       6.04920      20.00000
       6.05940      20.00000
       6.06960      20.00000
       6.07970      20.00000
       6.08990      20.00000
       6.10010      20.00000
       6.11020      20.00000
       6.12040      20.00000
       6.13060      20.00000
       6.14070      20.00000
       6.15090      20.00000
       6.16110      20.00000
       6.17120      20.00000
       6.18140      20.00000
       6.19150      20.00000
       6.20170      20.00000
       6.21190      20.00000
       6.22200      20.00000
       6.23220      20.00000
       6.24240      20.00000
       6.25250      20.00000
       6.26270      20.00000
       6.27290      20.00000
       6.28300      20.00000
       6.29320      20.00000
       6.30340      20.00000
       6.31350      20.00000
       6.32370      20.00000
       6.33380      20.00000
       6.34400      20.00000
       6.35420      20.00000
       6.36430      20.00000
       6.37450      20.00000
       6.38470      20.00000
       6.39480      20.00000
       6.40500      20.00000
       6.41520      20.00000
       6.42530      20.00000
       6.43550      20.00000
       6.44570      20.00000
       6.45580      20.00000
       6.46600      20.00000
       6.47620      20.00000
       6.48630      20.00000
       6.49650      20.00000
       6.50660      20.00000
       6.51680      20.00000
       6.52700      20.00000
       6.53710      20.00000
       6.54730      20.00000
       6.55750      20.00000
       6.56760      20.00000
       6.57780      20.00000
       6.58800      20.00000
       6.59810      20.00000
       6.60830      20.00000
       6.61850      20.00000
       6.62860      20.00000
       6.63880      20.00000
       6.64890      20.00000
       6.65910      20.00000
       6.66930      20.00000
       6.67940      20.00000
       6.68960      20.00000
       6.69980      20.00000
       6.70990      20.00000
       6.72010      20.00000
       6.73030      20.00000
       6.74040      20.00000
       6.75060      20.00000
       6.76080      20.00000
       6.77090      20.00000
       6.78110      20.00000
       6.79130      20.00000
       6.80140      20.00000
       6.81160      20.00000
       6.82170      20.00000
       6.83190      20.00000
       6.84210      20.00000
       6.85220      20.00000
       6.86240      20.00000
       6.87260      20.00000
       6.88270      20.00000
       6.89290      20.00000
       6.90310      20.00000
       6.91320      20.00000
       6.92340      20.00000
       6.93360      20.00000
       6.94370      20.00000
       6.95390      20.00000
       6.96400      20.00000
       6.97420      20.00000
       6.98440      20.00000
       6.99450      20.00000
       7.00470      20.00000
       7.01490      20.00000
       7.02500      20.00000
       7.03520      20.00000
       7.04540      20.00000
       7.05550      20.00000
       7.06570      20.00000
       7.07590      20.00000
       7.08600      20.00000
       7.09620      20.00000
       7.10640      20.00000
       7.11650      20.00000
       7.12670      20.00000
       7.13680      20.00000
       7.14700      20.00000
       7.15720      20.00000
       7.16730      20.00000
       7.17750      20.00000
       7.18770      20.00000
       7.19780      20.00000
       7.20800      20.00000
       7.21820      20.00000
       7.22830      20.00000
       7.23850      20.00000
       7.24870      20.00000
       7.25880      20.00000
       7.26900      20.00000
       7.27910      20.00000
       7.28930      20.00000
       7.29950      20.00000
       7.30960      20.00000
       7.31980      20.00000
       7.33000      20.00000
       7.34010      20.00000
       7.35030      20.00000
       7.36050      20.00000
       7.37060      20.00000
       7.38080      20.00000
       7.39100      20.00000
       7.40110      20.00000
       7.41130      20.00000
       7.42150      20.00000
       7.43160      20.00000
       7.44180      20.00000
       7.45190      20.00000
       7.46210      20.00000
       7.47230      20.00000
       7.48240      20.00000
       7.49260      20.00000
       7.50280      20.00000
       7.51290      20.00000
       7.52310      20.00000
       7.53330      20.00000
       7.54340      20.00000
       7.55360      20.00000
       7.56380      20.00000
       7.57390      20.00000
       7.58410      20.00000
       7.59420      20.00000
       7.60440      20.00000
       7.61460      20.00000
       7.62470      20.00000
       7.63490      20.00000
       7.64510      20.00000
       7.65520      20.00000
       7.66540      20.00000
       7.67560      20.00000
       7.68570      20.00000
       7.69590      20.00000
       7.70610      20.00000
       7.71620      20.00000
       7.72640      20.00000
       7.73650      20.00000
       7.74670      20.00000
       7.75690      20.00000
       7.76700      20.00000
       7.77720      20.00000
       7.78740      20.00000
       7.79750      20.00000
       7.80770      20.00000
       7.81790      20.00000
       7.82800      20.00000
       7.83820      20.00000
       7.84840      20.00000
       7.85850      20.00000
       7.86870      20.00000
       7.87890      20.00000
       7.88900      20.00000
       7.89920      20.00000
       7.90930      20.00000
       7.91950      20.00000
       7.92970      20.00000
       7.93980      20.00000
       7.95000      20.00000
       7.96020      20.00000
       7.97030      20.00000
       7.98050      20.00000
       7.99070      20.00000
       8.00080      20.00000
       8.01100      20.00000
       8.02120      20.00000
       8.03130      20.00000
       8.04150      20.00000
       8.05160      20.00000
       8.06180      20.00000
       8.07200      20.00000
       8.08210      20.00000
       8.09230      20.00000
       8.10250      20.00000
       8.11260      20.00000
       8.12280      20.00000
       8.13300      20.00000
       8.14310      20.00000
       8.15330      20.00000
       8.16350      20.00000
       8.17360      20.00000
       8.18380      20.00000
       8.19400      20.00000
       8.20410      20.00000
       8.21430      20.00000
       8.22440      20.00000
       8.23460      20.00000
       8.24480      20.00000
       8.25490      20.00000
       8.26510      20.00000
       8.27530      20.00000
       8.28540      20.00000
       8.29560      20.00000
       8.30580      20.00000
       8.31590      20.00000
       8.32610      20.00000
       8.33630      20.00000
       8.34640      20.00000
       8.35660      20.00000
       8.36670      20.00000
       8.37690      20.00000
       8.38710      20.00000
       8.39720      20.00000
       8.40740      20.00000
       8.41760      20.00000
       8.42770      20.00000
       8.43790      20.00000
       8.44810      20.00000
       8.45820      20.00000
       8.46840      20.00000
       8.47860      20.00000
       8.48870      20.00000
       8.49890      20.00000
       8.50910      20.00000
       8.51920      20.00000
       8.52940      20.00000
       8.53950      20.00000
       8.54970      20.00000
       8.55990      20.00000
       8.57000      20.00000
       8.58020      20.00000
       8.59040      20.00000
       8.60050      20.00000
       8.61070      20.00000
       8.62090      20.00000
       8.63100      20.00000
       8.64120      20.00000
       8.65140      20.00000
       8.66150      20.00000
       8.67170      20.00000
       8.68180      20.00000
       8.69200      20.00000
       8.70220      20.00000
       8.71230      20.00000
       8.72250      20.00000
       8.73270      20.00000
       8.74280      20.00000
       8.75300      20.00000
       8.76320      20.00000
       8.77330      20.00000
       8.78350      20.00000
       8.79370      20.00000
       8.80380      20.00000
       8.81400      20.00000
       8.82420      20.00000
       8.83430      20.00000
       8.84450      20.00000
       8.85460      20.00000
       8.86480      20.00000
       8.87500      20.00000
       8.88510      20.00000
       8.89530      20.00000
       8.90550      20.00000
       8.91560      20.00000
       8.92580      20.00000
       8.93600      20.00000
       8.94610      20.00000
       8.95630      20.00000
       8.96650      20.00000
       8.97660      20.00000
       8.98680      20.00000
       8.99690      20.00000
       9.00710      20.00000
       9.01730      20.00000
       9.02740      20.00000
       9.03760      20.00000
       9.04780      20.00000
       9.05790      20.00000
       9.06810      20.00000
       9.07830      20.03543
       9.08840      20.03548
       9.09860      20.03554
       9.10880      20.03559
       9.11890      20.03564
       9.12910      20.03570
       9.13930      20.03575
       9.14940      20.03581
       9.15960      20.03586
       9.16970      20.03592
       9.17990      20.03597
       9.19010      20.03603
       9.20020      20.03609
       9.21040      20.03614
       9.22060      20.03620
       9.23070      20.03625
       9.24090      20.03631
       9.25110      20.03636
       9.26120      20.03642
       9.27140      20.03648
       9.28160      20.03653
       9.29170      20.03659
       9.30190      20.03665
       9.31200      20.03670
       9.32220      20.03676
       9.33240      20.03682
       9.34250      20.03687
       9.35270      20.03693
       9.36290      20.03699
       9.37300      20.03705
       9.38320      20.03711
       9.39340      20.03716
       9.40350      20.03722
       9.41370      20.03728
       9.42390      20.03734
       9.43400      20.03740
       9.44420      20.03746
       9.45440      20.03752
       9.46450      20.03757
       9.47470      20.03763
       9.48480      20.03769
       9.49500      20.03775
       9.50520      20.03781
       9.51530      20.03787
       9.52550      20.03793
       9.53570      20.03799
       9.54580      20.03805
       9.55600      20.03811
       9.56620      20.03817
       9.57630      20.03823
       9.58650      20.03829
       9.59670      20.03835
       9.60680      20.03841
       9.61700      20.03848
       9.62710      20.03854
       9.63730      20.03860
       9.64750      20.03866
       9.65760      20.03872
       9.66780      20.03878
       9.67800      20.03885
       9.68810      20.03891
       9.69830      20.03897
       9.70850      20.03903
       9.71860      20.03909
       9.72880      20.03916
       9.73900      20.03922
       9.74910      20.03928
       9.75930      20.03935
       9.76940      20.03941
       9.77960      20.03947
       9.78980      20.03954
       9.79990      20.03960
       9.81010      20.03967
       9.82030      20.03973
       9.83040      20.03979
       9.84060      20.03986
       9.85080      20.03992
       9.86090      20.03999
       9.87110      20.04005
       9.88130      20.04012
       9.89140      20.04018
       9.90160      20.04025
       9.91180      20.04031
       9.92190      20.04038
       9.93210      20.04045
       9.94220      20.04051
       9.95240      20.04058
       9.96260      20.04064
       9.97270      20.04071
       9.98290      20.04078
       9.99310      20.04084
      10.00320      20.04091
      10.01340      20.04098
      10.02360      20.04104
      10.03370      20.04111
      10.04390      20.04118
      10.05410      20.04125
      10.06420      20.04132
      10.07440      20.04138
      10.08450      20.04145
      10.09470      20.04152
      10.10490      20.04159
      10.11500      20.04166
      10.12520      20.04173
      10.13540      20.04180
      10.14550      20.04186
      10.15570      20.04193
      10.16590      20.04201
      10.17600      20.04207
      10.18620      20.04214
      10.19640      20.04222
      10.20650      20.04228
      10.21670      20.04235
      10.22690      20.04243
      10.23700      20.04250
      10.24720      20.04257
      10.25730      20.04264
      10.26750      20.04271
      10.27770      20.04278
      10.28780      20.04285
      10.29800      20.04293
      10.30820      20.04300
      10.31830      20.04307
      10.32850      20.04314
      10.33870      20.04322
      10.34880      20.04329
      10.35900      20.04336
      10.36920      20.04344
      10.37930      20.04351
      10.38950      20.04358
      10.39960      20.04366
      10.40980      20.04373
      10.42000      20.04380
      10.43010      20.04388
      10.44030      20.04395
      10.45050      20.04403
      10.46060      20.04410
      10.47080      20.04418
      10.48100      20.04425
      10.49110      20.04433
      10.50130      20.04440
      10.51150      20.04448
      10.52160      20.04456
      10.53180      20.04463
      10.54200      20.04471
      10.55210      20.04479
      10.56230      20.04486
      10.57240      20.04494
      10.58260      20.04502
      10.59280      20.04510
      10.60290      20.04517
      10.61310      20.04525
      10.62330      20.04533
      10.63340      20.04541
      10.64360      20.04549
      10.65380      20.04556
      10.66390      20.04564
      10.67410      20.04572
      10.68430      20.04580
      10.69440      20.04588
      10.70460      20.04596
      10.71470      20.04604
      10.72490      20.04612
      10.73510      20.04620
      10.74520      20.04628
      10.75540      20.04636
      10.76560      20.04644
      10.77570      20.04653
      10.78590      20.04661
      10.79610      20.04669
      10.80620      20.04677
      10.81640      20.04685
      10.82660      20.04694
      10.83670      20.04702
      10.84690      20.04710
      10.85710      20.04718
      10.86720      20.04727
      10.87740      20.04735
      10.88750      20.04743
      10.89770      20.04752
      10.90790      20.04760
      10.91800      20.04769
      10.92820      20.04777
      10.93840      20.04786
      10.94850      20.04794
      10.95870      20.04803
      10.96890      20.04811
      10.97900      20.04820
      10.98920      20.04828
      10.99940      20.04837
      11.00950      20.04845
      11.01970      20.04854
      11.02980      20.04863
      11.04000      20.04872
      11.05020      20.04880
      11.06030      20.04889
      11.07050      20.04898
      11.08070      20.04906
      11.09080      20.04915
      11.10100      20.04924
      11.11120      20.04933
      11.12130      20.04942
      11.13150      20.04951
      11.14170      20.04960
      11.15180      20.04969
      11.16200      20.04978
      11.17220      20.04987
      11.18230      20.04996
      11.19250      20.05005
      11.20260      20.05014
      11.21280      20.05023
      11.22300      20.05032
      11.23310      20.05041
      11.24330      20.05050
      11.25350      20.05060
      11.26360      20.05069
      11.27380      20.05078
      11.28400      20.05088
      11.29410      20.05097
      11.30430      20.05106
      11.31450      20.05116
      11.32460      20.05125
      11.33480      20.05134
      11.34490      20.05144
      11.35510      20.05153
      11.36530      20.05163
      11.37540      20.05172
      11.38560      20.05182
      11.39580      20.05191
      11.40590      20.05201
      11.41610      20.05211
      11.42630      20.05220
      11.43640      20.05230
      11.44660      20.05240
      11.45680      20.05249
      11.46690      20.05259
      11.47710      20.05269
      11.48730      20.05279
      11.49740      20.05289
      11.50760      20.05298
      11.51770      20.05308
      11.52790      20.05318
      11.53810      20.05328
      11.54820      20.05338
      11.55840      20.05348
      11.56860      20.05358
      11.57870      20.05368
      11.58890      20.05378
      11.59910      20.05389
      11.60920      20.05399
      11.61940      20.05409
      11.62960      20.05419
      11.63970      20.05429
      11.64990      20.05440
      11.66000      20.05450
      11.67020      20.05460
      11.68040      20.05470
      11.69050      20.05481
      11.70070      20.05491
      11.71090      20.05502
      11.72100      20.05512
      11.73120      20.05523
      11.74140      20.05533
      11.75150      20.05544
      11.76170      20.05554
      11.77190      20.05565
      11.78200      20.05576
      11.79220      20.05586
      11.80230      20.05597
      11.81250      20.05608
      11.82270      20.05619
      11.83280      20.05629
      11.84300      20.05640
      11.85320      20.05651
      11.86330      20.05662
      11.87350      20.05673
      11.88370      20.05684
      11.89380      20.05695
      11.90400      20.05706
      11.91420      20.05717
      11.92430      20.05728
      11.93450      20.05739
      11.94470      20.05750
      11.95480      20.05762
      11.96500      20.05773
      11.97510      20.05784
      11.98530      20.05795
      11.99550      20.05807
      12.00560      20.05818
      12.01580      20.05829
      12.02600      20.05841
      12.03610      20.05852
      12.04630      20.05864
      12.05650      20.05875
      12.06660      20.05887
      12.07680      20.05898
      12.08700      20.05910
      12.09710      20.05922
      12.10730      20.05933
      12.11740      20.05945
      12.12760      20.05957
      12.13780      20.05969
      12.14790      20.05980
      12.15810      20.05992
      12.16830      20.06004
      12.17840      20.06016
      12.18860      20.06028
      12.19880      20.06040
      12.20890      20.06052
      12.21910      20.06064
      12.22930      20.06076
      12.23940      20.06089
      12.24960      20.06101
      12.25980      20.06113
      12.26990      20.06125
      12.28010      20.06138
      12.29020      20.06150
      12.30040      20.06162
      12.31060      20.06175
      12.32070      20.06187
      12.33090      20.06200
      12.34110      20.06212
      12.35120      20.06225
      12.36140      20.06237
      12.37160      20.06250
      12.38170      20.06263
      12.39190      20.06275
      12.40210      20.06288
      12.41220      20.06301
      12.42240      20.06314
      12.43250      20.06326
      12.44270      20.06339
      12.45290      20.06353
      12.46300      20.06365
      12.47320      20.06379
      12.48340      20.06392
      12.49350      20.06405
      12.50370      20.06418
      12.51390      20.06431
      12.52400      20.06444
      12.53420      20.06458
      12.54440      20.06471
      12.55450      20.06484
      12.56470      20.06498
      12.57490      20.06511
      12.58500      20.06524
      12.59520      20.06538
      12.60530      20.06552
      12.61550      20.06565
      12.62570      20.06579
      12.63580      20.06593
      12.64600      20.06606
      12.65620      20.06620
      12.66630      20.06634
      12.67650      20.06648
      12.68670      20.06662
      12.69680      20.06676
      12.70700      20.06690
      12.71720      20.06704
      12.72730      20.06718
      12.73750      20.06732
      12.74760      20.06746
      12.75780      20.06760
      12.76800      20.06775
      12.77810      20.06789
      12.78830      20.06803
      12.79850      20.06818
      12.80860      20.06832
      12.81880      20.06846
      12.82900      20.06861
      12.83910      20.06876
      12.84930      20.06890
      12.85950      20.06905
      12.86960      20.06920
      12.87980      20.06934
      12.89000      20.06949
      12.90010      20.06964
      12.91030      20.06979
      12.92040      20.06994
      12.93060      20.07009
      12.94080      20.07024
      12.95090      20.07039
      12.96110      20.07054
      12.97130      20.07070
      12.98140      20.07085
      12.99160      20.07100
      13.00180      20.07115
      13.01190      20.07131
      13.02210      20.07146
      13.03230      20.07162
      13.04240      20.07177
      13.05260      20.07193
      13.06270      20.07208
      13.07290      20.07224
      13.08310      20.07240
      13.09320      20.07256
      13.10340      20.07272
      13.11360      20.07288
      13.12370      20.07303
      13.13390      20.07319
      13.14410      20.07336
      13.15420      20.07352
      13.16440      20.07368
      13.17460      20.07384
      13.18470      20.07400
      13.19490      20.07417
      13.20510      20.07433
      13.21520      20.07450
      13.22540      20.07466
      13.23550      20.07483
      13.24570      20.07499
      13.25590      20.07516
      13.26600      20.07533
      13.27620      20.07549
      13.28640      20.07566
      13.29650      20.07583
      13.30670      20.07600
      13.31690      20.07617
      13.32700      20.07634
      13.33720      20.07651
      13.34740      20.07668
      13.35750      20.07685
      13.36770      20.07703
      13.37780      20.07720
      13.38800      20.07738
      13.39820      20.07755
      13.40830      20.07772
      13.41850      20.07790
      13.42870      20.07808
      13.43880      20.07825
      13.44900      20.07843
      13.45920      20.07861
      13.46930      20.07879
      13.47950      20.07897
      13.48970      20.07915
      13.49980      20.07933
      13.51000      20.07951
      13.52010      20.07969
      13.53030      20.07987
      13.54050      20.08006
      13.55060      20.08024
      13.56080      20.08043
      13.57100      20.08061
      13.58110      20.08080
      13.59130      20.08098
      13.60150      20.08117
      13.61160      20.08136
      13.62180      20.08155
      13.63200      20.08174
      13.64210      20.08192
      13.65230      20.08212
      13.66250      20.08231
      13.67260      20.08250
      13.68280      20.08269
      13.69290      20.08288
      13.70310      20.08307
      13.71330      20.08327
      13.72340      20.08346
      13.73360      20.08366
      13.74380      20.08386
      13.75390      20.08405
      13.76410      20.08425
      13.77430      20.08445
      13.78440      20.08465
      13.79460      20.08485
      13.80480      20.08505
      13.81490      20.08525
      13.82510      20.08545
      13.83520      20.08565
      13.84540      20.08586
      13.85560      20.08606
      13.86570      20.08627
      13.87590      20.08647
      13.88610      20.08668
      13.89620      20.08689
      13.90640      20.08709
      13.91660      20.08730
      13.92670      20.08751
      13.93690      20.08772
      13.94710      20.08793
      13.95720      20.08814
      13.96740      20.08836
      13.97760      20.08857
      13.98770      20.08878
      13.99790      20.08900
      14.00800      20.08921
      14.01820      20.08943
      14.02840      20.08965
      14.03850      20.08986
      14.04870      20.09008
      14.05890      20.09030
      14.06900      20.09052
      14.07920      20.09074
      14.08940      20.09097
      14.09950      20.09119
      14.10970      20.09141
      14.11990      20.09163
      14.13000      20.09186
      14.14020      20.09208
      14.15030      20.09231
      14.16050      20.09254
      14.17070      20.09277
      14.18080      20.09299
      14.19100      20.09323
      14.20120      20.09346
      14.21130      20.09369
      14.22150      20.09392
      14.23170      20.09416
      14.24180      20.09439
      14.25200      20.09463
      14.26220      20.09486
      14.27230      20.09510
      14.28250      20.09534
      14.29270      20.09558
      14.30280      20.09581
      14.31300      20.09605
      14.32310      20.09629
      14.33330      20.09654
      14.34350      20.09678
      14.35360      20.09702
      14.36380      20.09727
      14.37400      20.09752
      14.38410      20.09776
      14.39430      20.09801
      14.40450      20.09826
      14.41460      20.09851
      14.42480      20.09876
      14.43500      20.09901
      14.44510      20.09927
      14.45530      20.09952
      14.46540      20.09977
      14.47560      20.10003
      14.48580      20.10029
      14.49590      20.10054
      14.50610      20.10080
      14.51630      20.10106
      14.52640      20.10132
      14.53660      20.10158
      14.54680      20.10185
      14.55690      20.10211
      14.56710      20.10238
      14.57730      20.10264
      14.58740      20.10291
      14.59760      20.10317
      14.60780      20.10345
      14.61790      20.10371
      14.62810      20.10398
      14.63820      20.10426
      14.64840      20.10453
      14.65860      20.10480
      14.66870      20.10508
      14.67890      20.10535
      14.68910      20.10563
      14.69920      20.10591
      14.70940      20.10619
      14.71960      20.10647
      14.72970      20.10675
      14.73990      20.10703
      14.75010      20.10732
      14.76020      20.10760
      14.77040      20.10789
      14.78050      20.10818
      14.79070      20.10847
      14.80090      20.10876
      14.81100      20.10905
      14.82120      20.10934
      14.83140      20.10963
      14.84150      20.10993
      14.85170      20.11022
      14.86190      20.11052
      14.87200      20.11082
      14.88220      20.11112
      14.89240      20.11142
      14.90250      20.11172
      14.91270      20.11202
      14.92290      20.11233
      14.93300      20.11263
      14.94320      20.11294
      14.95330      20.11324
      14.96350      20.11355
      14.97370      20.11386
      14.98380      20.11417
      14.99400      20.11449
      15.00420      20.11480
      15.01430      20.11512
      15.02450      20.11543
      15.03470      20.11575
      15.04480      20.11607
      15.05500      20.11639
      15.06520      20.11671
      15.07530      20.11704
      15.08550      20.11736
      15.09560      20.11769
      15.10580      20.11802
      15.11600      20.11835
      15.12610      20.11867
      15.13630      20.11901
      15.14650      20.11934
      15.15660      20.11967
      15.16680      20.12001
      15.17700      20.12035
      15.18710      20.12068
      15.19730      20.12102
      15.20750      20.12137
      15.21760      20.12171
      15.22780      20.12205
      15.23800      20.12240
      15.24810      20.12275
      15.25830      20.12309
      15.26840      20.12344
      15.27860      20.12379
      15.28880      20.12415
      15.29890      20.12450
      15.30910      20.12486
      15.31930      20.12522
      15.32940      20.12558
      15.33960      20.12594
      15.34980      20.12630
      15.35990      20.12666
      15.37010      20.12703
      15.38030      20.12740
      15.39040      20.12776
      15.40060      20.12814
      15.41070      20.12851
      15.42090      20.12888
      15.43110      20.12926
      15.44120      20.12963
      15.45140      20.13001
      15.46160      20.13039
      15.47170      20.13077
      15.48190      20.13116
      15.49210      20.13154
      15.50220      20.13193
      15.51240      20.13232
      15.52260      20.13271
      15.53270      20.13310
      15.54290      20.13349
      15.55300      20.13388
      15.56320      20.13428
      15.57340      20.13468
      15.58350      20.13508
      15.59370      20.13548
      15.60390      20.13589
      15.61400      20.13630
      15.62420      20.13670
      15.63440      20.13712
      15.64450      20.13752
      15.65470      20.13794
      15.66490      20.13836
      15.67500      20.13877
      15.68520      20.13919
      15.69540      20.13961
      15.70550      20.14003
      15.71570      20.14046
      15.72580      20.14088
      15.73600      20.14131
      15.74620      20.14175
      15.75630      20.14218
      15.76650      20.14261
      15.77670      20.14305
      15.78680      20.14349
      15.79700      20.14393
      15.80720      20.14437
      15.81730      20.14481
      15.82750      20.14526
      15.83770      20.14571
      15.84780      20.14616
      15.85800      20.14661
      15.86810      20.14707
      15.87830      20.14753
      15.88850      20.14799
      15.89860      20.14845
      15.90880      20.14891
      15.91900      20.14938
      15.92910      20.14984
      15.93930      20.15031
      15.94950      20.15079
      15.95960      20.15126
      15.96980      20.15174
      15.98000      20.15222
      15.99010      20.15270
      16.00030      20.15318
      16.01050      20.15367
      16.02060      20.15415
      16.03080      20.15465
      16.04090      20.15514
      16.05110      20.15563
      16.06130      20.15613
      16.07140      20.15663
      16.08160      20.15713
      16.09180      20.15764
      16.10190      20.15814
      16.11210      20.15866
      16.12230      20.15917
      16.13240      20.15968
      16.14260      20.16020
      16.15280      20.16072
      16.16290      20.16124
      16.17310      20.16177
      16.18320      20.16229
      16.19340      20.16282
      16.20360      20.16335
      16.21370      20.16389
      16.22390      20.16443
      16.23410      20.16497
      16.24420      20.16551
      16.25440      20.16606
      16.26460      20.16660
      16.27470      20.16715
      16.28490      20.16771
      16.29510      20.16827
      16.30520      20.16882
      16.31540      20.16939
      16.32560      20.16995
      16.33570      20.17052
      16.34590      20.17109
      16.35600      20.17166
      16.36620      20.17224
      16.37640      20.17282
      16.38650      20.17340
      16.39670      20.17398
      16.40690      20.17457
      16.41700      20.17516
      16.42720      20.17576
      16.43740      20.17636
      16.44750      20.17695
      16.45770      20.17756
      16.46790      20.17817
      16.47800      20.17877
      16.48820      20.17939
      16.49830      20.18000
      16.50850      20.18062
      16.51870      20.18124
      16.52880      20.18186
      16.53900      20.18249
      16.54920      20.18313
      16.55930      20.18376
      16.56950      20.18440
      16.57970      20.18504
      16.58980      20.18568
      16.60000      20.18633
      16.61020      20.18699
      16.62030      20.18764
      16.63050      20.18830
      16.64070      20.18896
      16.65080      20.18962
      16.66100      20.19029
      16.67110      20.19096
      16.68130      20.19164
      16.69150      20.19232
      16.70160      20.19300
      16.71180      20.19369
      16.72200      20.19438
      16.73210      20.19507
      16.74230      20.19577
      16.75250      20.19648
      16.76260      20.19718
      16.77280      20.19789
      16.78300      20.19861
      16.79310      20.19932
      16.80330      20.20004
      16.81340      20.20076
      16.82360      20.20149
      16.83380      20.20223
      16.84390      20.20296
      16.85410      20.20370
      16.86430      20.20445
      16.87440      20.20519
      16.88460      20.20595
      16.89480      20.20671
      16.90490      20.20746
      16.91510      20.20823
      16.92530      20.20900
      16.93540      20.20977
      16.94560      20.21055
      16.95580      20.21134
      16.96590      20.21212
      16.97610      20.21291
      16.98620      20.21370
      16.99640      20.21451
      17.00660      20.21531
      17.01670      20.21612
      17.02690      20.21693
      17.03710      20.21775
      17.04720      20.21857
      17.05740      20.21940
      17.06760      20.22024
      17.07770      20.22107
      17.08790      20.22191
      17.09810      20.22276
      17.10820      20.22361
      17.11840      20.22447
      17.12850      20.22532
      17.13870      20.22619
      17.14890      20.22706
      17.15900      20.22793
      17.16920      20.22882
      17.17940      20.22971
      17.18950      20.23059
      17.19970      20.23149
      17.20990      20.23240
      17.22000      20.23330
      17.23020      20.23421
      17.24040      20.23513
      17.25050      20.23605
      17.26070      20.23698
      17.27090      20.23792
      17.28100      20.23885
      17.29120      20.23980
      17.30130      20.24075
      17.31150      20.24170
      17.32170      20.24267
      17.33180      20.24363
      17.34200      20.24461
      17.35220      20.24559
      17.36230      20.24657
      17.37250      20.24756
      17.38270      20.24856
      17.39280      20.24956
      17.40300      20.25057
      17.41320      20.25159
      17.42330      20.25260
      17.43350      20.25364
      17.44360      20.25466
      17.45380      20.25570
      17.46400      20.25676
      17.47410      20.25780
      17.48430      20.25886
      17.49450      20.25993
      17.50460      20.26100
      17.51480      20.26208
      17.52500      20.26317
      17.53510      20.26426
      17.54530      20.26536
      17.55550      20.26647
      17.56560      20.26757
      17.57580      20.26870
      17.58590      20.26982
      17.59610      20.27095
      17.60630      20.27210
      17.61640      20.27324
      17.62660      20.27440
      17.63680      20.27556
      17.64690      20.27673
      17.65710      20.27791
      17.66730      20.27910
      17.67740      20.28028
      17.68760      20.28149
      17.69780      20.28270
      17.70790      20.28391
      17.71810      20.28514
      17.72830      20.28637
      17.73840      20.28760
      17.74860      20.28885
      17.75870      20.29010
      17.76890      20.29137
      17.77910      20.29264
      17.78920      20.29392
      17.79940      20.29521
      17.80960      20.29651
      17.81970      20.29781
      17.82990      20.29913
      17.84010      20.30045
      17.85020      20.30178
      17.86040      20.30312
      17.87060      20.30448
      17.88070      20.30582
      17.89090      20.30720
      17.90100      20.30856
      17.91120      20.30995
      17.92140      20.31135
      17.93150      20.31275
      17.94170      20.31417
      17.95190      20.31560
      17.96200      20.31702
      17.97220      20.31847
      17.98240      20.31993
      17.99250      20.32138
      18.00270      20.32286
      18.01290      20.32434
      18.02300      20.32583
      18.03320      20.32734
      18.04340      20.32885
      18.05350      20.33037
      18.06370      20.33191
      18.07380      20.33344
      18.08400      20.33500
      18.09420      20.33658
      18.10430      20.33814
      18.11450      20.33974
      18.12470      20.34134
      18.13480      20.34294
      18.14500      20.34457
      18.15520      20.34621
      18.16530      20.34785
      18.17550      20.34951
      18.18570      20.35118
      18.19580      20.35286
      18.20600      20.35455
      18.21610      20.35625
      18.22630      20.35797
      18.23650      20.35971
      18.24660      20.36144
      18.25680      20.36320
      18.26700      20.36497
      18.27710      20.36674
      18.28730      20.36854
      18.29750      20.37035
      18.30760      20.37216
      18.31780      20.37400
      18.32800      20.37585
      18.33810      20.37770
      18.34830      20.37959
      18.35850      20.38148
      18.36860      20.38337
      18.37880      20.38529
      18.38890      20.38721
      18.39910      20.38916
      18.40930      20.39113
      18.41940      20.39309
      18.42960      20.39509
      18.43980      20.39710
      18.44990      20.39910
      18.46010      20.40115
      18.47030      20.40320
      18.48040      20.40526
      18.49060      20.40734
      18.50080      20.40945
      18.51090      20.41155
      18.52110      20.41369
      18.53120      20.41582
      18.54140      20.41799
      18.55160      20.42018
      18.56170      20.42236
      18.57190      20.42459
      18.58210      20.42682
      18.59220      20.42906
      18.60240      20.43133
      18.61260      20.43363
      18.62270      20.43591
      18.63290      20.43824
      18.64310      20.44059
      18.65320      20.44294
      18.66340      20.44532
      18.67360      20.44773
      18.68370      20.45013
      18.69390      20.45257
      18.70400      20.45501
      18.71420      20.45749
      18.72440      20.45999
      18.73450      20.46249
      18.74470      20.46504
      18.75490      20.46760
      18.76500      20.47016
      18.77520      20.47277
      18.78540      20.47540
      18.79550      20.47802
      18.80570      20.48070
      18.81590      20.48339
      18.82600      20.48608
      18.83620      20.48882
      18.84630      20.49156
      18.85650      20.49434
      18.86670      20.49715
      18.87680      20.49996
      18.88700      20.50282
      18.89720      20.50570
      18.90730      20.50858
      18.91750      20.51151
      18.92770      20.51447
      18.93780      20.51742
      18.94800      20.52042
      18.95820      20.52346
      18.96830      20.52649
      18.97850      20.52957
      18.98870      20.53269
      18.99880      20.53580
      19.00900      20.53897
      19.01910      20.54213
      19.02930      20.54535
      19.03950      20.54860
      19.04960      20.55186
      19.05980      20.55516
      19.07000      20.55851
      19.08010      20.56184
      19.09030      20.56524
      19.10050      20.56867
      19.11060      20.57210
      19.12080      20.57559
      19.13100      20.57912
      19.14110      20.58264
      19.15130      20.58623
      19.16140      20.58982
      19.17160      20.59347
      19.18180      20.59716
      19.19190      20.60085
      19.20210      20.60460
      19.21230      20.60840
      19.22240      20.61219
      19.23260      20.61605
      19.24280      20.61995
      19.25290      20.62385
      19.26310      20.62782
      19.27330      20.63183
      19.28340      20.63584
      19.29360      20.63993
      19.30380      20.64405
      19.31390      20.64818
      19.32410      20.65239
      19.33420      20.65659
      19.34440      20.66088
      19.35460      20.66521
      19.36470      20.66954
      19.37490      20.67395
      19.38510      20.67841
      19.39520      20.68286
      19.40540      20.68741
      19.41560      20.69200
      19.42570      20.69659
      19.43590      20.70127
      19.44610      20.70600
      19.45620      20.71073
      19.46640      20.71555
      19.47650      20.72037
      19.48670      20.72529
      19.49690      20.73027
      19.50700      20.73524
      19.51720      20.74031
      19.52740      20.74543
      19.53750      20.75056
      19.54770      20.75579
      19.55790      20.76108
      19.56800      20.76636
      19.57820      20.77176
      19.58840      20.77721
      19.59850      20.78266
      19.60870      20.78823
      19.61880      20.79380
      19.62900      20.79948
      19.63920      20.80523
      19.64930      20.81097
      19.65950      20.81684
      19.66970      20.82277
      19.67980      20.82871
      19.69000      20.83476
      19.70020      20.84089
      19.71030      20.84702
      19.72050      20.85328
      19.73070      20.85960
      19.74080      20.86594
      19.75100      20.87240
      19.76120      20.87894
      19.77130      20.88549
      19.78150      20.89217
      19.79160      20.89886
      19.80180      20.90570
      19.81200      20.91261
      19.82210      20.91953
      19.83230      20.92660
      19.84250      20.93375
      19.85260      20.94091
      19.86280      20.94822
      19.87300      20.95562
      19.88310      20.96303
      19.89330      20.97059
      19.90350      20.97825
      19.91360      20.98592
      19.92380      20.99376
      19.93390      21.00161
      19.94410      21.00964
      19.95430      21.01775
      19.96440      21.02589
      19.97460      21.03420
      19.98480      21.04261
      19.99490      21.05104
      20.00510      21.05966
      20.01530      21.06838
      20.02540      21.07712
      20.03560      21.08606
      20.04580      21.09510
      20.05590      21.10417
      20.06610      21.11344
      20.07630      21.12282
      20.08640      21.13223
      20.09660      21.14185
      20.10670      21.15150
      20.11690      21.16136
      20.12710      21.17136
      20.13720      21.18138
      20.14740      21.19162
      20.15760      21.20201
      20.16770      21.21242
      20.17790      21.22307
      20.18810      21.23386
      20.19820      21.24469
      20.20840      21.25576
      20.21860      21.26699
      20.22870      21.27825
      20.23890      21.28978
      20.24900      21.30135
      20.25920      21.31319
      20.26940      21.32520
      20.27950      21.33724
      20.28970      21.34958
      20.29990      21.36209
      20.31000      21.37465
      20.32020      21.38751
      20.33040      21.40056
      20.34050      21.41366
      20.35070      21.42709
      20.36090      21.44071
      20.37100      21.45439
      20.38120      21.46841
      20.39140      21.48263
      20.40150      21.49694
      20.41170      21.51159
      20.42180      21.52633
      20.43200      21.54144
      20.44220      21.55679
      20.45230      21.57222
      20.46250      21.58805
      20.47270      21.60414
      20.48280      21.62032
      20.49300      21.63693
      20.50320      21.65382
      20.51330      21.67081
      20.52350      21.68827
      20.53370      21.70602
      20.54380      21.72390
      20.55400      21.74227
      20.56410      21.76079
      20.57430      21.77982
      20.58450      21.79919
      20.59460      21.81873
      20.60480      21.83883
      20.61500      21.85930
      20.62510      21.87997
      20.63530      21.90124
      20.64550      21.92293
      20.65560      21.94484
      20.66580      21.96741
      20.67600      21.99045
      20.68610      22.01374
      20.69630      22.03775
      20.70650      22.06228
      20.71660      22.08710
      20.72680      22.11273
      20.73690      22.13867
      20.74710      22.16546
      20.75730      22.19288
      20.76740      22.22067
      20.77760      22.24941
      20.78780      22.27885
      20.79790      22.30871
      20.80810      22.33963
      20.81830      22.37135
      20.82840      22.40355
      20.83860      22.43693
      20.84880      22.47120
      20.85890      22.50605
      20.86910      22.54221
      20.87920      22.57900
      20.88940      22.61720
      20.89960      22.65649
      20.90970      22.69653
      20.91990      22.73814
      20.93010      22.78098
      20.94020      22.82468
      20.95040      22.87014
      20.96060      22.91701
      20.97070      22.96485
      20.98090      23.01468
      20.99110      23.06609
      21.00120      23.11862
      21.01140      23.17338
      21.02160      23.22994
      21.03170      23.28776
      21.04190      23.34809
      21.05200      23.40981
      21.06220      23.47424
      21.07240      23.54084
      21.08250      23.60903
      21.09270      23.68023
      21.10290      23.75390
      21.11300      23.82936
      21.12320      23.90817
      21.13340      23.98975
      21.14350      24.07333
      21.15370      24.16069
      21.16390      24.25111
      21.17400      24.34378
      21.18420      24.44065
      21.19430      24.53992
      21.20450      24.64370
      21.21470      24.75114
      21.22480      24.86124
      21.23500      24.97633
      21.24520      25.09545
      21.25530      25.21754
      21.26550      25.34509
      21.27570      25.47712
      21.28580      25.61238
      21.29600      25.75365
      21.30620      25.89981
      21.31630      26.04947
      21.32650      26.20576
      21.33660      26.36572
      21.34680      26.53272
      21.35700      26.70531
      21.36710      26.88186
      21.37730      27.06605
      21.38750      27.25628
      21.39760      27.45073
      21.40780      27.65345
      21.41800      27.86261
      21.42810      28.07632
      21.43830      28.29883
      21.44850      28.52831
      21.45860      28.76248
      21.46880      29.00616
      21.47900      29.25718
      21.48910      29.51307
      21.49930      29.77909
      21.50940      30.05008
      21.51960      30.33159
      21.52980      30.62107
      21.53990      30.91563
      21.55010      31.22129
      21.56030      31.53522
      21.57040      31.85429
      21.58060      32.18498
      21.59080      32.52414
      21.60090      32.86856
      21.61110      33.22493
      21.62130      33.59010
      21.63140      33.96030
      21.64160      34.34298
      21.65170      34.73059
      21.66190      35.13090
      21.67210      35.54008
      21.68220      35.95396
      21.69240      36.38078
      21.70260      36.81643
      21.71270      37.25643
      21.72290      37.70952
      21.73310      38.17128
      21.74320      38.63694
      21.75340      39.11571
      21.76360      39.60278
      21.77370      40.09335
      21.78390      40.59672
      21.79410      41.10817
      21.80420      41.62223
      21.81440      42.14900
      21.82450      42.67785
      21.83470      43.21914
      21.84490      43.76736
      21.85500      44.31672
      21.86520      44.87792
      21.87540      45.44522
      21.88550      46.01257
      21.89570      46.59097
      21.90590      47.17431
      21.91600      47.75666
      21.92620      48.34895
      21.93640      48.94492
      21.94650      49.53848
      21.95670      50.14058
      21.96680      50.73922
      21.97700      51.34540
      21.98720      51.95290
      21.99730      52.55499
      22.00750      53.16308
      22.01770      53.77050
      22.02780      54.37056
      22.03800      54.97457
      22.04820      55.57577
      22.05830      56.16748
      22.06850      56.76073
      22.07870      57.34867
      22.08880      57.92501
      22.09900      58.50009
      22.10920      59.06719
      22.11930      59.62020
      22.12950      60.16883
      22.13960      60.70164
      22.14980      61.22791
      22.16000      61.74152
      22.17010      62.23647
      22.18030      62.72164
      22.19050      63.19096
      22.20060      63.63900
      22.21080      64.07369
      22.22100      64.48944
      22.23110      64.88142
      22.24130      65.25647
      22.25150      65.60957
      22.26160      65.93680
      22.27180      66.24358
      22.28190      66.52324
      22.29210      66.78040
      22.30230      67.01144
      22.31240      67.21391
      22.32260      67.39110
      22.33280      67.54043
      22.34290      67.66035
      22.35310      67.75289
      22.36330      67.81644
      22.37340      67.85058
      22.38360      67.85590
      22.39380      67.83191
      22.40390      67.77934
      22.41410      67.69730
      22.42430      67.58646
      22.43440      67.44859
      22.44460      67.28148
      22.45470      67.08879
      22.46490      66.86740
      22.47510      66.61963
      22.48520      66.34901
      22.49540      66.05105
      22.50560      65.72900
      22.51570      65.38734
      22.52590      65.02013
      22.53610      64.63162
      22.54620      64.22696
      22.55640      63.79903
      22.56660      63.35281
      22.57670      62.89401
      22.58690      62.41447
      22.59700      61.92473
      22.60720      61.41600
      22.61740      60.89425
      22.62750      60.36555
      22.63770      59.82071
      22.64790      59.26566
      22.65800      58.70699
      22.66820      58.13477
      22.67840      57.55516
      22.68850      56.97499
      22.69870      56.38353
      22.70890      55.78738
      22.71900      55.19333
      22.72920      54.59024
      22.73940      53.98484
      22.74950      53.38384
      22.75970      52.77591
      22.76980      52.17376
      22.78000      51.56597
      22.79020      50.95928
      22.80030      50.35994
      22.81050      49.75693
      22.82070      49.15647
      22.83080      48.56506
      22.84100      47.97134
      22.85120      47.38171
      22.86130      46.80235
      22.87150      46.22206
      22.88170      45.64706
      22.89180      45.08331
      22.90200      44.51985
      22.91210      43.96816
      22.92230      43.41749
      22.93250      42.87366
      22.94260      42.34220
      22.95280      41.81271
      22.96300      41.29085
      22.97310      40.78159
      22.98330      40.27530
      22.99350      39.77699
      23.00360      39.29171
      23.01380      38.80988
      23.02400      38.33650
      23.03410      37.87626
      23.04430      37.42001
      23.05450      36.97247
      23.06460      36.53801
      23.07480      36.10798
      23.08490      35.69092
      23.09510      35.27851
      23.10530      34.87498
      23.11540      34.48418
      23.12560      34.09829
      23.13580      33.72129
      23.14590      33.35656
      23.15610      32.99703
      23.16630      32.64613
      23.17640      32.30721
      23.18660      31.97343
      23.19680      31.64814
      23.20690      31.33436
      23.21710      31.02571
      23.22720      30.72822
      23.23740      30.43582
      23.24760      30.15143
      23.25770      29.87762
      23.26790      29.60881
      23.27810      29.34770
      23.28820      29.09648
      23.29840      28.85015
      23.30860      28.61112
      23.31870      28.38138
      23.32890      28.15637
      23.33910      27.93815
      23.34920      27.72868
      23.35940      27.52363
      23.36950      27.32691
      23.37970      27.13444
      23.38990      26.94808
      23.40000      26.76942
      23.41020      26.59476
      23.42040      26.42575
      23.43050      26.26383
      23.44070      26.10564
      23.45090      25.95268
      23.46100      25.80617
      23.47120      25.66313
      23.48140      25.52488
      23.49150      25.39253
      23.50170      25.26337
      23.51190      25.13856
      23.52200      25.01913
      23.53220      24.90259
      23.54230      24.79109
      23.55250      24.68230
      23.56270      24.57720
      23.57280      24.47667
      23.58300      24.37858
      23.59320      24.28382
      23.60330      24.19317
      23.61350      24.10472
      23.62370      24.01927
      23.63380      23.93748
      23.64400      23.85768
      23.65420      23.78054
      23.66430      23.70670
      23.67450      23.63462
      23.68460      23.56559
      23.69480      23.49818
      23.70500      23.43297
      23.71510      23.37050
      23.72530      23.30945
      23.73550      23.25036
      23.74560      23.19372
      23.75580      23.13831
      23.76600      23.08465
      23.77610      23.03317
      23.78630      22.98277
      23.79650      22.93392
      23.80660      22.88700
      23.81680      22.84104
      23.82700      22.79643
      23.83710      22.75356
      23.84730      22.71150
      23.85740      22.67104
      23.86760      22.63135
      23.87780      22.59275
      23.88790      22.55559
      23.89810      22.51907
      23.90830      22.48353
      23.91840      22.44927
      23.92860      22.41558
      23.93880      22.38274
      23.94890      22.35106
      23.95910      22.31986
      23.96930      22.28943
      23.97940      22.26002
      23.98960      22.23104
      23.99970      22.20300
      24.00990      22.17535
      24.02010      22.14833
      24.03020      22.12218
      24.04040      22.09635
      24.05060      22.07108
      24.06070      22.04660
      24.07090      22.02240
      24.08110      21.99870
      24.09120      21.97573
      24.10140      21.95299
      24.11160      21.93070
      24.12170      21.90907
      24.13190      21.88765
      24.14210      21.86664
      24.15220      21.84622
      24.16240      21.82599
      24.17250      21.80632
      24.18270      21.78682
      24.19290      21.76766
      24.20300      21.74903
      24.21320      21.73054
      24.22340      21.71237
      24.23350      21.69468
      24.24370      21.67712
      24.25390      21.65985
      24.26400      21.64303
      24.27420      21.62632
      24.28440      21.60988
      24.29450      21.59387
      24.30470      21.57794
      24.31480      21.56242
      24.32500      21.54699
      24.33520      21.53180
      24.34530      21.51698
      24.35550      21.50224
      24.36570      21.48772
      24.37580      21.47355
      24.38600      21.45946
      24.39620      21.44556
      24.40630      21.43201
      24.41650      21.41852
      24.42670      21.40522
      24.43680      21.39223
      24.44700      21.37930
      24.45720      21.36656
      24.46730      21.35410
      24.47750      21.34171
      24.48760      21.32960
      24.49780      21.31753
      24.50800      21.30563
      24.51810      21.29401
      24.52830      21.28242
      24.53850      21.27099
      24.54860      21.25982
      24.55880      21.24869
      24.56900      21.23771
      24.57910      21.22697
      24.58930      21.21627
      24.59950      21.20571
      24.60960      21.19538
      24.61980      21.18508
      24.62990      21.17502
      24.64010      21.16498
      24.65030      21.15507
      24.66040      21.14538
      24.67060      21.13571
      24.68080      21.12617
      24.69090      21.11683
      24.70110      21.10752
      24.71130      21.09832
      24.72140      21.08933
      24.73160      21.08035
      24.74180      21.07149
      24.75190      21.06281
      24.76210      21.05416
      24.77230      21.04561
      24.78240      21.03724
      24.79260      21.02890
      24.80270      21.02073
      24.81290      21.01257
      24.82310      21.00452
      24.83320      20.99663
      24.84340      20.98876
      24.85360      20.98098
      24.86370      20.97337
      24.87390      20.96577
      24.88410      20.95825
      24.89420      20.95090
      24.90440      20.94355
      24.91460      20.93629
      24.92470      20.92919
      24.93490      20.92209
      24.94500      20.91514
      24.95520      20.90820
      24.96540      20.90134
      24.97550      20.89462
      24.98570      20.88791
      24.99590      20.88127
      25.00600      20.87477
      25.01620      20.86828
      25.02640      20.86186
      25.03650      20.85557
      25.04670      20.84929
      25.05690      20.84307
      25.06700      20.83698
      25.07720      20.83090
      25.08740      20.82488
      25.09750      20.81899
      25.10770      20.81310
      25.11780      20.80733
      25.12800      20.80156
      25.13820      20.79585
      25.14830      20.79026
      25.15850      20.78468
      25.16870      20.77915
      25.17880      20.77373
      25.18900      20.76832
      25.19920      20.76296
      25.20930      20.75771
      25.21950      20.75245
      25.22970      20.74726
      25.23980      20.74217
      25.25000      20.73707
      25.26010      20.73208
      25.27030      20.72709
      25.28050      20.72216
      25.29060      20.71731
      25.30080      20.71247
      25.31100      20.70768
      25.32110      20.70298
      25.33130      20.69828
      25.34150      20.69363
      25.35160      20.68907
      25.36180      20.68451
      25.37200      20.67999
      25.38210      20.67556
      25.39230      20.67113
      25.40240      20.66679
      25.41260      20.66245
      25.42280      20.65814
      25.43290      20.65392
      25.44310      20.64970
      25.45330      20.64552
      25.46340      20.64142
      25.47360      20.63732
      25.48380      20.63326
      25.49390      20.62927
      25.50410      20.62529
      25.51430      20.62134
      25.52440      20.61746
      25.53460      20.61359
      25.54480      20.60975
      25.55490      20.60598
      25.56510      20.60221
      25.57520      20.59851
      25.58540      20.59481
      25.59560      20.59114
      25.60570      20.58754
      25.61590      20.58394
      25.62610      20.58037
      25.63620      20.57687
      25.64640      20.57337
      25.65660      20.56989
      25.66670      20.56648
      25.67690      20.56307
      25.68710      20.55969
      25.69720      20.55638
      25.70740      20.55305
      25.71750      20.54980
      25.72770      20.54653
      25.73790      20.54330
      25.74800      20.54012
      25.75820      20.53695
      25.76840      20.53379
      25.77850      20.53070
      25.78870      20.52761
      25.79890      20.52454
      25.80900      20.52152
      25.81920      20.51851
      25.82940      20.51552
      25.83950      20.51258
      25.84970      20.50964
      25.85990      20.50672
      25.87000      20.50386
      25.88020      20.50100
      25.89030      20.49818
      25.90050      20.49536
      25.91070      20.49257
      25.92080      20.48982
      25.93100      20.48708
      25.94120      20.48435
      25.95130      20.48167
      25.96150      20.47899
      25.97170      20.47633
      25.98180      20.47372
      25.99200      20.47111
      26.00220      20.46851
      26.01230      20.46597
      26.02250      20.46342
      26.03260      20.46091
      26.04280      20.45840
      26.05300      20.45591
      26.06310      20.45346
      26.07330      20.45101
      26.08350      20.44858
      26.09360      20.44619
      26.10380      20.44380
      26.11400      20.44143
      26.12410      20.43909
      26.13430      20.43676
      26.14450      20.43444
      26.15460      20.43217
      26.16480      20.42988
      26.17500      20.42762
      26.18510      20.42540
      26.19530      20.42317
      26.20540      20.42098
      26.21560      20.41879
      26.22580      20.41661
      26.23590      20.41447
      26.24610      20.41232
      26.25630      20.41020
      26.26640      20.40811
      26.27660      20.40601
      26.28680      20.40393
      26.29690      20.40189
      26.30710      20.39984
      26.31730      20.39781
      26.32740      20.39581
      26.33760      20.39381
      26.34770      20.39185
      26.35790      20.38987
      26.36810      20.38792
      26.37820      20.38599
      26.38840      20.38407
      26.39860      20.38215
      26.40870      20.38027
      26.41890      20.37839
      26.42910      20.37651
      26.43920      20.37467
      26.44940      20.37283
      26.45960      20.37100
      26.46970      20.36920
      26.47990      20.36739
      26.49010      20.36560
      26.50020      20.36384
      26.51040      20.36208
      26.52050      20.36034
      26.53070      20.35860
      26.54090      20.35687
      26.55100      20.35517
      26.56120      20.35347
      26.57140      20.35178
      26.58150      20.35012
      26.59170      20.34845
      26.60190      20.34679
      26.61200      20.34517
      26.62220      20.34353
      26.63240      20.34191
      26.64250      20.34032
      26.65270      20.33872
      26.66280      20.33715
      26.67300      20.33557
      26.68320      20.33401
      26.69330      20.33247
      26.70350      20.33092
      26.71370      20.32939
      26.72380      20.32788
      26.73400      20.32637
      26.74420      20.32487
      26.75430      20.32339
      26.76450      20.32191
      26.77470      20.32044
      26.78480      20.31900
      26.79500      20.31754
      26.80520      20.31610
      26.81530      20.31469
      26.82550      20.31326
      26.83560      20.31186
      26.84580      20.31046
      26.85600      20.30907
      26.86610      20.30770
      26.87630      20.30632
      26.88650      20.30496
      26.89660      20.30361
      26.90680      20.30226
      26.91700      20.30092
      26.92710      20.29961
      26.93730      20.29828
      26.94750      20.29697
      26.95760      20.29568
      26.96780      20.29438
      26.97790      20.29311
      26.98810      20.29183
      26.99830      20.29056
      27.00840      20.28931
      27.01860      20.28806
      27.02880      20.28681
      27.03890      20.28558
      27.04910      20.28435
      27.05930      20.28313
      27.06940      20.28193
      27.07960      20.28072
      27.08980      20.27952
      27.09990      20.27834
      27.11010      20.27715
      27.12020      20.27599
      27.13040      20.27482
      27.14060      20.27366
      27.15070      20.27252
      27.16090      20.27137
      27.17110      20.27023
      27.18120      20.26911
      27.19140      20.26798
      27.20160      20.26686
      27.21170      20.26576
      27.22190      20.26465
      27.23210      20.26356
      27.24220      20.26248
      27.25240      20.26139
      27.26260      20.26031
      27.27270      20.25925
      27.28290      20.25819
      27.29300      20.25714
      27.30320      20.25609
      27.31340      20.25504
      27.32350      20.25401
      27.33370      20.25298
      27.34390      20.25195
      27.35400      20.25094
      27.36420      20.24993
      27.37440      20.24892
      27.38450      20.24792
      27.39470      20.24693
      27.40490      20.24594
      27.41500      20.24496
      27.42520      20.24398
      27.43530      20.24302
      27.44550      20.24205
      27.45570      20.24109
      27.46580      20.24015
      27.47600      20.23920
      27.48620      20.23825
      27.49630      20.23732
      27.50650      20.23639
      27.51670      20.23546
      27.52680      20.23455
      27.53700      20.23363
      27.54720      20.23272
      27.55730      20.23182
      27.56750      20.23092
      27.57770      20.23002
      27.58780      20.22914
      27.59800      20.22825
      27.60810      20.22738
      27.61830      20.22651
      27.62850      20.22564
      27.63860      20.22478
      27.64880      20.22392
      27.65900      20.22306
      27.66910      20.22222
      27.67930      20.22137
      27.68950      20.22053
      27.69960      20.21970
      27.70980      20.21887
      27.72000      20.21805
      27.73010      20.21723
      27.74030      20.21641
      27.75040      20.21561
      27.76060      20.21480
      27.77080      20.21399
      27.78090      20.21320
      27.79110      20.21241
      27.80130      20.21162
      27.81140      20.21084
      27.82160      20.21005
      27.83180      20.20928
      27.84190      20.20851
      27.85210      20.20774
      27.86230      20.20698
      27.87240      20.20622
      27.88260      20.20547
      27.89280      20.20471
      27.90290      20.20397
      27.91310      20.20323
      27.92320      20.20250
      27.93340      20.20176
      27.94360      20.20103
      27.95370      20.20030
      27.96390      20.19958
      27.97410      20.19886
      27.98420      20.19815
      27.99440      20.19744
      28.00460      20.19673
      28.01470      20.19603
      28.02490      20.19533
      28.03510      20.19463
      28.04520      20.19394
      28.05540      20.19325
      28.06550      20.19257
      28.07570      20.19189
      28.08590      20.19121
      28.09600      20.19054
      28.10620      20.18987
      28.11640      20.18920
      28.12650      20.18854
      28.13670      20.18788
      28.14690      20.18722
      28.15700      20.18657
      28.16720      20.18592
      28.17740      20.18527
      28.18750      20.18463
      28.19770      20.18399
      28.20790      20.18335
      28.21800      20.18272
      28.22820      20.18209
      28.23830      20.18147
      28.24850      20.18085
      28.25870      20.18022
      28.26880      20.17961
      28.27900      20.17900
      28.28920      20.17838
      28.29930      20.17778
      28.30950      20.17717
      28.31970      20.17657
      28.32980      20.17598
      28.34000      20.17538
      28.35020      20.17478
      28.36030      20.17420
      28.37050      20.17361
      28.38060      20.17303
      28.39080      20.17245
      28.40100      20.17187
      28.41110      20.17130
      28.42130      20.17072
      28.43150      20.17015
      28.44160      20.16959
      28.45180      20.16903
      28.46200      20.16846
      28.47210      20.16791
      28.48230      20.16735
      28.49250      20.16680
      28.50260      20.16626
      28.51280      20.16571
      28.52300      20.16516
      28.53310      20.16462
      28.54330      20.16408
      28.55340      20.16355
      28.56360      20.16302
      28.57380      20.16248
      28.58390      20.16196
      28.59410      20.16143
      28.60430      20.16091
      28.61440      20.16039
      28.62460      20.15987
      28.63480      20.15935
      28.64490      20.15884
      28.65510      20.15833
      28.66530      20.15782
      28.67540      20.15732
      28.68560      20.15681
      28.69570      20.15631
      28.70590      20.15581
      28.71610      20.15532
      28.72620      20.15483
      28.73640      20.15433
      28.74660      20.15384
      28.75670      20.15336
      28.76690      20.15287
      28.77710      20.15239
      28.78720      20.15191
      28.79740      20.15143
      28.80760      20.15096
      28.81770      20.15049
      28.82790      20.15001
      28.83810      20.14954
      28.84820      20.14908
      28.85840      20.14861
      28.86850      20.14815
      28.87870      20.14769
      28.88890      20.14723
      28.89900      20.14678
      28.90920      20.14632
      28.91940      20.14587
      28.92950      20.14543
      28.93970      20.14498
      28.94990      20.14453
      28.96000      20.14409
      28.97020      20.14365
      28.98040      20.14321
      28.99050      20.14277
      29.00070      20.14233
      29.01080      20.14190
      29.02100      20.14147
      29.03120      20.14104
      29.04130      20.14062
      29.05150      20.14019
      29.06170      20.13976
      29.07180      20.13934
      29.08200      20.13892
      29.09220      20.13850
      29.10230      20.13809
      29.11250      20.13767
      29.12270      20.13726
      29.13280      20.13685
      29.14300      20.13644
      29.15310      20.13604
      29.16330      20.13563
      29.17350      20.13523
      29.18360      20.13483
      29.19380      20.13443
      29.20400      20.13403
      29.21410      20.13364
      29.22430      20.13324
      29.23450      20.13285
      29.24460      20.13246
      29.25480      20.13207
      29.26500      20.13168
      29.27510      20.13130
      29.28530      20.13091
      29.29550      20.13053
      29.30560      20.13015
      29.31580      20.12977
      29.32590      20.12939
      29.33610      20.12902
      29.34630      20.12864
      29.35640      20.12827
      29.36660      20.12790
      29.37680      20.12753
      29.38690      20.12716
      29.39710      20.12679
      29.40730      20.12643
      29.41740      20.12607
      29.42760      20.12571
      29.43780      20.12535
      29.44790      20.12499
      29.45810      20.12463
      29.46820      20.12428
      29.47840      20.12392
      29.48860      20.12357
      29.49870      20.12322
      29.50890      20.12287
      29.51910      20.12252
      29.52920      20.12218
      29.53940      20.12183
      29.54960      20.12149
      29.55970      20.12115
      29.56990      20.12081
      29.58010      20.12047
      29.59020      20.12013
      29.60040      20.11979
      29.61060      20.11946
      29.62070      20.11913
      29.63090      20.11879
      29.64100      20.11847
      29.65120      20.11813
      29.66140      20.11781
      29.67150      20.11748
      29.68170      20.11716
      29.69190      20.11683
      29.70200      20.11651
      29.71220      20.11619
      29.72240      20.11587
      29.73250      20.11555
      29.74270      20.11523
      29.75290      20.11491
      29.76300      20.11460
      29.77320      20.11429
      29.78330      20.11398
      29.79350      20.11367
      29.80370      20.11336
      29.81380      20.11305
      29.82400      20.11274
      29.83420      20.11243
      29.84430      20.11213
      29.85450      20.11183
      29.86470      20.11152
      29.87480      20.11123
      29.88500      20.11092
      29.89520      20.11062
      29.90530      20.11033
      29.91550      20.11003
      29.92570      20.10974
      29.93580      20.10945
      29.94600      20.10915
      29.95610      20.10886
      29.96630      20.10857
      29.97650      20.10828
      29.98660      20.10800
      29.99680      20.10771
      30.00700      20.10742
      30.01710      20.10714
      30.02730      20.10686
      30.03750      20.10657
      30.04760      20.10629
      30.05780      20.10601
      30.06800      20.10573
      30.07810      20.10546
      30.08830      20.10518
      30.09840      20.10490
      30.10860      20.10463
      30.11880      20.10435
      30.12890      20.10408
      30.13910      20.10381
      30.14930      20.10354
      30.15940      20.10327
      30.16960      20.10300
      30.17980      20.10274
      30.18990      20.10247
      30.20010      20.10221
      30.21030      20.10194
      30.22040      20.10168
      30.23060      20.10142
      30.24080      20.10115
      30.25090      20.10090
      30.26110      20.10064
      30.27120      20.10038
      30.28140      20.10012
      30.29160      20.09986
      30.30170      20.09961
      30.31190      20.09936
      30.32210      20.09910
      30.33220      20.09885
      30.34240      20.09860
      30.35260      20.09835
      30.36270      20.09810
      30.37290      20.09785
      30.38310      20.09760
      30.39320      20.09736
      30.40340      20.09711
      30.41350      20.09687
      30.42370      20.09663
      30.43390      20.09638
      30.44400      20.09614
      30.45420      20.09590
      30.46440      20.09566
      30.47450      20.09542
      30.48470      20.09518
      30.49490      20.09495
      30.50500      20.09471
      30.51520      20.09447
      30.52540      20.09424
      30.53550      20.09401
      30.54570      20.09377
      30.55590      20.09354
      30.56600      20.09331
      30.57620      20.09308
      30.58630      20.09285
      30.59650      20.09262
      30.60670      20.09239
      30.61680      20.09217
      30.62700      20.09194
      30.63720      20.09171
      30.64730      20.09149
      30.65750      20.09127
      30.66770      20.09104
      30.67780      20.09082
      30.68800      20.09060
      30.69820      20.09038
      30.70830      20.09016
      30.71850      20.08994
      30.72860      20.08973
      30.73880      20.08951
      30.74900      20.08929
      30.75910      20.08908
      30.76930      20.08886
      30.77950      20.08865
      30.78960      20.08843
      30.79980      20.08822
      30.81000      20.08801
      30.82010      20.08780
      30.83030      20.08759
      30.84050      20.08738
      30.85060      20.08717
      30.86080      20.08696
      30.87100      20.08675
      30.88110      20.08655
      30.89130      20.08634
      30.90140      20.08614
      30.91160      20.08593
      30.92180      20.08573
      30.93190      20.08553
      30.94210      20.08532
      30.95230      20.08512
      30.96240      20.08492
      30.97260      20.08472
      30.98280      20.08452
      30.99290      20.08432
      31.00310      20.08413
      31.01330      20.08393
      31.02340      20.08373
      31.03360      20.08354
      31.04370      20.08334
      31.05390      20.08315
      31.06410      20.08295
      31.07420      20.08276
      31.08440      20.08257
      31.09460      20.08237
      31.10470      20.08218
      31.11490      20.08199
      31.12510      20.08180
      31.13520      20.08162
      31.14540      20.08143
      31.15560      20.08124
      31.16570      20.08105
      31.17590      20.08086
      31.18600      20.08068
      31.19620      20.08049
      31.20640      20.08031
      31.21650      20.08013
      31.22670      20.07994
      31.23690      20.07976
      31.24700      20.07958
      31.25720      20.07940
      31.26740      20.07921
      31.27750      20.07903
      31.28770      20.07885
      31.29790      20.07867
      31.30800      20.07850
      31.31820      20.07832
      31.32840      20.07814
      31.33850      20.07796
      31.34870      20.07779
      31.35880      20.07761
      31.36900      20.07744
      31.37920      20.07726
      31.38930      20.07709
      31.39950      20.07692
      31.40970      20.07674
      31.41980      20.07657
      31.43000      20.07640
      31.44020      20.07623
      31.45030      20.07606
      31.46050      20.07589
      31.47070      20.07572
      31.48080      20.07555
      31.49100      20.07539
      31.50110      20.07522
      31.51130      20.07505
      31.52150      20.07489
      31.53160      20.07472
      31.54180      20.07455
      31.55200      20.07439
      31.56210      20.07423
      31.57230      20.07406
      31.58250      20.07390
      31.59260      20.07374
      31.60280      20.07358
      31.61300      20.07341
      31.62310      20.07325
      31.63330      20.07309
      31.64350      20.07293
      31.65360      20.07277
      31.66380      20.07261
      31.67390      20.07246
      31.68410      20.07230
      31.69430      20.07214
      31.70440      20.07199
      31.71460      20.07183
      31.72480      20.07167
      31.73490      20.07152
      31.74510      20.07136
      31.75530      20.07121
      31.76540      20.07106
      31.77560      20.07090
      31.78580      20.07075
      31.79590      20.07060
      31.80610      20.07045
      31.81620      20.07030
      31.82640      20.07014
      31.83660      20.06999
      31.84670      20.06985
      31.85690      20.06969
      31.86710      20.06955
      31.87720      20.06940
      31.88740      20.06925
      31.89760      20.06910
      31.90770      20.06896
      31.91790      20.06881
      31.92810      20.06866
      31.93820      20.06852
      31.94840      20.06837
      31.95860      20.06823
      31.96870      20.06808
      31.97890      20.06794
      31.98900      20.06780
      31.99920      20.06765
      32.00940      20.06751
      32.01950      20.06737
      32.02970      20.06723
      32.03990      20.06709
      32.05000      20.06695
      32.06020      20.06681
      32.07040      20.06667
      32.08050      20.06653
      32.09070      20.06639
      32.10090      20.06625
      32.11100      20.06611
      32.12120      20.06598
      32.13130      20.06584
      32.14150      20.06570
      32.15170      20.06557
      32.16180      20.06543
      32.17200      20.06529
      32.18220      20.06516
      32.19230      20.06503
      32.20250      20.06489
      32.21270      20.06476
      32.22280      20.06462
      32.23300      20.06449
      32.24320      20.06436
      32.25330      20.06423
      32.26350      20.06409
      32.27370      20.06396
      32.28380      20.06383
      32.29400      20.06370
      32.30410      20.06357
      32.31430      20.06344
      32.32450      20.06331
      32.33460      20.06318
      32.34480      20.06306
      32.35500      20.06293
      32.36510      20.06280
      32.37530      20.06267
      32.38550      20.06255
      32.39560      20.06242
      32.40580      20.06229
      32.41600      20.06217
      32.42610      20.06204
      32.43630      20.06192
      32.44640      20.06179
      32.45660      20.06167
      32.46680      20.06154
      32.47690      20.06142
      32.48710      20.06130
      32.49730      20.06117
      32.50740      20.06105
      32.51760      20.06093
      32.52780      20.06081
      32.53790      20.06069
      32.54810      20.06057
      32.55830      20.06045
      32.56840      20.06033
      32.57860      20.06021
      32.58880      20.06009
      32.59890      20.05997
      32.60910      20.05985
      32.61920      20.05973
      32.62940      20.05961
      32.63960      20.05949
      32.64970      20.05938
      32.65990      20.05926
      32.67010      20.05914
      32.68020      20.05903
      32.69040      20.05891
      32.70060      20.05879
      32.71070      20.05868
      32.72090      20.05857
      32.73110      20.05845
      32.74120      20.05834
      32.75140      20.05822
      32.76150      20.05811
      32.77170      20.05799
      32.78190      20.05788
      32.79200      20.05777
      32.80220      20.05766
      32.81240      20.05754
      32.82250      20.05743
      32.83270      20.05732
      32.84290      20.05721
      32.85300      20.05710
      32.86320      20.05699
      32.87340      20.05688
      32.88350      20.05677
      32.89370      20.05666
      32.90390      20.05655
      32.91400      20.05644
      32.92420      20.05633
      32.93430      20.05623
      32.94450      20.05612
      32.95470      20.05601
      32.96480      20.05590
      32.97500      20.05580
      32.98520      20.05569
      32.99530      20.05558
      33.00550      20.05548
      33.01570      20.05537
      33.02580      20.05527
      33.03600      20.05516
      33.04620      20.05506
      33.05630      20.05495
      33.06650      20.05485
      33.07660      20.05474
      33.08680      20.05464
      33.09700      20.05453
      33.10710      20.05443
      33.11730      20.05433
      33.12750      20.05423
      33.13760      20.05413
      33.14780      20.05402
      33.15800      20.05392
      33.16810      20.05382
      33.17830      20.05372
      33.18850      20.05362
      33.19860      20.05352
      33.20880      20.05342
      33.21890      20.05332
      33.22910      20.05322
      33.23930      20.05312
      33.24940      20.05302
      33.25960      20.05292
      33.26980      20.05282
      33.27990      20.05272
      33.29010      20.05263
      33.30030      20.05253
      33.31040      20.05243
      33.32060      20.05233
      33.33080      20.05224
      33.34090      20.05214
      33.35110      20.05204
      33.36130      20.05195
      33.37140      20.05185
      33.38160      20.05176
      33.39170      20.05166
      33.40190      20.05157
      33.41210      20.05147
      33.42220      20.05138
      33.43240      20.05128
      33.44260      20.05119
      33.45270      20.05110
      33.46290      20.05100
      33.47310      20.05091
      33.48320      20.05082
      33.49340      20.05072
      33.50360      20.05063
      33.51370      20.05054
      33.52390      20.05045
      33.53400      20.05036
      33.54420      20.05026
      33.55440      20.05017
      33.56450      20.05008
      33.57470      20.04999
      33.58490      20.04990
      33.59500      20.04981
      33.60520      20.04972
      33.61540      20.04963
      33.62550      20.04954
      33.63570      20.04945
      33.64590      20.04936
      33.65600      20.04927
      33.66620      20.04918
      33.67640      20.04910
      33.68650      20.04901
      33.69670      20.04892
      33.70680      20.04883
      33.71700      20.04875
      33.72720      20.04866
      33.73730      20.04857
      33.74750      20.04849
      33.75770      20.04840
      33.76780      20.04831
      33.77800      20.04823
      33.78820      20.04814
      33.79830      20.04806
      33.80850      20.04797
      33.81870      20.04789
      33.82880      20.04780
      33.83900      20.04772
      33.84910      20.04763
      33.85930      20.04755
      33.86950      20.04746
      33.87960      20.04738
      33.88980      20.04730
      33.90000      20.04721
      33.91010      20.04713
      33.92030      20.04705
      33.93050      20.04696
      33.94060      20.04688
      33.95080      20.04680
      33.96100      20.04672
      33.97110      20.04664
      33.98130      20.04655
      33.99150      20.04647
      34.00160      20.04639
      34.01180      20.04631
      34.02190      20.04623
      34.03210      20.04615
      34.04230      20.04607
      34.05240      20.04599
      34.06260      20.04591
      34.07280      20.04583
      34.08290      20.04575
      34.09310      20.04567
      34.10330      20.04559
      34.11340      20.04552
      34.12360      20.04544
      34.13380      20.04536
      34.14390      20.04528
      34.15410      20.04520
      34.16420      20.04512
      34.17440      20.04505
      34.18460      20.04497
      34.19470      20.04489
      34.20490      20.04482
      34.21510      20.04474
      34.22520      20.04466
      34.23540      20.04458
      34.24560      20.04451
      34.25570      20.04443
      34.26590      20.04436
      34.27610      20.04428
      34.28620      20.04421
      34.29640      20.04413
      34.30660      20.04406
      34.31670      20.04398
      34.32690      20.04391
      34.33700      20.04383
      34.34720      20.04376
      34.35740      20.04368
      34.36750      20.04361
      34.37770      20.04354
      34.38790      20.04346
      34.39800      20.04339
      34.40820      20.04332
      34.41840      20.04324
      34.42850      20.04317
      34.43870      20.04310
      34.44890      20.04302
      34.45900      20.04295
      34.46920      20.04288
      34.47930      20.04281
      34.48950      20.04274
      34.49970      20.04267
      34.50980      20.04259
      34.52000      20.04252
      34.53020      20.04245
      34.54030      20.04238
      34.55050      20.04231
      34.56070      20.04224
      34.57080      20.04217
      34.58100      20.04210
      34.59120      20.04203
      34.60130      20.04196
      34.61150      20.04189
      34.62170      20.04182
      34.63180      20.04175
      34.64200      20.04168
      34.65210      20.04161
      34.66230      20.04155
      34.67250      20.04148
      34.68260      20.04141
      34.69280      20.04134
      34.70300      20.04127
      34.71310      20.04120
      34.72330      20.04114
      34.73350      20.04107
      34.74360      20.04100
      34.75380      20.04093
      34.76400      20.04087
      34.77410      20.04080
      34.78430      20.04073
      34.79440      20.04067
      34.80460      20.04060
      34.81480      20.04053
      34.82490      20.04047
      34.83510      20.04040
      34.84530      20.04034
      34.85540      20.04027
      34.86560      20.04021
      34.87580      20.04014
      34.88590      20.04008
      34.89610      20.04001
      34.90630      20.03995
      34.91640      20.03988
      34.92660      20.03982
      34.93670      20.03975
      34.94690      20.03969
      34.95710      20.03962
      34.96720      20.03956
      34.97740      20.03950
      34.98760      20.03943
      34.99770      20.03937
      35.00790      20.03931
      35.01810      20.03924
      35.02820      20.03918
      35.03840      20.03912
      35.04860      20.03905
      35.05870      20.03899
      35.06890      20.03893
      35.07910      20.03887
      35.08920      20.03881
      35.09940      20.03874
      35.10950      20.03868
      35.11970      20.03862
      35.12990      20.03856
      35.14000      20.03850
      35.15020      20.03844
      35.16040      20.03838
      35.17050      20.03831
      35.18070      20.03825
      35.19090      20.03819
      35.20100      20.03813
      35.21120      20.03807
      35.22140      20.03801
      35.23150      20.03795
      35.24170      20.03789
      35.25180      20.03783
      35.26200      20.03777
      35.27220      20.03771
      35.28230      20.03765
      35.29250      20.03760
      35.30270      20.03754
      35.31280      20.03748
      35.32300      20.03742
      35.33320      20.03736
      35.34330      20.03730
      35.35350      20.03724
      35.36370      20.03719
      35.37380      20.03713
      35.38400      20.03707
      35.39420      20.03701
      35.40430      20.03695
      35.41450      20.03690
      35.42460      20.03684
      35.43480      20.03678
      35.44500      20.03672
      35.45510      20.03667
      35.46530      20.03661
      35.47550      20.03655
      35.48560      20.03650
      35.49580      20.03644
      35.50600      20.03638
      35.51610      20.03633
      35.52630      20.03627
      35.53650      20.03622
      35.54660      20.03616
      35.55680      20.03610
      35.56690      20.03605
      35.57710      20.03599
      35.58730      20.03594
      35.59740      20.03588
      35.60760      20.03583
      35.61780      20.03577
      35.62790      20.03572
      35.63810      20.03566
      35.64830      20.03561
      35.65840      20.03555
      35.66860      20.03550
      35.67880      20.03545
      35.68890      20.03539
      35.69910      20.00000
      35.70930      20.00000
      35.71940      20.00000
      35.72960      20.00000
      35.73970      20.00000
      35.74990      20.00000
      35.76010      20.00000
      35.77020      20.00000
      35.78040      20.00000
      35.79060      20.00000
      35.80070      20.00000
      35.81090      20.00000
      35.82110      20.00000
      35.83120      20.00000
      35.84140      20.00000
      35.85160      20.00000
      35.86170      20.00000
      35.87190      20.00000
      35.88200      20.00000
      35.89220      20.00000
      35.90240      20.00000
      35.91250      20.00000
      35.92270      20.00000
      35.93290      20.00000
      35.94300      20.00000
      35.95320      20.00000
      35.96340      20.00000
      35.97350      20.00000
      35.98370      20.00000
      35.99390      20.00000
