! TITLE: Yobs                                                                                                                                                                                                                                                            
! Peak:  8
       6.00860      24.58356
       6.01870      24.58783
       6.02890      24.59217
       6.03910      24.59654
       6.04920      24.60089
       6.05940      24.60532
       6.06960      24.60977
       6.07970      24.61420
       6.08990      24.61871
       6.10010      24.62325
       6.11020      24.62777
       6.12040      24.63237
       6.13060      24.63699
       6.14070      24.64160
       6.15090      24.64628
       6.16110      24.65100
       6.17120      24.65569
       6.18140      24.66047
       6.19150      24.66522
       6.20170      24.67006
       6.21190      24.67492
       6.22200      24.67977
       6.23220      24.68469
       6.24240      24.68965
       6.25250      24.69459
       6.26270      24.69960
       6.27290      24.70465
       6.28300      24.70969
       6.29320      24.71480
       6.30340      24.71994
       6.31350      24.72507
       6.32370      24.73028
       6.33380      24.73547
       6.34400      24.74075
       6.35420      24.74605
       6.36430      24.75134
       6.37450      24.75671
       6.38470      24.76212
       6.39480      24.76751
       6.40500      24.77298
       6.41520      24.77849
       6.42530      24.78398
       6.43550      24.78955
       6.44570      24.79516
       6.45580      24.80075
       6.46600      24.80643
       6.47620      24.81215
       6.48630      24.81784
       6.49650      24.82363
       6.50660      24.82939
       6.51680      24.83525
       6.52700      24.84114
       6.53710      24.84701
       6.54730      24.85297
       6.55750      24.85897
       6.56760      24.86495
       6.57780      24.87102
       6.58800      24.87713
       6.59810      24.88322
       6.60830      24.88941
       6.61850      24.89563
       6.62860      24.90183
       6.63880      24.90812
       6.64890      24.91440
       6.65910      24.92077
       6.66930      24.92719
       6.67940      24.93357
       6.68960      24.94006
       6.69980      24.94659
       6.70990      24.95310
       6.72010      24.95970
       6.73030      24.96635
       6.74040      24.97297
       6.75060      24.97970
       6.76080      24.98647
       6.77090      24.99321
       6.78110      25.00006
       6.79130      25.00695
       6.80140      25.01381
       6.81160      25.02078
       6.82170      25.02773
       6.83190      25.03478
       6.84210      25.04188
       6.85220      25.04894
       6.86240      25.05612
       6.87260      25.06335
       6.88270      25.07054
       6.89290      25.07785
       6.90310      25.08520
       6.91320      25.09252
       6.92340      25.09996
       6.93360      25.10744
       6.94370      25.11490
       6.95390      25.12247
       6.96400      25.13001
       6.97420      25.13766
       6.98440      25.14537
       6.99450      25.15304
       7.00470      25.16084
       7.01490      25.16867
       7.02500      25.17648
       7.03520      25.18441
       7.04540      25.19239
       7.05550      25.20033
       7.06570      25.20840
       7.07590      25.21652
       7.08600      25.22460
       7.09620      25.23281
       7.10640      25.24107
       7.11650      25.24930
       7.12670      25.25765
       7.13680      25.26597
       7.14700      25.27442
       7.15720      25.28292
       7.16730      25.29138
       7.17750      25.29997
       7.18770      25.30862
       7.19780      25.31723
       7.20800      25.32597
       7.21820      25.33477
       7.22830      25.34352
       7.23850      25.35242
       7.24870      25.36136
       7.25880      25.37027
       7.26900      25.37932
       7.27910      25.38833
       7.28930      25.39748
       7.29950      25.40668
       7.30960      25.41584
       7.31980      25.42515
       7.33000      25.43451
       7.34010      25.44382
       7.35030      25.45329
       7.36050      25.46280
       7.37060      25.47228
       7.38080      25.48191
       7.39100      25.49158
       7.40110      25.50122
       7.41130      25.51101
       7.42150      25.52085
       7.43160      25.53065
       7.44180      25.54060
       7.45190      25.55051
       7.46210      25.56057
       7.47230      25.57069
       7.48240      25.58077
       7.49260      25.59100
       7.50280      25.60128
       7.51290      25.61153
       7.52310      25.62193
       7.53330      25.63239
       7.54340      25.64280
       7.55360      25.65338
       7.56380      25.66401
       7.57390      25.67460
       7.58410      25.68534
       7.59420      25.69605
       7.60440      25.70692
       7.61460      25.71784
       7.62470      25.72872
       7.63490      25.73977
       7.64510      25.75088
       7.65520      25.76194
       7.66540      25.77316
       7.67560      25.78445
       7.68570      25.79569
       7.69590      25.80711
       7.70610      25.81858
       7.71620      25.83000
       7.72640      25.84160
       7.73650      25.85315
       7.74670      25.86487
       7.75690      25.87666
       7.76700      25.88840
       7.77720      25.90031
       7.78740      25.91229
       7.79750      25.92421
       7.80770      25.93632
       7.81790      25.94849
       7.82800      25.96061
       7.83820      25.97291
       7.84840      25.98528
       7.85850      25.99759
       7.86870      26.01009
       7.87890      26.02266
       7.88900      26.03517
       7.89920      26.04786
       7.90930      26.06051
       7.91950      26.07334
       7.92970      26.08624
       7.93980      26.09909
       7.95000      26.11213
       7.96020      26.12523
       7.97030      26.13828
       7.98050      26.15153
       7.99070      26.16484
       8.00080      26.17809
       8.01100      26.19155
       8.02120      26.20507
       8.03130      26.21854
       8.04150      26.23220
       8.05160      26.24581
       8.06180      26.25961
       8.07200      26.27350
       8.08210      26.28731
       8.09230      26.30134
       8.10250      26.31544
       8.11260      26.32947
       8.12280      26.34371
       8.13300      26.35803
       8.14310      26.37228
       8.15330      26.38675
       8.16350      26.40129
       8.17360      26.41576
       8.18380      26.43045
       8.19400      26.44522
       8.20410      26.45991
       8.21430      26.47483
       8.22440      26.48967
       8.23460      26.50474
       8.24480      26.51989
       8.25490      26.53496
       8.26510      26.55026
       8.27530      26.56564
       8.28540      26.58094
       8.29560      26.59648
       8.30580      26.61209
       8.31590      26.62763
       8.32610      26.64340
       8.33630      26.65925
       8.34640      26.67502
       8.35660      26.69103
       8.36670      26.70696
       8.37690      26.72313
       8.38710      26.73939
       8.39720      26.75556
       8.40740      26.77197
       8.41760      26.78847
       8.42770      26.80489
       8.43790      26.82155
       8.44810      26.83829
       8.45820      26.85496
       8.46840      26.87187
       8.47860      26.88886
       8.48870      26.90577
       8.49890      26.92294
       8.50910      26.94019
       8.51920      26.95735
       8.52940      26.97477
       8.53950      26.99210
       8.54970      27.00969
       8.55990      27.02736
       8.57000      27.04495
       8.58020      27.06280
       8.59040      27.08074
       8.60050      27.09859
       8.61070      27.11670
       8.62090      27.13490
       8.63100      27.15301
       8.64120      27.17139
       8.65140      27.18985
       8.66150      27.20823
       8.67170      27.22687
       8.68180      27.24542
       8.69200      27.26425
       8.70220      27.28317
       8.71230      27.30199
       8.72250      27.32109
       8.73270      27.34028
       8.74280      27.35937
       8.75300      27.37875
       8.76320      27.39822
       8.77330      27.41759
       8.78350      27.43724
       8.79370      27.45699
       8.80380      27.47663
       8.81400      27.49657
       8.82420      27.51660
       8.83430      27.53653
       8.84450      27.55675
       8.85460      27.57687
       8.86480      27.59728
       8.87500      27.61779
       8.88510      27.63819
       8.89530      27.65889
       8.90550      27.67969
       8.91560      27.70038
       8.92580      27.72137
       8.93600      27.74247
       8.94610      27.76345
       8.95630      27.78474
       8.96650      27.80613
       8.97660      27.82741
       8.98680      27.84900
       8.99690      27.87047
       9.00710      27.89226
       9.01730      27.91415
       9.02740      27.93592
       9.03760      27.95801
       9.04780      27.98021
       9.05790      28.00229
       9.06810      28.02468
       9.07830      28.04719
       9.08840      28.06957
       9.09860      28.09228
       9.10880      28.11509
       9.11890      28.13778
       9.12910      28.16080
       9.13930      28.18392
       9.14940      28.20692
       9.15960      28.23026
       9.16970      28.25347
       9.17990      28.27702
       9.19010      28.30067
       9.20020      28.32420
       9.21040      28.34807
       9.22060      28.37204
       9.23070      28.39589
       9.24090      28.42008
       9.25110      28.44438
       9.26120      28.46855
       9.27140      28.49307
       9.28160      28.51769
       9.29170      28.54219
       9.30190      28.56704
       9.31200      28.59175
       9.32220      28.61682
       9.33240      28.64200
       9.34250      28.66704
       9.35270      28.69244
       9.36290      28.71795
       9.37300      28.74333
       9.38320      28.76907
       9.39340      28.79493
       9.40350      28.82063
       9.41370      28.84672
       9.42390      28.87291
       9.43400      28.89896
       9.44420      28.92539
       9.45440      28.95193
       9.46450      28.97832
       9.47470      29.00509
       9.48480      29.03171
       9.49500      29.05872
       9.50520      29.08584
       9.51530      29.11280
       9.52550      29.14016
       9.53570      29.16763
       9.54580      29.19495
       9.55600      29.22266
       9.56620      29.25049
       9.57630      29.27816
       9.58650      29.30623
       9.59670      29.33442
       9.60680      29.36245
       9.61700      29.39087
       9.62710      29.41914
       9.63730      29.44781
       9.64750      29.47660
       9.65760      29.50523
       9.66780      29.53426
       9.67800      29.56342
       9.68810      29.59241
       9.69830      29.62182
       9.70850      29.65135
       9.71860      29.68071
       9.72880      29.71048
       9.73900      29.74038
       9.74910      29.77011
       9.75930      29.80026
       9.76940      29.83024
       9.77960      29.86064
       9.78980      29.89116
       9.79990      29.92152
       9.81010      29.95230
       9.82030      29.98321
       9.83040      30.01394
       9.84060      30.04510
       9.85080      30.07639
       9.86090      30.10750
       9.87110      30.13905
       9.88130      30.17073
       9.89140      30.20223
       9.90160      30.23416
       9.91180      30.26623
       9.92190      30.29811
       9.93210      30.33044
       9.94220      30.36258
       9.95240      30.39517
       9.96260      30.42789
       9.97270      30.46043
       9.98290      30.49341
       9.99310      30.52653
      10.00320      30.55946
      10.01340      30.59285
      10.02360      30.62636
      10.03370      30.65969
      10.04390      30.69347
      10.05410      30.72740
      10.06420      30.76112
      10.07440      30.79531
      10.08450      30.82931
      10.09470      30.86377
      10.10490      30.89837
      10.11500      30.93277
      10.12520      30.96764
      10.13540      31.00266
      10.14550      31.03746
      10.15570      31.07274
      10.16590      31.10817
      10.17600      31.14338
      10.18620      31.17909
      10.19640      31.21493
      10.20650      31.25056
      10.21670      31.28668
      10.22690      31.32294
      10.23700      31.35898
      10.24720      31.39552
      10.25730      31.43185
      10.26750      31.46867
      10.27770      31.50563
      10.28780      31.54238
      10.29800      31.57963
      10.30820      31.61702
      10.31830      31.65418
      10.32850      31.69186
      10.33870      31.72968
      10.34880      31.76727
      10.35900      31.80538
      10.36920      31.84363
      10.37930      31.88166
      10.38950      31.92020
      10.39960      31.95851
      10.40980      31.99734
      10.42000      32.03632
      10.43010      32.07506
      10.44030      32.11433
      10.45050      32.15374
      10.46060      32.19292
      10.47080      32.23264
      10.48100      32.27250
      10.49110      32.31211
      10.50130      32.35226
      10.51150      32.39257
      10.52160      32.43262
      10.53180      32.47323
      10.54200      32.51398
      10.55210      32.55448
      10.56230      32.59553
      10.57240      32.63632
      10.58260      32.67767
      10.59280      32.71917
      10.60290      32.76042
      10.61310      32.80222
      10.62330      32.84417
      10.63340      32.88587
      10.64360      32.92813
      10.65380      32.97054
      10.66390      33.01269
      10.67410      33.05540
      10.68430      33.09827
      10.69440      33.14087
      10.70460      33.18405
      10.71470      33.22696
      10.72490      33.27044
      10.73510      33.31408
      10.74520      33.35744
      10.75540      33.40139
      10.76560      33.44550
      10.77570      33.48932
      10.78590      33.53374
      10.79610      33.57831
      10.80620      33.62260
      10.81640      33.66748
      10.82660      33.71252
      10.83670      33.75728
      10.84690      33.80264
      10.85710      33.84815
      10.86720      33.89337
      10.87740      33.93920
      10.88750      33.98473
      10.89770      34.03088
      10.90790      34.07719
      10.91800      34.12320
      10.92820      34.16982
      10.93840      34.21660
      10.94850      34.26308
      10.95870      34.31018
      10.96890      34.35744
      10.97900      34.40440
      10.98920      34.45198
      10.99940      34.49973
      11.00950      34.54716
      11.01970      34.59523
      11.02980      34.64299
      11.04000      34.69138
      11.05020      34.73993
      11.06030      34.78816
      11.07050      34.83704
      11.08070      34.88608
      11.09080      34.93480
      11.10100      34.98416
      11.11120      35.03369
      11.12130      35.08289
      11.13150      35.13275
      11.14170      35.18277
      11.15180      35.23246
      11.16200      35.28281
      11.17220      35.33332
      11.18230      35.38350
      11.19250      35.43435
      11.20260      35.48485
      11.21280      35.53603
      11.22300      35.58736
      11.23310      35.63836
      11.24330      35.69003
      11.25350      35.74187
      11.26360      35.79336
      11.27380      35.84553
      11.28400      35.89787
      11.29410      35.94985
      11.30430      36.00252
      11.31450      36.05536
      11.32460      36.10784
      11.33480      36.16101
      11.34490      36.21383
      11.35510      36.26733
      11.36530      36.32101
      11.37540      36.37432
      11.38560      36.42833
      11.39580      36.48251
      11.40590      36.53633
      11.41610      36.59084
      11.42630      36.64553
      11.43640      36.69985
      11.44660      36.75488
      11.45680      36.81007
      11.46690      36.86489
      11.47710      36.92043
      11.48730      36.97613
      11.49740      37.03146
      11.50760      37.08750
      11.51770      37.14316
      11.52790      37.19955
      11.53810      37.25610
      11.54820      37.31227
      11.55840      37.36917
      11.56860      37.42624
      11.57870      37.48291
      11.58890      37.54032
      11.59910      37.59790
      11.60920      37.65509
      11.61940      37.71302
      11.62960      37.77111
      11.63970      37.82881
      11.64990      37.88725
      11.66000      37.94529
      11.67020      38.00407
      11.68040      38.06302
      11.69050      38.12157
      11.70070      38.18087
      11.71090      38.24035
      11.72100      38.29941
      11.73120      38.35923
      11.74140      38.41922
      11.75150      38.47880
      11.76170      38.53913
      11.77190      38.59964
      11.78200      38.65973
      11.79220      38.72059
      11.80230      38.78102
      11.81250      38.84222
      11.82270      38.90360
      11.83280      38.96455
      11.84300      39.02627
      11.85320      39.08817
      11.86330      39.14964
      11.87350      39.21188
      11.88370      39.27430
      11.89380      39.33627
      11.90400      39.39904
      11.91420      39.46198
      11.92430      39.52448
      11.93450      39.58776
      11.94470      39.65123
      11.95480      39.71424
      11.96500      39.77805
      11.97510      39.84141
      11.98530      39.90557
      11.99550      39.96990
      12.00560      40.03378
      12.01580      40.09846
      12.02600      40.16332
      12.03610      40.22771
      12.04630      40.29292
      12.05650      40.35830
      12.06660      40.42320
      12.07680      40.48893
      12.08700      40.55484
      12.09710      40.62027
      12.10730      40.68651
      12.11740      40.75229
      12.12760      40.81889
      12.13780      40.88566
      12.14790      40.95195
      12.15810      41.01908
      12.16830      41.08637
      12.17840      41.15318
      12.18860      41.22083
      12.19880      41.28865
      12.20890      41.35598
      12.21910      41.42414
      12.22930      41.49248
      12.23940      41.56033
      12.24960      41.62902
      12.25980      41.69788
      12.26990      41.76625
      12.28010      41.83545
      12.29020      41.90416
      12.30040      41.97372
      12.31060      42.04345
      12.32070      42.11267
      12.33090      42.18275
      12.34110      42.25300
      12.35120      42.32274
      12.36140      42.39334
      12.37160      42.46412
      12.38170      42.53436
      12.39190      42.60549
      12.40210      42.67678
      12.41220      42.74754
      12.42240      42.81919
      12.43250      42.89029
      12.44270      42.96228
      12.45290      43.03443
      12.46300      43.10605
      12.47320      43.17855
      12.48340      43.25123
      12.49350      43.32335
      12.50370      43.39637
      12.51390      43.46956
      12.52400      43.54220
      12.53420      43.61573
      12.54440      43.68944
      12.55450      43.76258
      12.56470      43.83664
      12.57490      43.91085
      12.58500      43.98451
      12.59520      44.05907
      12.60530      44.13307
      12.61550      44.20797
      12.62570      44.28304
      12.63580      44.35754
      12.64600      44.43295
      12.65620      44.50854
      12.66630      44.58354
      12.67650      44.65946
      12.68670      44.73555
      12.69680      44.81106
      12.70700      44.88748
      12.71720      44.96408
      12.72730      45.04009
      12.73750      45.11703
      12.74760      45.19337
      12.75780      45.27064
      12.76800      45.34807
      12.77810      45.42492
      12.78830      45.50268
      12.79850      45.58062
      12.80860      45.65797
      12.81880      45.73623
      12.82900      45.81468
      12.83910      45.89251
      12.84930      45.97128
      12.85950      46.05021
      12.86960      46.12854
      12.87980      46.20781
      12.89000      46.28724
      12.90010      46.36605
      12.91030      46.44582
      12.92040      46.52495
      12.93060      46.60505
      12.94080      46.68530
      12.95090      46.76493
      12.96110      46.84550
      12.97130      46.92625
      12.98140      47.00636
      12.99160      47.08743
      13.00180      47.16866
      13.01190      47.24926
      13.02210      47.33081
      13.03230      47.41252
      13.04240      47.49360
      13.05260      47.57563
      13.06270      47.65702
      13.07290      47.73938
      13.08310      47.82190
      13.09320      47.90376
      13.10340      47.98660
      13.11360      48.06958
      13.12370      48.15192
      13.13390      48.23523
      13.14410      48.31870
      13.15420      48.40150
      13.16440      48.48529
      13.17460      48.56923
      13.18470      48.65250
      13.19490      48.73674
      13.20510      48.82116
      13.21520      48.90489
      13.22540      48.98961
      13.23550      49.07365
      13.24570      49.15867
      13.25590      49.24386
      13.26600      49.32835
      13.27620      49.41384
      13.28640      49.49947
      13.29650      49.58443
      13.30670      49.67036
      13.31690      49.75647
      13.32700      49.84186
      13.33720      49.92826
      13.34740      50.01480
      13.35750      50.10065
      13.36770      50.18750
      13.37780      50.27365
      13.38800      50.36079
      13.39820      50.44809
      13.40830      50.53467
      13.41850      50.62225
      13.42870      50.70999
      13.43880      50.79700
      13.44900      50.88504
      13.45920      50.97321
      13.46930      51.06067
      13.47950      51.14912
      13.48970      51.23773
      13.49980      51.32561
      13.51000      51.41451
      13.52010      51.50267
      13.53030      51.59185
      13.54050      51.68116
      13.55060      51.76975
      13.56080      51.85935
      13.57100      51.94910
      13.58110      52.03811
      13.59130      52.12812
      13.60150      52.21828
      13.61160      52.30770
      13.62180      52.39814
      13.63200      52.48871
      13.64210      52.57854
      13.65230      52.66939
      13.66250      52.76038
      13.67260      52.85060
      13.68280      52.94186
      13.69290      53.03234
      13.70310      53.12387
      13.71330      53.21552
      13.72340      53.30641
      13.73360      53.39833
      13.74380      53.49038
      13.75390      53.58166
      13.76410      53.67398
      13.77430      53.76641
      13.78440      53.85808
      13.79460      53.95078
      13.80480      54.04361
      13.81490      54.13566
      13.82510      54.22874
      13.83520      54.32104
      13.84540      54.41437
      13.85560      54.50784
      13.86570      54.60050
      13.87590      54.69421
      13.88610      54.78804
      13.89620      54.88108
      13.90640      54.97515
      13.91660      55.06936
      13.92670      55.16275
      13.93690      55.25719
      13.94710      55.35175
      13.95720      55.44550
      13.96740      55.54029
      13.97760      55.63522
      13.98770      55.72932
      13.99790      55.82446
      14.00800      55.91879
      14.01820      56.01417
      14.02840      56.10966
      14.03850      56.20433
      14.04870      56.30005
      14.05890      56.39589
      14.06900      56.49089
      14.07920      56.58694
      14.08940      56.68311
      14.09950      56.77844
      14.10970      56.87483
      14.11990      56.97132
      14.13000      57.06697
      14.14020      57.16368
      14.15030      57.25955
      14.16050      57.35646
      14.17070      57.45349
      14.18080      57.54967
      14.19100      57.64690
      14.20120      57.74422
      14.21130      57.84071
      14.22150      57.93825
      14.23170      58.03588
      14.24180      58.13267
      14.25200      58.23050
      14.26220      58.32844
      14.27230      58.42551
      14.28250      58.52364
      14.29270      58.62186
      14.30280      58.71922
      14.31300      58.81762
      14.32310      58.91517
      14.33330      59.01377
      14.34350      59.11246
      14.35360      59.21028
      14.36380      59.30916
      14.37400      59.40812
      14.38410      59.50620
      14.39430      59.60535
      14.40450      59.70457
      14.41460      59.80292
      14.42480      59.90231
      14.43500      60.00180
      14.44510      60.10040
      14.45530      60.20005
      14.46540      60.29881
      14.47560      60.39862
      14.48580      60.49852
      14.49590      60.59753
      14.50610      60.69758
      14.51630      60.79772
      14.52640      60.89694
      14.53660      60.99724
      14.54680      61.09760
      14.55690      61.19706
      14.56710      61.29757
      14.57730      61.39817
      14.58740      61.49784
      14.59760      61.59858
      14.60780      61.69937
      14.61790      61.79926
      14.62810      61.90021
      14.63820      62.00022
      14.64840      62.10130
      14.65860      62.20244
      14.66870      62.30267
      14.67890      62.40393
      14.68910      62.50528
      14.69920      62.60567
      14.70940      62.70714
      14.71960      62.80866
      14.72970      62.90925
      14.73990      63.01089
      14.75010      63.11259
      14.76020      63.21335
      14.77040      63.31517
      14.78050      63.41604
      14.79070      63.51796
      14.80090      63.61995
      14.81100      63.72096
      14.82120      63.82306
      14.83140      63.92518
      14.84150      64.02636
      14.85170      64.12859
      14.86190      64.23087
      14.87200      64.33219
      14.88220      64.43457
      14.89240      64.53698
      14.90250      64.63844
      14.91270      64.74094
      14.92290      64.84348
      14.93300      64.94506
      14.94320      65.04770
      14.95330      65.14936
      14.96350      65.25206
      14.97370      65.35480
      14.98380      65.45657
      14.99400      65.55939
      15.00420      65.66223
      15.01430      65.76411
      15.02450      65.86702
      15.03470      65.96997
      15.04480      66.07193
      15.05500      66.17493
      15.06520      66.27796
      15.07530      66.38002
      15.08550      66.48310
      15.09560      66.58521
      15.10580      66.68833
      15.11600      66.79150
      15.12610      66.89365
      15.13630      66.99686
      15.14650      67.10008
      15.15660      67.20232
      15.16680      67.30556
      15.17700      67.40885
      15.18710      67.51113
      15.19730      67.61443
      15.20750      67.71776
      15.21760      67.82007
      15.22780      67.92342
      15.23800      68.02677
      15.24810      68.12913
      15.25830      68.23250
      15.26840      68.33487
      15.27860      68.43825
      15.28880      68.54165
      15.29890      68.64402
      15.30910      68.74743
      15.31930      68.85082
      15.32940      68.95322
      15.33960      69.05662
      15.34980      69.16003
      15.35990      69.26241
      15.37010      69.36581
      15.38030      69.46919
      15.39040      69.57157
      15.40060      69.67495
      15.41070      69.77731
      15.42090      69.88067
      15.43110      69.98402
      15.44120      70.08635
      15.45140      70.18967
      15.46160      70.29299
      15.47170      70.39528
      15.48190      70.49857
      15.49210      70.60183
      15.50220      70.70407
      15.51240      70.80730
      15.52260      70.91052
      15.53270      71.01270
      15.54290      71.11587
      15.55300      71.21801
      15.56320      71.32112
      15.57340      71.42422
      15.58350      71.52628
      15.59370      71.62933
      15.60390      71.73233
      15.61400      71.83430
      15.62420      71.93725
      15.63440      72.04017
      15.64450      72.14204
      15.65470      72.24490
      15.66490      72.34770
      15.67500      72.44947
      15.68520      72.55221
      15.69540      72.65491
      15.70550      72.75655
      15.71570      72.85918
      15.72580      72.96074
      15.73600      73.06327
      15.74620      73.16575
      15.75630      73.26718
      15.76650      73.36958
      15.77670      73.47191
      15.78680      73.57320
      15.79700      73.67544
      15.80720      73.77763
      15.81730      73.87875
      15.82750      73.98084
      15.83770      74.08286
      15.84780      74.18382
      15.85800      74.28572
      15.86810      74.38658
      15.87830      74.48836
      15.88850      74.59010
      15.89860      74.69075
      15.90880      74.79235
      15.91900      74.89388
      15.92910      74.99435
      15.93930      75.09575
      15.94950      75.19708
      15.95960      75.29735
      15.96980      75.39854
      15.98000      75.49965
      15.99010      75.59970
      16.00030      75.70066
      16.01050      75.80154
      16.02060      75.90137
      16.03080      76.00211
      16.04090      76.10177
      16.05110      76.20235
      16.06130      76.30284
      16.07140      76.40226
      16.08160      76.50259
      16.09180      76.60283
      16.10190      76.70198
      16.11210      76.80205
      16.12230      76.90201
      16.13240      77.00092
      16.14260      77.10070
      16.15280      77.20039
      16.16290      77.29903
      16.17310      77.39852
      16.18320      77.49697
      16.19340      77.59626
      16.20360      77.69548
      16.21370      77.79362
      16.22390      77.89262
      16.23410      77.99153
      16.24420      78.08936
      16.25440      78.18806
      16.26460      78.28665
      16.27470      78.38416
      16.28490      78.48254
      16.29510      78.58079
      16.30520      78.67799
      16.31540      78.77601
      16.32560      78.87394
      16.33570      78.97078
      16.34590      79.06847
      16.35600      79.16510
      16.36620      79.26254
      16.37640      79.35989
      16.38650      79.45614
      16.39670      79.55323
      16.40690      79.65019
      16.41700      79.74608
      16.42720      79.84280
      16.43740      79.93940
      16.44750      80.03490
      16.45770      80.13123
      16.46790      80.22742
      16.47800      80.32255
      16.48820      80.41846
      16.49830      80.51334
      16.50850      80.60898
      16.51870      80.70450
      16.52880      80.79894
      16.53900      80.89420
      16.54920      80.98930
      16.55930      81.08332
      16.56950      81.17814
      16.57970      81.27281
      16.58980      81.36640
      16.60000      81.46078
      16.61020      81.55502
      16.62030      81.64817
      16.63050      81.74210
      16.64070      81.83586
      16.65080      81.92857
      16.66100      82.02203
      16.67110      82.11444
      16.68130      82.20758
      16.69150      82.30058
      16.70160      82.39249
      16.71180      82.48518
      16.72200      82.57769
      16.73210      82.66914
      16.74230      82.76132
      16.75250      82.85335
      16.76260      82.94428
      16.77280      83.03598
      16.78300      83.12749
      16.79310      83.21794
      16.80330      83.30911
      16.81340      83.39922
      16.82360      83.49004
      16.83380      83.58068
      16.84390      83.67028
      16.85410      83.76056
      16.86430      83.85068
      16.87440      83.93972
      16.88460      84.02948
      16.89480      84.11905
      16.90490      84.20755
      16.91510      84.29676
      16.92530      84.38577
      16.93540      84.47372
      16.94560      84.56237
      16.95580      84.65080
      16.96590      84.73821
      16.97610      84.82627
      16.98620      84.91328
      16.99640      85.00096
      17.00660      85.08842
      17.01670      85.17487
      17.02690      85.26193
      17.03710      85.34882
      17.04720      85.43465
      17.05740      85.52113
      17.06760      85.60741
      17.07770      85.69264
      17.08790      85.77851
      17.09810      85.86417
      17.10820      85.94878
      17.11840      86.03403
      17.12850      86.11823
      17.13870      86.20306
      17.14890      86.28765
      17.15900      86.37123
      17.16920      86.45541
      17.17940      86.53937
      17.18950      86.62231
      17.19970      86.70582
      17.20990      86.78913
      17.22000      86.87140
      17.23020      86.95428
      17.24040      87.03692
      17.25050      87.11852
      17.26070      87.20072
      17.27090      87.28268
      17.28100      87.36362
      17.29120      87.44514
      17.30130      87.52561
      17.31150      87.60667
      17.32170      87.68747
      17.33180      87.76727
      17.34200      87.84760
      17.35220      87.92773
      17.36230      88.00683
      17.37250      88.08645
      17.38270      88.16585
      17.39280      88.24422
      17.40300      88.32315
      17.41320      88.40182
      17.42330      88.47948
      17.43350      88.55766
      17.44360      88.63484
      17.45380      88.71253
      17.46400      88.78998
      17.47410      88.86642
      17.48430      88.94336
      17.49450      89.02005
      17.50460      89.09575
      17.51480      89.17192
      17.52500      89.24785
      17.53510      89.32280
      17.54530      89.39821
      17.55550      89.47337
      17.56560      89.54753
      17.57580      89.62218
      17.58590      89.69583
      17.59610      89.76995
      17.60630      89.84381
      17.61640      89.91667
      17.62660      89.99001
      17.63680      90.06306
      17.64690      90.13514
      17.65710      90.20766
      17.66730      90.27991
      17.67740      90.35120
      17.68760      90.42290
      17.69780      90.49433
      17.70790      90.56480
      17.71810      90.63568
      17.72830      90.70631
      17.73840      90.77594
      17.74860      90.84601
      17.75870      90.91509
      17.76890      90.98460
      17.77910      91.05382
      17.78920      91.12207
      17.79940      91.19073
      17.80960      91.25910
      17.81970      91.32651
      17.82990      91.39431
      17.84010      91.46181
      17.85020      91.52839
      17.86040      91.59531
      17.87060      91.66196
      17.88070      91.72765
      17.89090      91.79372
      17.90100      91.85883
      17.91120      91.92431
      17.92140      91.98949
      17.93150      92.05373
      17.94170      92.11832
      17.95190      92.18261
      17.96200      92.24596
      17.97220      92.30965
      17.98240      92.37305
      17.99250      92.43551
      18.00270      92.49830
      18.01290      92.56078
      18.02300      92.62234
      18.03320      92.68421
      18.04340      92.74577
      18.05350      92.80643
      18.06370      92.86738
      18.07380      92.92743
      18.08400      92.98775
      18.09420      93.04778
      18.10430      93.10690
      18.11450      93.16630
      18.12470      93.22538
      18.13480      93.28358
      18.14500      93.34203
      18.15520      93.40015
      18.16530      93.45741
      18.17550      93.51492
      18.18570      93.57210
      18.19580      93.62841
      18.20600      93.68495
      18.21610      93.74062
      18.22630      93.79652
      18.23650      93.85210
      18.24660      93.90681
      18.25680      93.96174
      18.26700      94.01635
      18.27710      94.07008
      18.28730      94.12404
      18.29750      94.17767
      18.30760      94.23043
      18.31780      94.28340
      18.32800      94.33603
      18.33810      94.38782
      18.34830      94.43980
      18.35850      94.49142
      18.36860      94.54223
      18.37880      94.59319
      18.38890      94.64334
      18.39910      94.69363
      18.40930      94.74361
      18.41940      94.79274
      18.42960      94.84203
      18.43980      94.89098
      18.44990      94.93911
      18.46010      94.98738
      18.47030      95.03532
      18.48040      95.08243
      18.49060      95.12968
      18.50080      95.17657
      18.51090      95.22268
      18.52110      95.26888
      18.53120      95.31431
      18.54140      95.35983
      18.55160      95.40500
      18.56170      95.44939
      18.57190      95.49387
      18.58210      95.53800
      18.59220      95.58135
      18.60240      95.62479
      18.61260      95.66787
      18.62270      95.71017
      18.63290      95.75256
      18.64310      95.79458
      18.65320      95.83584
      18.66340      95.87716
      18.67360      95.91812
      18.68370      95.95833
      18.69390      95.99858
      18.70400      96.03809
      18.71420      96.07762
      18.72440      96.11680
      18.73450      96.15525
      18.74470      96.19371
      18.75490      96.23181
      18.76500      96.26918
      18.77520      96.30656
      18.78540      96.34359
      18.79550      96.37989
      18.80570      96.41619
      18.81590      96.45213
      18.82600      96.48734
      18.83620      96.52256
      18.84630      96.55705
      18.85650      96.59154
      18.86670      96.62564
      18.87680      96.65906
      18.88700      96.69244
      18.89720      96.72545
      18.90730      96.75777
      18.91750      96.79005
      18.92770      96.82196
      18.93780      96.85318
      18.94800      96.88435
      18.95820      96.91515
      18.96830      96.94527
      18.97850      96.97533
      18.98870      97.00503
      18.99880      97.03405
      19.00900      97.06299
      19.01910      97.09128
      19.02930      97.11947
      19.03950      97.14729
      19.04960      97.17447
      19.05980      97.20153
      19.07000      97.22823
      19.08010      97.25430
      19.09030      97.28024
      19.10050      97.30582
      19.11060      97.33075
      19.12080      97.35557
      19.13100      97.38000
      19.14110      97.40383
      19.15130      97.42751
      19.16140      97.45058
      19.17160      97.47351
      19.18180      97.49606
      19.19190      97.51801
      19.20210      97.53978
      19.21230      97.56119
      19.22240      97.58201
      19.23260      97.60265
      19.24280      97.62291
      19.25290      97.64259
      19.26310      97.66209
      19.27330      97.68121
      19.28340      97.69975
      19.29360      97.71811
      19.30380      97.73607
      19.31390      97.75349
      19.32410      97.77068
      19.33420      97.78733
      19.34440      97.80376
      19.35460      97.81982
      19.36470      97.83532
      19.37490      97.85060
      19.38510      97.86549
      19.39520      97.87985
      19.40540      97.89397
      19.41560      97.90771
      19.42570      97.92092
      19.43590      97.93389
      19.44610      97.94646
      19.45620      97.95853
      19.46640      97.97033
      19.47650      97.98164
      19.48670      97.99267
      19.49690      98.00330
      19.50700      98.01346
      19.51720      98.02332
      19.52740      98.03281
      19.53750      98.04180
      19.54770      98.05051
      19.55790      98.05882
      19.56800      98.06667
      19.57820      98.07420
      19.58840      98.08134
      19.59850      98.08804
      19.60870      98.09441
      19.61880      98.10032
      19.62900      98.10592
      19.63920      98.11112
      19.64930      98.11588
      19.65950      98.12032
      19.66970      98.12434
      19.67980      98.12795
      19.69000      98.13120
      19.70020      98.13407
      19.71030      98.13652
      19.72050      98.13861
      19.73070      98.14030
      19.74080      98.14160
      19.75100      98.14251
      19.76120      98.14304
      19.77130      98.14317
      19.78150      98.14292
      19.79160      98.14229
      19.80180      98.14125
      19.81200      98.13983
      19.82210      98.13804
      19.83230      98.13584
      19.84250      98.13324
      19.85260      98.13029
      19.86280      98.12692
      19.87300      98.12315
      19.88310      98.11905
      19.89330      98.11452
      19.90350      98.10958
      19.91360      98.10432
      19.92380      98.09861
      19.93390      98.09258
      19.94410      98.08609
      19.95430      98.07922
      19.96440      98.07202
      19.97460      98.06437
      19.98480      98.05634
      19.99490      98.04799
      20.00510      98.03918
      20.01530      98.02997
      20.02540      98.02047
      20.03560      98.01049
      20.04580      98.00012
      20.05590      97.98947
      20.06610      97.97832
      20.07630      97.96680
      20.08640      97.95499
      20.09660      97.94269
      20.10670      97.93012
      20.11690      97.91705
      20.12710      97.90358
      20.13720      97.88987
      20.14740      97.87563
      20.15760      97.86101
      20.16770      97.84615
      20.17790      97.83076
      20.18810      97.81498
      20.19820      97.79898
      20.20840      97.78243
      20.21860      97.76550
      20.22870      97.74836
      20.23890      97.73066
      20.24900      97.71275
      20.25920      97.69429
      20.26940      97.67545
      20.27950      97.65641
      20.28970      97.63680
      20.29990      97.61681
      20.31000      97.59663
      20.32020      97.57587
      20.33040      97.55473
      20.34050      97.53342
      20.35070      97.51153
      20.36090      97.48925
      20.37100      97.46681
      20.38120      97.44378
      20.39140      97.42036
      20.40150      97.39680
      20.41170      97.37263
      20.42180      97.34832
      20.43200      97.32339
      20.44220      97.29809
      20.45230      97.27266
      20.46250      97.24660
      20.47270      97.22018
      20.48280      97.19363
      20.49300      97.16644
      20.50320      97.13889
      20.51330      97.11123
      20.52350      97.08292
      20.53370      97.05424
      20.54380      97.02547
      20.55400      96.99605
      20.56410      96.96655
      20.57430      96.93638
      20.58450      96.90585
      20.59460      96.87524
      20.60480      96.84396
      20.61500      96.81231
      20.62510      96.78061
      20.63530      96.74822
      20.64550      96.71546
      20.65560      96.68267
      20.66580      96.64919
      20.67600      96.61533
      20.68610      96.58144
      20.69630      96.54686
      20.70650      96.51190
      20.71660      96.47694
      20.72680      96.44125
      20.73690      96.40556
      20.74710      96.36916
      20.75730      96.33240
      20.76740      96.29562
      20.77760      96.25814
      20.78780      96.22028
      20.79790      96.18246
      20.80810      96.14388
      20.81830      96.10495
      20.82840      96.06606
      20.83860      96.02640
      20.84880      95.98640
      20.85890      95.94644
      20.86910      95.90572
      20.87920      95.86506
      20.88940      95.82364
      20.89960      95.78186
      20.90970      95.74015
      20.91990      95.69766
      20.93010      95.65483
      20.94020      95.61206
      20.95040      95.56853
      20.96060      95.52465
      20.97070      95.48084
      20.98090      95.43626
      20.99110      95.39133
      21.00120      95.34650
      21.01140      95.30087
      21.02160      95.25490
      21.03170      95.20904
      21.04190      95.16238
      21.05200      95.11583
      21.06220      95.06848
      21.07240      95.02081
      21.08250      94.97324
      21.09270      94.92487
      21.10290      94.87616
      21.11300      94.82758
      21.12320      94.77821
      21.13340      94.72847
      21.14350      94.67890
      21.15370      94.62850
      21.16390      94.57776
      21.17400      94.52719
      21.18420      94.47578
      21.19430      94.42456
      21.20450      94.37249
      21.21470      94.32008
      21.22480      94.26787
      21.23500      94.21481
      21.24520      94.16142
      21.25530      94.10822
      21.26550      94.05418
      21.27570      93.99981
      21.28580      93.94563
      21.29600      93.89062
      21.30620      93.83527
      21.31630      93.78014
      21.32650      93.72414
      21.33660      93.66838
      21.34680      93.61173
      21.35700      93.55478
      21.36710      93.49805
      21.37730      93.44046
      21.38750      93.38255
      21.39760      93.32489
      21.40780      93.26634
      21.41800      93.20749
      21.42810      93.14888
      21.43830      93.08940
      21.44850      93.02960
      21.45860      92.97008
      21.46880      92.90965
      21.47900      92.84892
      21.48910      92.78848
      21.49930      92.72713
      21.50940      92.66608
      21.51960      92.60411
      21.52980      92.54184
      21.53990      92.47989
      21.55010      92.41701
      21.56030      92.35384
      21.57040      92.29098
      21.58060      92.22720
      21.59080      92.16313
      21.60090      92.09938
      21.61110      92.03471
      21.62130      91.96974
      21.63140      91.90511
      21.64160      91.83955
      21.65170      91.77435
      21.66190      91.70820
      21.67210      91.64175
      21.68220      91.57569
      21.69240      91.50866
      21.70260      91.44135
      21.71270      91.37443
      21.72290      91.30654
      21.73310      91.23837
      21.74320      91.17059
      21.75340      91.10184
      21.76360      91.03284
      21.77370      90.96421
      21.78390      90.89464
      21.79410      90.82478
      21.80420      90.75533
      21.81440      90.68490
      21.82450      90.61491
      21.83470      90.54394
      21.84490      90.47269
      21.85500      90.40186
      21.86520      90.33007
      21.87540      90.25801
      21.88550      90.18639
      21.89570      90.11378
      21.90590      90.04092
      21.91600      89.96849
      21.92620      89.89508
      21.93640      89.82143
      21.94650      89.74821
      21.95670      89.67402
      21.96680      89.60028
      21.97700      89.52557
      21.98720      89.45058
      21.99730      89.37609
      22.00750      89.30060
      22.01770      89.22484
      22.02780      89.14958
      22.03800      89.07331
      22.04820      88.99680
      22.05830      88.92078
      22.06850      88.84376
      22.07870      88.76650
      22.08880      88.68974
      22.09900      88.61197
      22.10920      88.53397
      22.11930      88.45647
      22.12950      88.37797
      22.13960      88.29999
      22.14980      88.22102
      22.16000      88.14178
      22.17010      88.06310
      22.18030      87.98338
      22.19050      87.90343
      22.20060      87.82404
      22.21080      87.74362
      22.22100      87.66296
      22.23110      87.58288
      22.24130      87.50175
      22.25150      87.42042
      22.26160      87.33963
      22.27180      87.25784
      22.28190      87.17661
      22.29210      87.09433
      22.30230      87.01186
      22.31240      86.92995
      22.32260      86.84703
      22.33280      86.76387
      22.34290      86.68132
      22.35310      86.59772
      22.36330      86.51391
      22.37340      86.43071
      22.38360      86.34646
      22.39380      86.26199
      22.40390      86.17816
      22.41410      86.09327
      22.42430      86.00818
      22.43440      85.92371
      22.44460      85.83820
      22.45470      85.75331
      22.46490      85.66740
      22.47510      85.58125
      22.48520      85.49575
      22.49540      85.40922
      22.50560      85.32247
      22.51570      85.23638
      22.52590      85.14925
      22.53610      85.06190
      22.54620      84.97523
      22.55640      84.88749
      22.56660      84.79955
      22.57670      84.71230
      22.58690      84.62399
      22.59700      84.53635
      22.60720      84.44765
      22.61740      84.35878
      22.62750      84.27058
      22.63770      84.18134
      22.64790      84.09189
      22.65800      84.00314
      22.66820      83.91334
      22.67840      83.82334
      22.68850      83.73406
      22.69870      83.64371
      22.70890      83.55318
      22.71900      83.46339
      22.72920      83.37250
      22.73940      83.28145
      22.74950      83.19112
      22.75970      83.09972
      22.76980      83.00906
      22.78000      82.91732
      22.79020      82.82543
      22.80030      82.73425
      22.81050      82.64204
      22.82070      82.54964
      22.83080      82.45799
      22.84100      82.36526
      22.85120      82.27237
      22.86130      82.18024
      22.87150      82.08704
      22.88170      81.99368
      22.89180      81.90109
      22.90200      81.80742
      22.91210      81.71452
      22.92230      81.62055
      22.93250      81.52642
      22.94260      81.43307
      22.95280      81.33865
      22.96300      81.24409
      22.97310      81.15030
      22.98330      81.05546
      22.99350      80.96045
      23.00360      80.86624
      23.01380      80.77096
      23.02400      80.67553
      23.03410      80.58091
      23.04430      80.48520
      23.05450      80.38937
      23.06460      80.29434
      23.07480      80.19823
      23.08490      80.10295
      23.09510      80.00658
      23.10530      79.91007
      23.11540      79.81441
      23.12560      79.71765
      23.13580      79.62079
      23.14590      79.52472
      23.15610      79.42760
      23.16630      79.33035
      23.17640      79.23395
      23.18660      79.13645
      23.19680      79.03883
      23.20690      78.94208
      23.21710      78.84423
      23.22720      78.74724
      23.23740      78.64916
      23.24760      78.55097
      23.25770      78.45365
      23.26790      78.35525
      23.27810      78.25674
      23.28820      78.15908
      23.29840      78.06035
      23.30860      77.96153
      23.31870      77.86355
      23.32890      77.76453
      23.33910      77.66538
      23.34920      77.56712
      23.35940      77.46777
      23.36950      77.36932
      23.37970      77.26978
      23.38990      77.17015
      23.40000      77.07141
      23.41020      76.97159
      23.42040      76.87168
      23.43050      76.77267
      23.44070      76.67257
      23.45090      76.57241
      23.46100      76.47312
      23.47120      76.37276
      23.48140      76.27235
      23.49150      76.17281
      23.50170      76.07223
      23.51190      75.97154
      23.52200      75.87178
      23.53220      75.77094
      23.54230      75.67102
      23.55250      75.57003
      23.56270      75.46896
      23.57280      75.36883
      23.58300      75.26762
      23.59320      75.16633
      23.60330      75.06598
      23.61350      74.96455
      23.62370      74.86308
      23.63380      74.76251
      23.64400      74.66091
      23.65420      74.55923
      23.66430      74.45847
      23.67450      74.35667
      23.68460      74.25580
      23.69480      74.15388
      23.70500      74.05190
      23.71510      73.95087
      23.72530      73.84876
      23.73550      73.74661
      23.74560      73.64542
      23.75580      73.54316
      23.76600      73.44085
      23.77610      73.33950
      23.78630      73.23709
      23.79650      73.13466
      23.80660      73.03315
      23.81680      72.93063
      23.82700      72.82803
      23.83710      72.72642
      23.84730      72.62374
      23.85740      72.52203
      23.86760      72.41930
      23.87780      72.31651
      23.88790      72.21470
      23.89810      72.11183
      23.90830      72.00893
      23.91840      71.90702
      23.92860      71.80405
      23.93880      71.70106
      23.94890      71.59905
      23.95910      71.49600
      23.96930      71.39294
      23.97940      71.29083
      23.98960      71.18772
      23.99970      71.08556
      24.00990      70.98241
      24.02010      70.87920
      24.03020      70.77700
      24.04040      70.67375
      24.05060      70.57050
      24.06070      70.46824
      24.07090      70.36494
      24.08110      70.26163
      24.09120      70.15933
      24.10140      70.05599
      24.11160      69.95264
      24.12170      69.85030
      24.13190      69.74693
      24.14210      69.64357
      24.15220      69.54120
      24.16240      69.43782
      24.17250      69.33543
      24.18270      69.23205
      24.19290      69.12864
      24.20300      69.02626
      24.21320      68.92285
      24.22340      68.81944
      24.23350      68.71706
      24.24370      68.61366
      24.25390      68.51026
      24.26400      68.40789
      24.27420      68.30450
      24.28440      68.20111
      24.29450      68.09876
      24.30470      67.99539
      24.31480      67.89306
      24.32500      67.78972
      24.33520      67.68640
      24.34530      67.58408
      24.35550      67.48080
      24.36570      67.37750
      24.37580      67.27525
      24.38600      67.17200
      24.39620      67.06876
      24.40630      66.96655
      24.41650      66.86335
      24.42670      66.76018
      24.43680      66.65804
      24.44700      66.55491
      24.45720      66.45182
      24.46730      66.34974
      24.47750      66.24668
      24.48760      66.14467
      24.49780      66.04167
      24.50800      65.93873
      24.51810      65.83678
      24.52830      65.73389
      24.53850      65.63101
      24.54860      65.52920
      24.55880      65.42638
      24.56900      65.32361
      24.57910      65.22189
      24.58930      65.11919
      24.59950      65.01653
      24.60960      64.91493
      24.61980      64.81236
      24.62990      64.71083
      24.64010      64.60833
      24.65030      64.50590
      24.66040      64.40449
      24.67060      64.30212
      24.68080      64.19983
      24.69090      64.09856
      24.70110      63.99635
      24.71130      63.89418
      24.72140      63.79307
      24.73160      63.69099
      24.74180      63.58898
      24.75190      63.48802
      24.76210      63.38611
      24.77230      63.28425
      24.78240      63.18346
      24.79260      63.08171
      24.80270      62.98104
      24.81290      62.87940
      24.82310      62.77785
      24.83320      62.67733
      24.84340      62.57590
      24.85360      62.47451
      24.86370      62.37417
      24.87390      62.27293
      24.88410      62.17174
      24.89420      62.07161
      24.90440      61.97055
      24.91460      61.86956
      24.92470      61.76963
      24.93490      61.66877
      24.94500      61.56898
      24.95520      61.46827
      24.96540      61.36762
      24.97550      61.26805
      24.98570      61.16755
      24.99590      61.06714
      25.00600      60.96777
      25.01620      60.86752
      25.02640      60.76732
      25.03650      60.66818
      25.04670      60.56816
      25.05690      60.46820
      25.06700      60.36930
      25.07720      60.26951
      25.08740      60.16979
      25.09750      60.07114
      25.10770      59.97160
      25.11780      59.87312
      25.12800      59.77374
      25.13820      59.67444
      25.14830      59.57621
      25.15850      59.47709
      25.16870      59.37808
      25.17880      59.28010
      25.18900      59.18127
      25.19920      59.08250
      25.20930      58.98481
      25.21950      58.88623
      25.22970      58.78775
      25.23980      58.69033
      25.25000      58.59204
      25.26010      58.49481
      25.27030      58.39671
      25.28050      58.29870
      25.29060      58.20176
      25.30080      58.10395
      25.31100      58.00623
      25.32110      57.90959
      25.33130      57.81208
      25.34150      57.71468
      25.35160      57.61832
      25.36180      57.52113
      25.37200      57.42403
      25.38210      57.32800
      25.39230      57.23111
      25.40240      57.13528
      25.41260      57.03859
      25.42280      56.94202
      25.43290      56.84651
      25.44310      56.75015
      25.45330      56.65391
      25.46340      56.55872
      25.47360      56.46269
      25.48380      56.36678
      25.49390      56.27192
      25.50410      56.17623
      25.51430      56.08067
      25.52440      55.98614
      25.53460      55.89080
      25.54480      55.79557
      25.55490      55.70140
      25.56510      55.60640
      25.57520      55.51245
      25.58540      55.41768
      25.59560      55.32303
      25.60570      55.22944
      25.61590      55.13503
      25.62610      55.04074
      25.63620      54.94751
      25.64640      54.85347
      25.65660      54.75954
      25.66670      54.66667
      25.67690      54.57300
      25.68710      54.47946
      25.69720      54.38694
      25.70740      54.29366
      25.71750      54.20138
      25.72770      54.10835
      25.73790      54.01543
      25.74800      53.92355
      25.75820      53.83088
      25.76840      53.73835
      25.77850      53.64685
      25.78870      53.55457
      25.79890      53.46243
      25.80900      53.37132
      25.81920      53.27943
      25.82940      53.18770
      25.83950      53.09697
      25.84970      53.00548
      25.85990      52.91415
      25.87000      52.82381
      25.88020      52.73275
      25.89030      52.64268
      25.90050      52.55188
      25.91070      52.46121
      25.92080      52.37157
      25.93100      52.28117
      25.94120      52.19090
      25.95130      52.10167
      25.96150      52.01168
      25.97170      51.92184
      25.98180      51.83302
      25.99200      51.74345
      26.00220      51.65405
      26.01230      51.56563
      26.02250      51.47651
      26.03260      51.38838
      26.04280      51.29952
      26.05300      51.21082
      26.06310      51.12312
      26.07330      51.03471
      26.08350      50.94643
      26.09360      50.85917
      26.10380      50.77118
      26.11400      50.68334
      26.12410      50.59652
      26.13430      50.50897
      26.14450      50.42157
      26.15460      50.33518
      26.16480      50.24807
      26.17500      50.16114
      26.18510      50.07517
      26.19530      49.98853
      26.20540      49.90287
      26.21560      49.81652
      26.22580      49.73032
      26.23590      49.64510
      26.24610      49.55922
      26.25630      49.47347
      26.26640      49.38872
      26.27660      49.30327
      26.28680      49.21798
      26.29690      49.13369
      26.30710      49.04870
      26.31730      48.96387
      26.32740      48.88004
      26.33760      48.79552
      26.34770      48.71199
      26.35790      48.62778
      26.36810      48.54374
      26.37820      48.46066
      26.38840      48.37693
      26.39860      48.29335
      26.40870      48.21074
      26.41890      48.12749
      26.42910      48.04438
      26.43920      47.96225
      26.44940      47.87946
      26.45960      47.79683
      26.46970      47.71517
      26.47990      47.63286
      26.49010      47.55071
      26.50020      47.46953
      26.51040      47.38770
      26.52050      47.30684
      26.53070      47.22533
      26.54090      47.14399
      26.55100      47.06360
      26.56120      46.98259
      26.57140      46.90173
      26.58150      46.82183
      26.59170      46.74129
      26.60190      46.66092
      26.61200      46.58151
      26.62220      46.50146
      26.63240      46.42159
      26.64250      46.34266
      26.65270      46.26311
      26.66280      46.18451
      26.67300      46.10529
      26.68320      46.02623
      26.69330      45.94812
      26.70350      45.86940
      26.71370      45.79085
      26.72380      45.71322
      26.73400      45.63501
      26.74420      45.55695
      26.75430      45.47984
      26.76450      45.40211
      26.77470      45.32455
      26.78480      45.24793
      26.79500      45.17070
      26.80520      45.09365
      26.81530      45.01753
      26.82550      44.94081
      26.83560      44.86502
      26.84580      44.78864
      26.85600      44.71243
      26.86610      44.63714
      26.87630      44.56127
      26.88650      44.48558
      26.89660      44.41078
      26.90680      44.33543
      26.91700      44.26023
      26.92710      44.18596
      26.93730      44.11110
      26.94750      44.03642
      26.95760      43.96265
      26.96780      43.88831
      26.97790      43.81487
      26.98810      43.74088
      26.99830      43.66705
      27.00840      43.59412
      27.01860      43.52063
      27.02880      43.44733
      27.03890      43.37490
      27.04910      43.30193
      27.05930      43.22915
      27.06940      43.15723
      27.07960      43.08479
      27.08980      43.01251
      27.09990      42.94112
      27.11010      42.86918
      27.12020      42.79813
      27.13040      42.72654
      27.14060      42.65512
      27.15070      42.58458
      27.16090      42.51351
      27.17110      42.44261
      27.18120      42.37259
      27.19140      42.30204
      27.20160      42.23167
      27.21170      42.16215
      27.22190      42.09212
      27.23210      42.02227
      27.24220      41.95327
      27.25240      41.88377
      27.26260      41.81443
      27.27270      41.74595
      27.28290      41.67696
      27.29300      41.60883
      27.30320      41.54019
      27.31340      41.47172
      27.32350      41.40410
      27.33370      41.33598
      27.34390      41.26804
      27.35400      41.20094
      27.36420      41.13334
      27.37440      41.06593
      27.38450      40.99934
      27.39470      40.93228
      27.40490      40.86538
      27.41500      40.79930
      27.42520      40.73277
      27.43530      40.66703
      27.44550      40.60084
      27.45570      40.53482
      27.46580      40.46961
      27.47600      40.40393
      27.48620      40.33843
      27.49630      40.27375
      27.50650      40.20859
      27.51670      40.14361
      27.52680      40.07944
      27.53700      40.01481
      27.54720      39.95036
      27.55730      39.88670
      27.56750      39.82261
      27.57770      39.75867
      27.58780      39.69554
      27.59800      39.63195
      27.60810      39.56916
      27.61830      39.50592
      27.62850      39.44286
      27.63860      39.38059
      27.64880      39.31787
      27.65900      39.25533
      27.66910      39.19358
      27.67930      39.13138
      27.68950      39.06936
      27.69960      39.00813
      27.70980      38.94645
      27.72000      38.88496
      27.73010      38.82423
      27.74030      38.76308
      27.75040      38.70269
      27.76060      38.64190
      27.77080      38.58126
      27.78090      38.52140
      27.79110      38.46111
      27.80130      38.40099
      27.81140      38.34164
      27.82160      38.28188
      27.83180      38.22228
      27.84190      38.16344
      27.85210      38.10419
      27.86230      38.04511
      27.87240      37.98679
      27.88260      37.92805
      27.89280      37.86950
      27.90290      37.81168
      27.91310      37.75347
      27.92320      37.69598
      27.93340      37.63811
      27.94360      37.58041
      27.95370      37.52345
      27.96390      37.46609
      27.97410      37.40889
      27.98420      37.35244
      27.99440      37.29559
      28.00460      37.23891
      28.01470      37.18297
      28.02490      37.12663
      28.03510      37.07047
      28.04520      37.01503
      28.05540      36.95920
      28.06550      36.90409
      28.07570      36.84861
      28.08590      36.79330
      28.09600      36.73869
      28.10620      36.68373
      28.11640      36.62892
      28.12650      36.57482
      28.13670      36.52035
      28.14690      36.46605
      28.15700      36.41246
      28.16720      36.35849
      28.17740      36.30470
      28.18750      36.25160
      28.19770      36.19814
      28.20790      36.14486
      28.21800      36.09225
      28.22820      36.03930
      28.23830      35.98703
      28.24850      35.93441
      28.25870      35.88197
      28.26880      35.83018
      28.27900      35.77807
      28.28920      35.72612
      28.29930      35.67484
      28.30950      35.62322
      28.31970      35.57176
      28.32980      35.52098
      28.34000      35.46985
      28.35020      35.41890
      28.36030      35.36860
      28.37050      35.31797
      28.38060      35.26801
      28.39080      35.21770
      28.40100      35.16758
      28.41110      35.11809
      28.42130      35.06828
      28.43150      35.01864
      28.44160      34.96964
      28.45180      34.92033
      28.46200      34.87118
      28.47210      34.82267
      28.48230      34.77384
      28.49250      34.72517
      28.50260      34.67715
      28.51280      34.62880
      28.52300      34.58062
      28.53310      34.53308
      28.54330      34.48522
      28.55340      34.43799
      28.56360      34.39046
      28.57380      34.34309
      28.58390      34.29633
      28.59410      34.24927
      28.60430      34.20238
      28.61440      34.15610
      28.62460      34.10954
      28.63480      34.06311
      28.64490      34.01731
      28.65510      33.97121
      28.66530      33.92527
      28.67540      33.87994
      28.68560      33.83432
      28.69570      33.78930
      28.70590      33.74399
      28.71610      33.69883
      28.72620      33.65429
      28.73640      33.60944
      28.74660      33.56477
      28.75670      33.52067
      28.76690      33.47631
      28.77710      33.43209
      28.78720      33.38847
      28.79740      33.34457
      28.80760      33.30082
      28.81770      33.25766
      28.82790      33.21421
      28.83810      33.17093
      28.84820      33.12822
      28.85840      33.08524
      28.86850      33.04284
      28.87870      33.00017
      28.88890      32.95765
      28.89900      32.91570
      28.90920      32.87349
      28.91940      32.83143
      28.92950      32.78992
      28.93970      32.74817
      28.94990      32.70656
      28.96000      32.66552
      28.97020      32.62421
      28.98040      32.58305
      28.99050      32.54245
      29.00070      32.50159
      29.01080      32.46129
      29.02100      32.42073
      29.03120      32.38032
      29.04130      32.34046
      29.05150      32.30034
      29.06170      32.26038
      29.07180      32.22095
      29.08200      32.18129
      29.09220      32.14177
      29.10230      32.10278
      29.11250      32.06355
      29.12270      32.02447
      29.13280      31.98592
      29.14300      31.94713
      29.15310      31.90887
      29.16330      31.87037
      29.17350      31.83201
      29.18360      31.79418
      29.19380      31.75611
      29.20400      31.71819
      29.21410      31.68078
      29.22430      31.64314
      29.23450      31.60565
      29.24460      31.56867
      29.25480      31.53146
      29.26500      31.49440
      29.27510      31.45784
      29.28530      31.42106
      29.29550      31.38442
      29.30560      31.34828
      29.31580      31.31192
      29.32590      31.27606
      29.33610      31.23998
      29.34630      31.20403
      29.35640      31.16859
      29.36660      31.13293
      29.37680      31.09740
      29.38690      31.06237
      29.39710      31.02712
      29.40730      30.99201
      29.41740      30.95738
      29.42760      30.92255
      29.43780      30.88786
      29.44790      30.85363
      29.45810      30.81921
      29.46820      30.78526
      29.47840      30.75111
      29.48860      30.71709
      29.49870      30.68354
      29.50890      30.64979
      29.51910      30.61618
      29.52920      30.58303
      29.53940      30.54968
      29.54960      30.51646
      29.55970      30.48371
      29.56990      30.45076
      29.58010      30.41795
      29.59020      30.38558
      29.60040      30.35303
      29.61060      30.32062
      29.62070      30.28864
      29.63090      30.25648
      29.64100      30.22477
      29.65120      30.19287
      29.66140      30.16110
      29.67150      30.12977
      29.68170      30.09826
      29.69190      30.06688
      29.70200      30.03594
      29.71220      30.00481
      29.72240      29.97381
      29.73250      29.94325
      29.74270      29.91250
      29.75290      29.88189
      29.76300      29.85170
      29.77320      29.82134
      29.78330      29.79139
      29.79350      29.76128
      29.80370      29.73129
      29.81380      29.70172
      29.82400      29.67199
      29.83420      29.64237
      29.84430      29.61317
      29.85450      29.58380
      29.86470      29.55456
      29.87480      29.52572
      29.88500      29.49673
      29.89520      29.46785
      29.90530      29.43938
      29.91550      29.41074
      29.92570      29.38223
      29.93580      29.35412
      29.94600      29.32585
      29.95610      29.29797
      29.96630      29.26995
      29.97650      29.24203
      29.98660      29.21451
      29.99680      29.18684
      30.00700      29.15928
      30.01710      29.13212
      30.02730      29.10479
      30.03750      29.07759
      30.04760      29.05077
      30.05780      29.02380
      30.06800      28.99695
      30.07810      28.97048
      30.08830      28.94386
      30.09840      28.91761
      30.10860      28.89122
      30.11880      28.86495
      30.12890      28.83904
      30.13910      28.81300
      30.14930      28.78707
      30.15940      28.76150
      30.16960      28.73579
      30.17980      28.71020
      30.18990      28.68497
      30.20010      28.65960
      30.21030      28.63434
      30.22040      28.60944
      30.23060      28.58441
      30.24080      28.55948
      30.25090      28.53491
      30.26110      28.51021
      30.27120      28.48586
      30.28140      28.46137
      30.29160      28.43700
      30.30170      28.41296
      30.31190      28.38881
      30.32210      28.36476
      30.33220      28.34105
      30.34240      28.31721
      30.35260      28.29348
      30.36270      28.27009
      30.37290      28.24658
      30.38310      28.22317
      30.39320      28.20009
      30.40340      28.17689
      30.41350      28.15403
      30.42370      28.13104
      30.43390      28.10815
      30.44400      28.08559
      30.45420      28.06292
      30.46440      28.04035
      30.47450      28.01809
      30.48470      27.99573
      30.49490      27.97346
      30.50500      27.95152
      30.51520      27.92945
      30.52540      27.90749
      30.53550      27.88585
      30.54570      27.86409
      30.55590      27.84243
      30.56600      27.82108
      30.57620      27.79963
      30.58630      27.77848
      30.59650      27.75722
      30.60670      27.73605
      30.61680      27.71520
      30.62700      27.69423
      30.63720      27.67337
      30.64730      27.65280
      30.65750      27.63213
      30.66770      27.61155
      30.67780      27.59127
      30.68800      27.57089
      30.69820      27.55060
      30.70830      27.53061
      30.71850      27.51051
      30.72860      27.49071
      30.73880      27.47080
      30.74900      27.45098
      30.75910      27.43146
      30.76930      27.41183
      30.77950      27.39230
      30.78960      27.37305
      30.79980      27.35370
      30.81000      27.33445
      30.82010      27.31547
      30.83030      27.29640
      30.84050      27.27742
      30.85060      27.25871
      30.86080      27.23991
      30.87100      27.22120
      30.88110      27.20277
      30.89130      27.18424
      30.90140      27.16598
      30.91160      27.14763
      30.92180      27.12936
      30.93190      27.11137
      30.94210      27.09328
      30.95230      27.07529
      30.96240      27.05755
      30.97260      27.03973
      30.98280      27.02199
      30.99290      27.00451
      31.00310      26.98695
      31.01330      26.96947
      31.02340      26.95225
      31.03360      26.93494
      31.04370      26.91789
      31.05390      26.90075
      31.06410      26.88370
      31.07420      26.86689
      31.08440      26.85001
      31.09460      26.83320
      31.10470      26.81665
      31.11490      26.80001
      31.12510      26.78346
      31.13520      26.76715
      31.14540      26.75076
      31.15560      26.73445
      31.16570      26.71838
      31.17590      26.70223
      31.18600      26.68632
      31.19620      26.67034
      31.20640      26.65443
      31.21650      26.63876
      31.22670      26.62301
      31.23690      26.60734
      31.24700      26.59191
      31.25720      26.57640
      31.26740      26.56096
      31.27750      26.54576
      31.28770      26.53048
      31.29790      26.51528
      31.30800      26.50031
      31.31820      26.48526
      31.32840      26.47029
      31.33850      26.45554
      31.34870      26.44073
      31.35880      26.42612
      31.36900      26.41146
      31.37920      26.39687
      31.38930      26.38249
      31.39950      26.36805
      31.40970      26.35368
      31.41980      26.33952
      31.43000      26.32530
      31.44020      26.31115
      31.45030      26.29721
      31.46050      26.28321
      31.47070      26.26928
      31.48080      26.25555
      31.49100      26.24177
      31.50110      26.22818
      31.51130      26.21454
      31.52150      26.20096
      31.53160      26.18759
      31.54180      26.17416
      31.55200      26.16079
      31.56210      26.14763
      31.57230      26.13440
      31.58250      26.12125
      31.59260      26.10829
      31.60280      26.09527
      31.61300      26.08232
      31.62310      26.06956
      31.63330      26.05675
      31.64350      26.04400
      31.65360      26.03145
      31.66380      26.01884
      31.67390      26.00641
      31.68410      25.99393
      31.69430      25.98152
      31.70440      25.96929
      31.71460      25.95701
      31.72480      25.94479
      31.73490      25.93276
      31.74510      25.92067
      31.75530      25.90865
      31.76540      25.89680
      31.77560      25.88491
      31.78580      25.87308
      31.79590      25.86142
      31.80610      25.84972
      31.81620      25.83819
      31.82640      25.82661
      31.83660      25.81509
      31.84670      25.80375
      31.85690      25.79235
      31.86710      25.78102
      31.87720      25.76986
      31.88740      25.75865
      31.89760      25.74750
      31.90770      25.73652
      31.91790      25.72549
      31.92810      25.71452
      31.93820      25.70372
      31.94840      25.69287
      31.95860      25.68208
      31.96870      25.67145
      31.97890      25.66078
      31.98900      25.65026
      31.99920      25.63971
      32.00940      25.62921
      32.01950      25.61887
      32.02970      25.60848
      32.03990      25.59815
      32.05000      25.58799
      32.06020      25.57777
      32.07040      25.56761
      32.08050      25.55761
      32.09070      25.54757
      32.10090      25.53758
      32.11100      25.52774
      32.12120      25.51786
      32.13130      25.50813
      32.14150      25.49836
      32.15170      25.48864
      32.16180      25.47907
      32.17200      25.46947
      32.18220      25.45991
      32.19230      25.45050
      32.20250      25.44106
      32.21270      25.43166
      32.22280      25.42241
      32.23300      25.41312
      32.24320      25.40388
      32.25330      25.39478
      32.26350      25.38565
      32.27370      25.37657
      32.28380      25.36763
      32.29400      25.35864
      32.30410      25.34980
      32.31430      25.34092
      32.32450      25.33209
      32.33460      25.32340
      32.34480      25.31467
      32.35500      25.30599
      32.36510      25.29744
      32.37530      25.28886
      32.38550      25.28033
      32.39560      25.27193
      32.40580      25.26350
      32.41600      25.25511
      32.42610      25.24685
      32.43630      25.23856
      32.44640      25.23040
      32.45660      25.22220
      32.46680      25.21405
      32.47690      25.20603
      32.48710      25.19798
      32.49730      25.18996
      32.50740      25.18208
      32.51760      25.17416
      32.52780      25.16629
      32.53790      25.15854
      32.54810      25.15076
      32.55830      25.14303
      32.56840      25.13541
      32.57860      25.12776
      32.58880      25.12017
      32.59890      25.11268
      32.60910      25.10517
      32.61920      25.09777
      32.62940      25.09035
      32.63960      25.08297
      32.64970      25.07570
      32.65990      25.06840
      32.67010      25.06115
      32.68020      25.05401
      32.69040      25.04684
      32.70060      25.03972
      32.71070      25.03270
      32.72090      25.02566
      32.73110      25.01866
      32.74120      25.01177
      32.75140      25.00485
      32.76150      24.99804
      32.77170      24.99120
      32.78190      24.98441
      32.79200      24.97772
      32.80220      24.97100
      32.81240      24.96433
      32.82250      24.95776
      32.83270      24.95116
      32.84290      24.94461
      32.85300      24.93815
      32.86320      24.93167
      32.87340      24.92523
      32.88350      24.91890
      32.89370      24.91253
      32.90390      24.90621
      32.91400      24.89998
      32.92420      24.89374
      32.93430      24.88758
      32.94450      24.88141
      32.95470      24.87527
      32.96480      24.86923
      32.97500      24.86317
      32.98520      24.85715
      32.99530      24.85122
      33.00550      24.84526
      33.01570      24.83934
      33.02580      24.83352
      33.03600      24.82768
      33.04620      24.82187
      33.05630      24.81615
      33.06650      24.81041
      33.07660      24.80476
      33.08680      24.79909
      33.09700      24.79346
      33.10710      24.78791
      33.11730      24.78235
      33.12750      24.77682
      33.13760      24.77137
      33.14780      24.76591
      33.15800      24.76048
      33.16810      24.75513
      33.17830      24.74977
      33.18850      24.74444
      33.19860      24.73919
      33.20880      24.73393
      33.21890      24.72875
      33.22910      24.72355
      33.23930      24.71838
      33.24940      24.71329
      33.25960      24.70819
      33.26980      24.70312
      33.27990      24.69813
      33.29010      24.69312
      33.30030      24.68814
      33.31040      24.68324
      33.32060      24.67833
      33.33080      24.67344
      33.34090      24.66863
      33.35110      24.66381
      33.36130      24.65901
      33.37140      24.65430
      33.38160      24.64956
      33.39170      24.64491
      33.40190      24.64023
      33.41210      24.63559
      33.42220      24.63102
      33.43240      24.62643
      33.44260      24.62187
      33.45270      24.61739
      33.46290      24.61289
      33.47310      24.60842
      33.48320      24.60402
      33.49340      24.59960
      33.50360      24.59521
      33.51370      24.59090
      33.52390      24.58657
      33.53400      24.58230
      33.54420      24.57803
      33.55440      24.57378
      33.56450      24.56960
      33.57470      24.56540
      33.58490      24.56123
      33.59500      24.55713
      33.60520      24.55302
      33.61540      24.54893
      33.62550      24.54491
      33.63570      24.54087
      33.64590      24.53686
      33.65600      24.53292
      33.66620      24.52896
      33.67640      24.52502
      33.68650      24.52115
      33.69670      24.51727
      33.70680      24.51345
      33.71700      24.50962
      33.72720      24.50581
      33.73730      24.50207
      33.74750      24.49831
      33.75770      24.49457
      33.76780      24.49090
      33.77800      24.48722
      33.78820      24.48355
      33.79830      24.47995
      33.80850      24.47634
      33.81870      24.47275
      33.82880      24.46922
      33.83900      24.46567
      33.84910      24.46219
      33.85930      24.45869
      33.86950      24.45522
      33.87960      24.45180
      33.88980      24.44837
      33.90000      24.44497
      33.91010      24.44162
      33.92030      24.43826
      33.93050      24.43492
      33.94060      24.43163
      33.95080      24.42834
      33.96100      24.42507
      33.97110      24.42185
      33.98130      24.41862
      33.99150      24.41541
      34.00160      24.41225
      34.01180      24.40909
      34.02190      24.40597
      34.03210      24.40285
      34.04230      24.39975
      34.05240      24.39669
      34.06260      24.39363
      34.07280      24.39059
      34.08290      24.38760
      34.09310      24.38460
      34.10330      24.38162
      34.11340      24.37869
      34.12360      24.37575
      34.13380      24.37283
      34.14390      24.36995
      34.15410      24.36707
      34.16420      24.36424
      34.17440      24.36139
      34.18460      24.35857
      34.19470      24.35579
      34.20490      24.35301
      34.21510      24.35024
      34.22520      24.34752
      34.23540      24.34479
      34.24560      24.34208
      34.25570      24.33941
      34.26590      24.33674
      34.27610      24.33409
      34.28620      24.33147
      34.29640      24.32885
      34.30660      24.32625
      34.31670      24.32369
      34.32690      24.32113
      34.33700      24.31860
      34.34720      24.31607
      34.35740      24.31356
      34.36750      24.31108
      34.37770      24.30861
      34.38790      24.30614
      34.39800      24.30372
      34.40820      24.30129
      34.41840      24.29888
      34.42850      24.29651
      34.43870      24.29413
      34.44890      24.29177
      34.45900      24.28944
      34.46920      24.28711
      34.47930      24.28482
      34.48950      24.28252
      34.49970      24.28024
      34.50980      24.27800
      34.52000      24.27575
      34.53020      24.27351
      34.54030      24.27132
      34.55050      24.26911
      34.56070      24.26693
      34.57080      24.26477
      34.58100      24.26262
      34.59120      24.26047
      34.60130      24.25837
      34.61150      24.25625
      34.62170      24.25416
      34.63180      24.25209
      34.64200      24.25002
      34.65210      24.24799
      34.66230      24.24595
      34.67250      24.24393
      34.68260      24.24194
      34.69280      24.23994
      34.70300      24.23796
      34.71310      24.23601
      34.72330      24.23405
      34.73350      24.23211
      34.74360      24.23020
      34.75380      24.22829
      34.76400      24.22639
      34.77410      24.22452
      34.78430      24.22265
      34.79440      24.22081
      34.80460      24.21896
      34.81480      24.21713
      34.82490      24.21532
      34.83510      24.21352
      34.84530      24.21173
      34.85540      24.20996
      34.86560      24.20819
      34.87580      24.20644
      34.88590      24.20471
      34.89610      24.20298
      34.90630      24.20126
      34.91640      24.19957
      34.92660      24.19788
      34.93670      24.19621
      34.94690      24.19454
      34.95710      24.19289
      34.96720      24.19126
      34.97740      24.18962
      34.98760      24.18800
      34.99770      24.18641
      35.00790      24.18481
      35.01810      24.18322
      35.02820      24.18166
      35.03840      24.18010
      35.04860      24.17855
      35.05870      24.17702
      35.06890      24.17549
      35.07910      24.17397
      35.08920      24.17248
      35.09940      24.17098
      35.10950      24.16951
      35.11970      24.16804
      35.12990      24.16657
      35.14000      24.16513
      35.15020      24.16369
      35.16040      24.16226
      35.17050      24.16085
      35.18070      24.15944
      35.19090      24.15804
      35.20100      24.15666
      35.21120      24.15528
      35.22140      24.15391
      35.23150      24.15257
      35.24170      24.15122
      35.25180      24.14989
      35.26200      24.14856
      35.27220      24.14724
      35.28230      24.14594
      35.29250      24.14464
      35.30270      24.14335
      35.31280      24.14208
      35.32300      24.14081
      35.33320      24.13955
      35.34330      24.13831
      35.35350      24.13706
      35.36370      24.13583
      35.37380      24.13462
      35.38400      24.13340
      35.39420      24.13219
      35.40430      24.13101
      35.41450      24.12982
      35.42460      24.12865
      35.43480      24.12748
      35.44500      24.12632
      35.45510      24.12518
      35.46530      24.12403
      35.47550      24.12290
      35.48560      24.12178
      35.49580      24.12066
      35.50600      24.11955
      35.51610      24.11846
      35.52630      24.11736
      35.53650      24.11628
      35.54660      24.11521
      35.55680      24.11414
      35.56690      24.11309
      35.57710      24.11204
      35.58730      24.11099
      35.59740      24.10997
      35.60760      24.10894
      35.61780      24.10792
      35.62790      24.10691
      35.63810      24.10591
      35.64830      24.10491
      35.65840      24.10393
      35.66860      24.10295
      35.67880      24.10197
      35.68890      24.10101
      35.69910      24.10005
      35.70930      24.09910
      35.71940      24.09816
      35.72960      24.09723
      35.73970      24.09630
      35.74990      24.09538
      35.76010      24.09446
      35.77020      24.09356
      35.78040      24.09266
      35.79060      24.09176
      35.80070      24.09088
      35.81090      24.09000
      35.82110      24.08913
      35.83120      24.08827
      35.84140      24.08740
      35.85160      24.08655
      35.86170      24.08571
      35.87190      24.08487
      35.88200      24.08404
      35.89220      24.08321
      35.90240      24.08239
      35.91250      24.08158
      35.92270      24.08077
      35.93290      24.07997
      35.94300      24.07918
      35.95320      24.07839
      35.96340      24.07761
      35.97350      24.07684
      35.98370      24.07607
      35.99390      24.07530
