! TITLE: Yobs                                                                                                                                                                                                                                                            
! Peak:  5
       6.00860      20.01523
       6.01870      20.01524
       6.02890      20.01525
       6.03910      20.01527
       6.04920      20.01528
       6.05940      20.01530
       6.06960      20.01531
       6.07970      20.01532
       6.08990      20.01533
       6.10010      20.01535
       6.11020      20.01536
       6.12040      20.01537
       6.13060      20.01538
       6.14070      20.01540
       6.15090      20.01541
       6.16110      20.01542
       6.17120      20.01544
       6.18140      20.01545
       6.19150      20.01546
       6.20170      20.01548
       6.21190      20.01549
       6.22200      20.01550
       6.23220      20.01552
       6.24240      20.01553
       6.25250      20.01554
       6.26270      20.01556
       6.27290      20.01557
       6.28300      20.01558
       6.29320      20.01560
       6.30340      20.01561
       6.31350      20.01562
       6.32370      20.01564
       6.33380      20.01565
       6.34400      20.01566
       6.35420      20.01568
       6.36430      20.01569
       6.37450      20.01571
       6.38470      20.01572
       6.39480      20.01573
       6.40500      20.01575
       6.41520      20.01576
       6.42530      20.01577
       6.43550      20.01579
       6.44570      20.01580
       6.45580      20.01581
       6.46600      20.01583
       6.47620      20.01584
       6.48630      20.01585
       6.49650      20.01587
       6.50660      20.01588
       6.51680      20.01590
       6.52700      20.01591
       6.53710      20.01592
       6.54730      20.01594
       6.55750      20.01595
       6.56760      20.01596
       6.57780      20.01598
       6.58800      20.01599
       6.59810      20.01601
       6.60830      20.01602
       6.61850      20.01603
       6.62860      20.01605
       6.63880      20.01606
       6.64890      20.01608
       6.65910      20.01609
       6.66930      20.01610
       6.67940      20.01612
       6.68960      20.01613
       6.69980      20.01615
       6.70990      20.01616
       6.72010      20.01617
       6.73030      20.01619
       6.74040      20.01620
       6.75060      20.01622
       6.76080      20.01623
       6.77090      20.01624
       6.78110      20.01626
       6.79130      20.01627
       6.80140      20.01629
       6.81160      20.01630
       6.82170      20.01632
       6.83190      20.01633
       6.84210      20.01634
       6.85220      20.01636
       6.86240      20.01637
       6.87260      20.01639
       6.88270      20.01640
       6.89290      20.01642
       6.90310      20.01643
       6.91320      20.01645
       6.92340      20.01646
       6.93360      20.01647
       6.94370      20.01649
       6.95390      20.01650
       6.96400      20.01652
       6.97420      20.01653
       6.98440      20.01655
       6.99450      20.01656
       7.00470      20.01658
       7.01490      20.01659
       7.02500      20.01661
       7.03520      20.01662
       7.04540      20.01664
       7.05550      20.01665
       7.06570      20.01666
       7.07590      20.01668
       7.08600      20.01669
       7.09620      20.01671
       7.10640      20.01672
       7.11650      20.01674
       7.12670      20.01675
       7.13680      20.01677
       7.14700      20.01678
       7.15720      20.01680
       7.16730      20.01681
       7.17750      20.01683
       7.18770      20.01684
       7.19780      20.01686
       7.20800      20.01687
       7.21820      20.01689
       7.22830      20.01690
       7.23850      20.01692
       7.24870      20.01693
       7.25880      20.01695
       7.26900      20.01696
       7.27910      20.01698
       7.28930      20.01699
       7.29950      20.01701
       7.30960      20.01702
       7.31980      20.01704
       7.33000      20.01706
       7.34010      20.01707
       7.35030      20.01709
       7.36050      20.01710
       7.37060      20.01712
       7.38080      20.01713
       7.39100      20.01715
       7.40110      20.01716
       7.41130      20.01718
       7.42150      20.01719
       7.43160      20.01721
       7.44180      20.01722
       7.45190      20.01724
       7.46210      20.01726
       7.47230      20.01727
       7.48240      20.01729
       7.49260      20.01730
       7.50280      20.01732
       7.51290      20.01733
       7.52310      20.01735
       7.53330      20.01736
       7.54340      20.01738
       7.55360      20.01740
       7.56380      20.01741
       7.57390      20.01743
       7.58410      20.01744
       7.59420      20.01746
       7.60440      20.01748
       7.61460      20.01749
       7.62470      20.01751
       7.63490      20.01752
       7.64510      20.01754
       7.65520      20.01755
       7.66540      20.01757
       7.67560      20.01759
       7.68570      20.01760
       7.69590      20.01762
       7.70610      20.01763
       7.71620      20.01765
       7.72640      20.01767
       7.73650      20.01768
       7.74670      20.01770
       7.75690      20.01772
       7.76700      20.01773
       7.77720      20.01775
       7.78740      20.01776
       7.79750      20.01778
       7.80770      20.01780
       7.81790      20.01781
       7.82800      20.01783
       7.83820      20.01785
       7.84840      20.01786
       7.85850      20.01788
       7.86870      20.01789
       7.87890      20.01791
       7.88900      20.01793
       7.89920      20.01794
       7.90930      20.01796
       7.91950      20.01798
       7.92970      20.01799
       7.93980      20.01801
       7.95000      20.01803
       7.96020      20.01804
       7.97030      20.01806
       7.98050      20.01808
       7.99070      20.01809
       8.00080      20.01811
       8.01100      20.01813
       8.02120      20.01814
       8.03130      20.01816
       8.04150      20.01818
       8.05160      20.01819
       8.06180      20.01821
       8.07200      20.01823
       8.08210      20.01824
       8.09230      20.01826
       8.10250      20.01828
       8.11260      20.01830
       8.12280      20.01831
       8.13300      20.01833
       8.14310      20.01834
       8.15330      20.01836
       8.16350      20.01838
       8.17360      20.01840
       8.18380      20.01841
       8.19400      20.01843
       8.20410      20.01845
       8.21430      20.01847
       8.22440      20.01848
       8.23460      20.01850
       8.24480      20.01852
       8.25490      20.01853
       8.26510      20.01855
       8.27530      20.01857
       8.28540      20.01859
       8.29560      20.01860
       8.30580      20.01862
       8.31590      20.01864
       8.32610      20.01866
       8.33630      20.01867
       8.34640      20.01869
       8.35660      20.01871
       8.36670      20.01873
       8.37690      20.01874
       8.38710      20.01876
       8.39720      20.01878
       8.40740      20.01880
       8.41760      20.01881
       8.42770      20.01883
       8.43790      20.01885
       8.44810      20.01887
       8.45820      20.01888
       8.46840      20.01890
       8.47860      20.01892
       8.48870      20.01894
       8.49890      20.01896
       8.50910      20.01897
       8.51920      20.01899
       8.52940      20.01901
       8.53950      20.01903
       8.54970      20.01905
       8.55990      20.01906
       8.57000      20.01908
       8.58020      20.01910
       8.59040      20.01912
       8.60050      20.01914
       8.61070      20.01916
       8.62090      20.01917
       8.63100      20.01919
       8.64120      20.01921
       8.65140      20.01923
       8.66150      20.01925
       8.67170      20.01926
       8.68180      20.01928
       8.69200      20.01930
       8.70220      20.01932
       8.71230      20.01934
       8.72250      20.01936
       8.73270      20.01937
       8.74280      20.01939
       8.75300      20.01941
       8.76320      20.01943
       8.77330      20.01945
       8.78350      20.01947
       8.79370      20.01949
       8.80380      20.01950
       8.81400      20.01952
       8.82420      20.01954
       8.83430      20.01956
       8.84450      20.01958
       8.85460      20.01960
       8.86480      20.01962
       8.87500      20.01964
       8.88510      20.01966
       8.89530      20.01967
       8.90550      20.01969
       8.91560      20.01971
       8.92580      20.01973
       8.93600      20.01975
       8.94610      20.01977
       8.95630      20.01979
       8.96650      20.01981
       8.97660      20.01983
       8.98680      20.01985
       8.99690      20.01987
       9.00710      20.01988
       9.01730      20.01990
       9.02740      20.01992
       9.03760      20.01994
       9.04780      20.01996
       9.05790      20.01998
       9.06810      20.02000
       9.07830      20.02002
       9.08840      20.02004
       9.09860      20.02006
       9.10880      20.02008
       9.11890      20.02010
       9.12910      20.02012
       9.13930      20.02014
       9.14940      20.02016
       9.15960      20.02018
       9.16970      20.02020
       9.17990      20.02022
       9.19010      20.02024
       9.20020      20.02025
       9.21040      20.02028
       9.22060      20.02029
       9.23070      20.02031
       9.24090      20.02033
       9.25110      20.02035
       9.26120      20.02037
       9.27140      20.02039
       9.28160      20.02041
       9.29170      20.02043
       9.30190      20.02045
       9.31200      20.02047
       9.32220      20.02049
       9.33240      20.02051
       9.34250      20.02053
       9.35270      20.02055
       9.36290      20.02057
       9.37300      20.02060
       9.38320      20.02061
       9.39340      20.02064
       9.40350      20.02066
       9.41370      20.02068
       9.42390      20.02070
       9.43400      20.02072
       9.44420      20.02074
       9.45440      20.02076
       9.46450      20.02078
       9.47470      20.02080
       9.48480      20.02082
       9.49500      20.02084
       9.50520      20.02086
       9.51530      20.02088
       9.52550      20.02090
       9.53570      20.02092
       9.54580      20.02094
       9.55600      20.02096
       9.56620      20.02098
       9.57630      20.02101
       9.58650      20.02103
       9.59670      20.02105
       9.60680      20.02107
       9.61700      20.02109
       9.62710      20.02111
       9.63730      20.02113
       9.64750      20.02115
       9.65760      20.02117
       9.66780      20.02119
       9.67800      20.02122
       9.68810      20.02124
       9.69830      20.02126
       9.70850      20.02128
       9.71860      20.02130
       9.72880      20.02132
       9.73900      20.02134
       9.74910      20.02137
       9.75930      20.02139
       9.76940      20.02141
       9.77960      20.02143
       9.78980      20.02145
       9.79990      20.02147
       9.81010      20.02149
       9.82030      20.02152
       9.83040      20.02154
       9.84060      20.02156
       9.85080      20.02158
       9.86090      20.02160
       9.87110      20.02162
       9.88130      20.02165
       9.89140      20.02167
       9.90160      20.02169
       9.91180      20.02171
       9.92190      20.02173
       9.93210      20.02176
       9.94220      20.02178
       9.95240      20.02180
       9.96260      20.02182
       9.97270      20.02184
       9.98290      20.02187
       9.99310      20.02189
      10.00320      20.02191
      10.01340      20.02193
      10.02360      20.02196
      10.03370      20.02198
      10.04390      20.02200
      10.05410      20.02202
      10.06420      20.02205
      10.07440      20.02207
      10.08450      20.02209
      10.09470      20.02211
      10.10490      20.02213
      10.11500      20.02216
      10.12520      20.02218
      10.13540      20.02220
      10.14550      20.02222
      10.15570      20.02225
      10.16590      20.02227
      10.17600      20.02229
      10.18620      20.02232
      10.19640      20.02234
      10.20650      20.02236
      10.21670      20.02238
      10.22690      20.02241
      10.23700      20.02243
      10.24720      20.02245
      10.25730      20.02248
      10.26750      20.02250
      10.27770      20.02252
      10.28780      20.02255
      10.29800      20.02257
      10.30820      20.02259
      10.31830      20.02262
      10.32850      20.02264
      10.33870      20.02266
      10.34880      20.02269
      10.35900      20.02271
      10.36920      20.02273
      10.37930      20.02276
      10.38950      20.02278
      10.39960      20.02280
      10.40980      20.02283
      10.42000      20.02285
      10.43010      20.02287
      10.44030      20.02290
      10.45050      20.02292
      10.46060      20.02295
      10.47080      20.02297
      10.48100      20.02299
      10.49110      20.02302
      10.50130      20.02304
      10.51150      20.02307
      10.52160      20.02309
      10.53180      20.02311
      10.54200      20.02314
      10.55210      20.02316
      10.56230      20.02319
      10.57240      20.02321
      10.58260      20.02324
      10.59280      20.02326
      10.60290      20.02328
      10.61310      20.02331
      10.62330      20.02333
      10.63340      20.02336
      10.64360      20.02338
      10.65380      20.02341
      10.66390      20.02343
      10.67410      20.02345
      10.68430      20.02348
      10.69440      20.02350
      10.70460      20.02353
      10.71470      20.02355
      10.72490      20.02358
      10.73510      20.02360
      10.74520      20.02363
      10.75540      20.02365
      10.76560      20.02368
      10.77570      20.02370
      10.78590      20.02373
      10.79610      20.02375
      10.80620      20.02378
      10.81640      20.02380
      10.82660      20.02383
      10.83670      20.02385
      10.84690      20.02388
      10.85710      20.02390
      10.86720      20.02393
      10.87740      20.02395
      10.88750      20.02398
      10.89770      20.02401
      10.90790      20.02403
      10.91800      20.02406
      10.92820      20.02408
      10.93840      20.02411
      10.94850      20.02413
      10.95870      20.02416
      10.96890      20.02419
      10.97900      20.02421
      10.98920      20.02424
      10.99940      20.02426
      11.00950      20.02429
      11.01970      20.02431
      11.02980      20.02434
      11.04000      20.02437
      11.05020      20.02439
      11.06030      20.02442
      11.07050      20.02444
      11.08070      20.02447
      11.09080      20.02450
      11.10100      20.02452
      11.11120      20.02455
      11.12130      20.02458
      11.13150      20.02460
      11.14170      20.02463
      11.15180      20.02466
      11.16200      20.02468
      11.17220      20.02471
      11.18230      20.02473
      11.19250      20.02476
      11.20260      20.02479
      11.21280      20.02481
      11.22300      20.02484
      11.23310      20.02487
      11.24330      20.02490
      11.25350      20.02492
      11.26360      20.02495
      11.27380      20.02498
      11.28400      20.02500
      11.29410      20.02503
      11.30430      20.02506
      11.31450      20.02509
      11.32460      20.02511
      11.33480      20.02514
      11.34490      20.02517
      11.35510      20.02519
      11.36530      20.02522
      11.37540      20.02525
      11.38560      20.02528
      11.39580      20.02530
      11.40590      20.02533
      11.41610      20.02536
      11.42630      20.02539
      11.43640      20.02542
      11.44660      20.02544
      11.45680      20.02547
      11.46690      20.02550
      11.47710      20.02553
      11.48730      20.02555
      11.49740      20.02558
      11.50760      20.02561
      11.51770      20.02564
      11.52790      20.02567
      11.53810      20.02570
      11.54820      20.02572
      11.55840      20.02575
      11.56860      20.02578
      11.57870      20.02581
      11.58890      20.02584
      11.59910      20.02587
      11.60920      20.02589
      11.61940      20.02592
      11.62960      20.02595
      11.63970      20.02598
      11.64990      20.02601
      11.66000      20.02604
      11.67020      20.02607
      11.68040      20.02609
      11.69050      20.02612
      11.70070      20.02615
      11.71090      20.02618
      11.72100      20.02621
      11.73120      20.02624
      11.74140      20.02627
      11.75150      20.02630
      11.76170      20.02633
      11.77190      20.02636
      11.78200      20.02639
      11.79220      20.02641
      11.80230      20.02645
      11.81250      20.02647
      11.82270      20.02650
      11.83280      20.02653
      11.84300      20.02656
      11.85320      20.02659
      11.86330      20.02662
      11.87350      20.02665
      11.88370      20.02668
      11.89380      20.02671
      11.90400      20.02674
      11.91420      20.02677
      11.92430      20.02680
      11.93450      20.02683
      11.94470      20.02686
      11.95480      20.02689
      11.96500      20.02692
      11.97510      20.02695
      11.98530      20.02698
      11.99550      20.02701
      12.00560      20.02704
      12.01580      20.02707
      12.02600      20.02711
      12.03610      20.02714
      12.04630      20.02717
      12.05650      20.02720
      12.06660      20.02723
      12.07680      20.02726
      12.08700      20.02729
      12.09710      20.02732
      12.10730      20.02735
      12.11740      20.02738
      12.12760      20.02741
      12.13780      20.02744
      12.14790      20.02748
      12.15810      20.02751
      12.16830      20.02754
      12.17840      20.02757
      12.18860      20.02760
      12.19880      20.02763
      12.20890      20.02766
      12.21910      20.02769
      12.22930      20.02773
      12.23940      20.02776
      12.24960      20.02779
      12.25980      20.02782
      12.26990      20.02785
      12.28010      20.02789
      12.29020      20.02792
      12.30040      20.02795
      12.31060      20.02798
      12.32070      20.02801
      12.33090      20.02805
      12.34110      20.02808
      12.35120      20.02811
      12.36140      20.02814
      12.37160      20.02817
      12.38170      20.02821
      12.39190      20.02824
      12.40210      20.02827
      12.41220      20.02830
      12.42240      20.02834
      12.43250      20.02837
      12.44270      20.02840
      12.45290      20.02843
      12.46300      20.02847
      12.47320      20.02850
      12.48340      20.02853
      12.49350      20.02857
      12.50370      20.02860
      12.51390      20.02863
      12.52400      20.02867
      12.53420      20.02870
      12.54440      20.02873
      12.55450      20.02877
      12.56470      20.02880
      12.57490      20.02883
      12.58500      20.02887
      12.59520      20.02890
      12.60530      20.02893
      12.61550      20.02897
      12.62570      20.02900
      12.63580      20.02904
      12.64600      20.02907
      12.65620      20.02910
      12.66630      20.02914
      12.67650      20.02917
      12.68670      20.02921
      12.69680      20.02924
      12.70700      20.02927
      12.71720      20.02931
      12.72730      20.02934
      12.73750      20.02938
      12.74760      20.02941
      12.75780      20.02945
      12.76800      20.02948
      12.77810      20.02951
      12.78830      20.02955
      12.79850      20.02958
      12.80860      20.02962
      12.81880      20.02966
      12.82900      20.02969
      12.83910      20.02972
      12.84930      20.02976
      12.85950      20.02979
      12.86960      20.02983
      12.87980      20.02987
      12.89000      20.02990
      12.90010      20.02994
      12.91030      20.02997
      12.92040      20.03001
      12.93060      20.03004
      12.94080      20.03008
      12.95090      20.03012
      12.96110      20.03015
      12.97130      20.03019
      12.98140      20.03022
      12.99160      20.03026
      13.00180      20.03029
      13.01190      20.03033
      13.02210      20.03037
      13.03230      20.03040
      13.04240      20.03044
      13.05260      20.03048
      13.06270      20.03051
      13.07290      20.03055
      13.08310      20.03058
      13.09320      20.03062
      13.10340      20.03066
      13.11360      20.03069
      13.12370      20.03073
      13.13390      20.03077
      13.14410      20.03081
      13.15420      20.03084
      13.16440      20.03088
      13.17460      20.03092
      13.18470      20.03095
      13.19490      20.03099
      13.20510      20.03103
      13.21520      20.03107
      13.22540      20.03110
      13.23550      20.03114
      13.24570      20.03118
      13.25590      20.03122
      13.26600      20.03125
      13.27620      20.03129
      13.28640      20.03133
      13.29650      20.03137
      13.30670      20.03141
      13.31690      20.03144
      13.32700      20.03148
      13.33720      20.03152
      13.34740      20.03156
      13.35750      20.03160
      13.36770      20.03164
      13.37780      20.03168
      13.38800      20.03171
      13.39820      20.03175
      13.40830      20.03179
      13.41850      20.03183
      13.42870      20.03187
      13.43880      20.03191
      13.44900      20.03195
      13.45920      20.03199
      13.46930      20.03202
      13.47950      20.03206
      13.48970      20.03210
      13.49980      20.03214
      13.51000      20.03218
      13.52010      20.03222
      13.53030      20.03226
      13.54050      20.03230
      13.55060      20.03234
      13.56080      20.03238
      13.57100      20.03242
      13.58110      20.03246
      13.59130      20.03250
      13.60150      20.03254
      13.61160      20.03258
      13.62180      20.03262
      13.63200      20.03266
      13.64210      20.03270
      13.65230      20.03274
      13.66250      20.03278
      13.67260      20.03282
      13.68280      20.03286
      13.69290      20.03291
      13.70310      20.03295
      13.71330      20.03299
      13.72340      20.03303
      13.73360      20.03307
      13.74380      20.03311
      13.75390      20.03315
      13.76410      20.03319
      13.77430      20.03323
      13.78440      20.03328
      13.79460      20.03332
      13.80480      20.03336
      13.81490      20.03340
      13.82510      20.03344
      13.83520      20.03348
      13.84540      20.03353
      13.85560      20.03357
      13.86570      20.03361
      13.87590      20.03365
      13.88610      20.03370
      13.89620      20.03374
      13.90640      20.03378
      13.91660      20.03382
      13.92670      20.03386
      13.93690      20.03391
      13.94710      20.03395
      13.95720      20.03399
      13.96740      20.03404
      13.97760      20.03408
      13.98770      20.03412
      13.99790      20.03417
      14.00800      20.03421
      14.01820      20.03425
      14.02840      20.03430
      14.03850      20.03434
      14.04870      20.03438
      14.05890      20.03443
      14.06900      20.03447
      14.07920      20.03451
      14.08940      20.03456
      14.09950      20.03460
      14.10970      20.03465
      14.11990      20.03469
      14.13000      20.03473
      14.14020      20.03478
      14.15030      20.03482
      14.16050      20.03487
      14.17070      20.03491
      14.18080      20.03496
      14.19100      20.03500
      14.20120      20.03505
      14.21130      20.03509
      14.22150      20.03514
      14.23170      20.03518
      14.24180      20.03523
      14.25200      20.03527
      14.26220      20.03532
      14.27230      20.03536
      14.28250      20.03541
      14.29270      20.03545
      14.30280      20.03550
      14.31300      20.03555
      14.32310      20.03559
      14.33330      20.03564
      14.34350      20.03568
      14.35360      20.03573
      14.36380      20.03577
      14.37400      20.03582
      14.38410      20.03587
      14.39430      20.03591
      14.40450      20.03596
      14.41460      20.03601
      14.42480      20.03605
      14.43500      20.03610
      14.44510      20.03615
      14.45530      20.03620
      14.46540      20.03624
      14.47560      20.03629
      14.48580      20.03634
      14.49590      20.03638
      14.50610      20.03643
      14.51630      20.03648
      14.52640      20.03653
      14.53660      20.03658
      14.54680      20.03662
      14.55690      20.03667
      14.56710      20.03672
      14.57730      20.03677
      14.58740      20.03682
      14.59760      20.03686
      14.60780      20.03691
      14.61790      20.03696
      14.62810      20.03701
      14.63820      20.03706
      14.64840      20.03711
      14.65860      20.03716
      14.66870      20.03720
      14.67890      20.03725
      14.68910      20.03730
      14.69920      20.03735
      14.70940      20.03740
      14.71960      20.03745
      14.72970      20.03750
      14.73990      20.03755
      14.75010      20.03760
      14.76020      20.03765
      14.77040      20.03770
      14.78050      20.03775
      14.79070      20.03780
      14.80090      20.03785
      14.81100      20.03790
      14.82120      20.03795
      14.83140      20.03800
      14.84150      20.03805
      14.85170      20.03810
      14.86190      20.03815
      14.87200      20.03821
      14.88220      20.03826
      14.89240      20.03831
      14.90250      20.03836
      14.91270      20.03841
      14.92290      20.03846
      14.93300      20.03851
      14.94320      20.03857
      14.95330      20.03862
      14.96350      20.03867
      14.97370      20.03872
      14.98380      20.03877
      14.99400      20.03883
      15.00420      20.03888
      15.01430      20.03893
      15.02450      20.03898
      15.03470      20.03904
      15.04480      20.03909
      15.05500      20.03914
      15.06520      20.03919
      15.07530      20.03925
      15.08550      20.03930
      15.09560      20.03935
      15.10580      20.03941
      15.11600      20.03946
      15.12610      20.03951
      15.13630      20.03957
      15.14650      20.03962
      15.15660      20.03968
      15.16680      20.03973
      15.17700      20.03979
      15.18710      20.03984
      15.19730      20.03989
      15.20750      20.03995
      15.21760      20.04000
      15.22780      20.04006
      15.23800      20.04011
      15.24810      20.04017
      15.25830      20.04022
      15.26840      20.04028
      15.27860      20.04033
      15.28880      20.04039
      15.29890      20.04044
      15.30910      20.04050
      15.31930      20.04056
      15.32940      20.04061
      15.33960      20.04067
      15.34980      20.04072
      15.35990      20.04078
      15.37010      20.04084
      15.38030      20.04089
      15.39040      20.04095
      15.40060      20.04100
      15.41070      20.04106
      15.42090      20.04112
      15.43110      20.04118
      15.44120      20.04123
      15.45140      20.04129
      15.46160      20.04135
      15.47170      20.04140
      15.48190      20.04146
      15.49210      20.04152
      15.50220      20.04158
      15.51240      20.04164
      15.52260      20.04169
      15.53270      20.04175
      15.54290      20.04181
      15.55300      20.04187
      15.56320      20.04193
      15.57340      20.04199
      15.58350      20.04205
      15.59370      20.04210
      15.60390      20.04216
      15.61400      20.04222
      15.62420      20.04228
      15.63440      20.04234
      15.64450      20.04240
      15.65470      20.04246
      15.66490      20.04252
      15.67500      20.04258
      15.68520      20.04264
      15.69540      20.04270
      15.70550      20.04276
      15.71570      20.04282
      15.72580      20.04288
      15.73600      20.04294
      15.74620      20.04300
      15.75630      20.04306
      15.76650      20.04313
      15.77670      20.04319
      15.78680      20.04325
      15.79700      20.04331
      15.80720      20.04337
      15.81730      20.04343
      15.82750      20.04350
      15.83770      20.04356
      15.84780      20.04362
      15.85800      20.04368
      15.86810      20.04375
      15.87830      20.04381
      15.88850      20.04387
      15.89860      20.04393
      15.90880      20.04399
      15.91900      20.04406
      15.92910      20.04412
      15.93930      20.04419
      15.94950      20.04425
      15.95960      20.04431
      15.96980      20.04438
      15.98000      20.04444
      15.99010      20.04450
      16.00030      20.04457
      16.01050      20.04463
      16.02060      20.04470
      16.03080      20.04476
      16.04090      20.04483
      16.05110      20.04489
      16.06130      20.04496
      16.07140      20.04502
      16.08160      20.04509
      16.09180      20.04515
      16.10190      20.04522
      16.11210      20.04528
      16.12230      20.04535
      16.13240      20.04542
      16.14260      20.04548
      16.15280      20.04555
      16.16290      20.04561
      16.17310      20.04568
      16.18320      20.04575
      16.19340      20.04581
      16.20360      20.04588
      16.21370      20.04595
      16.22390      20.04602
      16.23410      20.04608
      16.24420      20.04615
      16.25440      20.04622
      16.26460      20.04629
      16.27470      20.04635
      16.28490      20.04642
      16.29510      20.04649
      16.30520      20.04656
      16.31540      20.04663
      16.32560      20.04670
      16.33570      20.04677
      16.34590      20.04684
      16.35600      20.04691
      16.36620      20.04697
      16.37640      20.04704
      16.38650      20.04711
      16.39670      20.04718
      16.40690      20.04725
      16.41700      20.04732
      16.42720      20.04739
      16.43740      20.04747
      16.44750      20.04753
      16.45770      20.04761
      16.46790      20.04768
      16.47800      20.04775
      16.48820      20.04782
      16.49830      20.04789
      16.50850      20.04796
      16.51870      20.04803
      16.52880      20.04811
      16.53900      20.04818
      16.54920      20.04825
      16.55930      20.04832
      16.56950      20.04840
      16.57970      20.04847
      16.58980      20.04854
      16.60000      20.04861
      16.61020      20.04869
      16.62030      20.04876
      16.63050      20.04884
      16.64070      20.04891
      16.65080      20.04898
      16.66100      20.04906
      16.67110      20.04913
      16.68130      20.04921
      16.69150      20.04928
      16.70160      20.04935
      16.71180      20.04943
      16.72200      20.04951
      16.73210      20.04958
      16.74230      20.04966
      16.75250      20.04973
      16.76260      20.04981
      16.77280      20.04988
      16.78300      20.04996
      16.79310      20.05004
      16.80330      20.05011
      16.81340      20.05019
      16.82360      20.05026
      16.83380      20.05034
      16.84390      20.05042
      16.85410      20.05050
      16.86430      20.05058
      16.87440      20.05065
      16.88460      20.05073
      16.89480      20.05081
      16.90490      20.05089
      16.91510      20.05096
      16.92530      20.05104
      16.93540      20.05112
      16.94560      20.05120
      16.95580      20.05128
      16.96590      20.05136
      16.97610      20.05144
      16.98620      20.05152
      16.99640      20.05160
      17.00660      20.05168
      17.01670      20.05176
      17.02690      20.05184
      17.03710      20.05192
      17.04720      20.05200
      17.05740      20.05208
      17.06760      20.05216
      17.07770      20.05224
      17.08790      20.05233
      17.09810      20.05241
      17.10820      20.05249
      17.11840      20.05257
      17.12850      20.05265
      17.13870      20.05274
      17.14890      20.05282
      17.15900      20.05290
      17.16920      20.05298
      17.17940      20.05307
      17.18950      20.05315
      17.19970      20.05324
      17.20990      20.05332
      17.22000      20.05340
      17.23020      20.05349
      17.24040      20.05357
      17.25050      20.05366
      17.26070      20.05374
      17.27090      20.05383
      17.28100      20.05391
      17.29120      20.05400
      17.30130      20.05408
      17.31150      20.05417
      17.32170      20.05425
      17.33180      20.05434
      17.34200      20.05443
      17.35220      20.05451
      17.36230      20.05460
      17.37250      20.05469
      17.38270      20.05478
      17.39280      20.05486
      17.40300      20.05495
      17.41320      20.05504
      17.42330      20.05513
      17.43350      20.05522
      17.44360      20.05530
      17.45380      20.05539
      17.46400      20.05548
      17.47410      20.05557
      17.48430      20.05566
      17.49450      20.05575
      17.50460      20.05584
      17.51480      20.05593
      17.52500      20.05602
      17.53510      20.05611
      17.54530      20.05620
      17.55550      20.05629
      17.56560      20.05638
      17.57580      20.05647
      17.58590      20.05657
      17.59610      20.05666
      17.60630      20.05675
      17.61640      20.05684
      17.62660      20.05693
      17.63680      20.05703
      17.64690      20.05712
      17.65710      20.05721
      17.66730      20.05731
      17.67740      20.05740
      17.68760      20.05750
      17.69780      20.05759
      17.70790      20.05768
      17.71810      20.05778
      17.72830      20.05787
      17.73840      20.05797
      17.74860      20.05806
      17.75870      20.05816
      17.76890      20.05825
      17.77910      20.05835
      17.78920      20.05844
      17.79940      20.05854
      17.80960      20.05864
      17.81970      20.05874
      17.82990      20.05883
      17.84010      20.05893
      17.85020      20.05903
      17.86040      20.05913
      17.87060      20.05923
      17.88070      20.05932
      17.89090      20.05942
      17.90100      20.05952
      17.91120      20.05962
      17.92140      20.05972
      17.93150      20.05982
      17.94170      20.05992
      17.95190      20.06002
      17.96200      20.06012
      17.97220      20.06022
      17.98240      20.06032
      17.99250      20.06042
      18.00270      20.06052
      18.01290      20.06062
      18.02300      20.06072
      18.03320      20.06083
      18.04340      20.06093
      18.05350      20.06103
      18.06370      20.06113
      18.07380      20.06124
      18.08400      20.06134
      18.09420      20.06145
      18.10430      20.06155
      18.11450      20.06165
      18.12470      20.06176
      18.13480      20.06186
      18.14500      20.06197
      18.15520      20.06207
      18.16530      20.06218
      18.17550      20.06228
      18.18570      20.06239
      18.19580      20.06250
      18.20600      20.06260
      18.21610      20.06271
      18.22630      20.06282
      18.23650      20.06292
      18.24660      20.06303
      18.25680      20.06314
      18.26700      20.06325
      18.27710      20.06336
      18.28730      20.06347
      18.29750      20.06357
      18.30760      20.06368
      18.31780      20.06379
      18.32800      20.06390
      18.33810      20.06401
      18.34830      20.06412
      18.35850      20.06423
      18.36860      20.06434
      18.37880      20.06446
      18.38890      20.06457
      18.39910      20.06468
      18.40930      20.06479
      18.41940      20.06490
      18.42960      20.06502
      18.43980      20.06513
      18.44990      20.06524
      18.46010      20.06536
      18.47030      20.06547
      18.48040      20.06558
      18.49060      20.06570
      18.50080      20.06581
      18.51090      20.06593
      18.52110      20.06604
      18.53120      20.06616
      18.54140      20.06628
      18.55160      20.06639
      18.56170      20.06651
      18.57190      20.06663
      18.58210      20.06674
      18.59220      20.06686
      18.60240      20.06698
      18.61260      20.06710
      18.62270      20.06721
      18.63290      20.06733
      18.64310      20.06745
      18.65320      20.06757
      18.66340      20.06769
      18.67360      20.06781
      18.68370      20.06793
      18.69390      20.06805
      18.70400      20.06817
      18.71420      20.06829
      18.72440      20.06842
      18.73450      20.06854
      18.74470      20.06866
      18.75490      20.06878
      18.76500      20.06891
      18.77520      20.06903
      18.78540      20.06915
      18.79550      20.06928
      18.80570      20.06940
      18.81590      20.06953
      18.82600      20.06965
      18.83620      20.06978
      18.84630      20.06990
      18.85650      20.07003
      18.86670      20.07015
      18.87680      20.07028
      18.88700      20.07041
      18.89720      20.07053
      18.90730      20.07066
      18.91750      20.07079
      18.92770      20.07092
      18.93780      20.07105
      18.94800      20.07118
      18.95820      20.07131
      18.96830      20.07143
      18.97850      20.07157
      18.98870      20.07170
      18.99880      20.07183
      19.00900      20.07196
      19.01910      20.07209
      19.02930      20.07222
      19.03950      20.07235
      19.04960      20.07248
      19.05980      20.07262
      19.07000      20.07275
      19.08010      20.07288
      19.09030      20.07302
      19.10050      20.07315
      19.11060      20.07329
      19.12080      20.07342
      19.13100      20.07356
      19.14110      20.07369
      19.15130      20.07383
      19.16140      20.07397
      19.17160      20.07410
      19.18180      20.07424
      19.19190      20.07438
      19.20210      20.07452
      19.21230      20.07466
      19.22240      20.07479
      19.23260      20.07493
      19.24280      20.07507
      19.25290      20.07521
      19.26310      20.07535
      19.27330      20.07549
      19.28340      20.07564
      19.29360      20.07578
      19.30380      20.07592
      19.31390      20.07606
      19.32410      20.07620
      19.33420      20.07635
      19.34440      20.07649
      19.35460      20.07664
      19.36470      20.07678
      19.37490      20.07692
      19.38510      20.07707
      19.39520      20.07722
      19.40540      20.07736
      19.41560      20.07751
      19.42570      20.07765
      19.43590      20.07780
      19.44610      20.07795
      19.45620      20.07810
      19.46640      20.07825
      19.47650      20.07839
      19.48670      20.07854
      19.49690      20.07869
      19.50700      20.07884
      19.51720      20.07899
      19.52740      20.07915
      19.53750      20.07930
      19.54770      20.07945
      19.55790      20.07960
      19.56800      20.07975
      19.57820      20.07991
      19.58840      20.08006
      19.59850      20.08022
      19.60870      20.08037
      19.61880      20.08052
      19.62900      20.08068
      19.63920      20.08084
      19.64930      20.08099
      19.65950      20.08115
      19.66970      20.08131
      19.67980      20.08146
      19.69000      20.08162
      19.70020      20.08178
      19.71030      20.08194
      19.72050      20.08210
      19.73070      20.08226
      19.74080      20.08242
      19.75100      20.08258
      19.76120      20.08274
      19.77130      20.08290
      19.78150      20.08307
      19.79160      20.08323
      19.80180      20.08339
      19.81200      20.08356
      19.82210      20.08372
      19.83230      20.08389
      19.84250      20.08405
      19.85260      20.08422
      19.86280      20.08438
      19.87300      20.08455
      19.88310      20.08471
      19.89330      20.08488
      19.90350      20.08505
      19.91360      20.08522
      19.92380      20.08539
      19.93390      20.08556
      19.94410      20.08573
      19.95430      20.08590
      19.96440      20.08607
      19.97460      20.08624
      19.98480      20.08641
      19.99490      20.08659
      20.00510      20.08676
      20.01530      20.08693
      20.02540      20.08711
      20.03560      20.08728
      20.04580      20.08746
      20.05590      20.08763
      20.06610      20.08781
      20.07630      20.08799
      20.08640      20.08816
      20.09660      20.08834
      20.10670      20.08852
      20.11690      20.08870
      20.12710      20.08888
      20.13720      20.08906
      20.14740      20.08924
      20.15760      20.08942
      20.16770      20.08960
      20.17790      20.08978
      20.18810      20.08997
      20.19820      20.09015
      20.20840      20.09033
      20.21860      20.09052
      20.22870      20.09070
      20.23890      20.09089
      20.24900      20.09107
      20.25920      20.09126
      20.26940      20.09145
      20.27950      20.09163
      20.28970      20.09182
      20.29990      20.09201
      20.31000      20.09220
      20.32020      20.09239
      20.33040      20.09258
      20.34050      20.09277
      20.35070      20.09297
      20.36090      20.09316
      20.37100      20.09335
      20.38120      20.09355
      20.39140      20.09374
      20.40150      20.09393
      20.41170      20.09413
      20.42180      20.09432
      20.43200      20.09452
      20.44220      20.09472
      20.45230      20.09492
      20.46250      20.09512
      20.47270      20.09532
      20.48280      20.09551
      20.49300      20.09571
      20.50320      20.09592
      20.51330      20.09612
      20.52350      20.09632
      20.53370      20.09652
      20.54380      20.09673
      20.55400      20.09693
      20.56410      20.09713
      20.57430      20.09734
      20.58450      20.09755
      20.59460      20.09775
      20.60480      20.09796
      20.61500      20.09817
      20.62510      20.09838
      20.63530      20.09859
      20.64550      20.09880
      20.65560      20.09901
      20.66580      20.09922
      20.67600      20.09943
      20.68610      20.09964
      20.69630      20.09986
      20.70650      20.10007
      20.71660      20.10028
      20.72680      20.10050
      20.73690      20.10072
      20.74710      20.10093
      20.75730      20.10115
      20.76740      20.10137
      20.77760      20.10159
      20.78780      20.10181
      20.79790      20.10203
      20.80810      20.10225
      20.81830      20.10247
      20.82840      20.10269
      20.83860      20.10291
      20.84880      20.10314
      20.85890      20.10336
      20.86910      20.10359
      20.87920      20.10381
      20.88940      20.10404
      20.89960      20.10427
      20.90970      20.10450
      20.91990      20.10473
      20.93010      20.10496
      20.94020      20.10518
      20.95040      20.10542
      20.96060      20.10565
      20.97070      20.10588
      20.98090      20.10612
      20.99110      20.10635
      21.00120      20.10658
      21.01140      20.10682
      21.02160      20.10706
      21.03170      20.10729
      21.04190      20.10753
      21.05200      20.10777
      21.06220      20.10801
      21.07240      20.10825
      21.08250      20.10849
      21.09270      20.10873
      21.10290      20.10898
      21.11300      20.10922
      21.12320      20.10947
      21.13340      20.10971
      21.14350      20.10996
      21.15370      20.11020
      21.16390      20.11045
      21.17400      20.11070
      21.18420      20.11095
      21.19430      20.11120
      21.20450      20.11145
      21.21470      20.11170
      21.22480      20.11195
      21.23500      20.11221
      21.24520      20.11246
      21.25530      20.11272
      21.26550      20.11297
      21.27570      20.11323
      21.28580      20.11349
      21.29600      20.11375
      21.30620      20.11401
      21.31630      20.11427
      21.32650      20.11453
      21.33660      20.11479
      21.34680      20.11506
      21.35700      20.11532
      21.36710      20.11558
      21.37730      20.11585
      21.38750      20.11612
      21.39760      20.11638
      21.40780      20.11665
      21.41800      20.11692
      21.42810      20.11719
      21.43830      20.11747
      21.44850      20.11774
      21.45860      20.11801
      21.46880      20.11828
      21.47900      20.11856
      21.48910      20.11884
      21.49930      20.11911
      21.50940      20.11939
      21.51960      20.11967
      21.52980      20.11995
      21.53990      20.12023
      21.55010      20.12051
      21.56030      20.12080
      21.57040      20.12108
      21.58060      20.12136
      21.59080      20.12165
      21.60090      20.12194
      21.61110      20.12222
      21.62130      20.12251
      21.63140      20.12280
      21.64160      20.12309
      21.65170      20.12338
      21.66190      20.12368
      21.67210      20.12397
      21.68220      20.12427
      21.69240      20.12456
      21.70260      20.12486
      21.71270      20.12516
      21.72290      20.12546
      21.73310      20.12576
      21.74320      20.12606
      21.75340      20.12636
      21.76360      20.12667
      21.77370      20.12697
      21.78390      20.12728
      21.79410      20.12758
      21.80420      20.12789
      21.81440      20.12820
      21.82450      20.12851
      21.83470      20.12882
      21.84490      20.12913
      21.85500      20.12944
      21.86520      20.12976
      21.87540      20.13008
      21.88550      20.13039
      21.89570      20.13071
      21.90590      20.13103
      21.91600      20.13135
      21.92620      20.13167
      21.93640      20.13199
      21.94650      20.13232
      21.95670      20.13264
      21.96680      20.13297
      21.97700      20.13330
      21.98720      20.13362
      21.99730      20.13395
      22.00750      20.13428
      22.01770      20.13462
      22.02780      20.13495
      22.03800      20.13528
      22.04820      20.13562
      22.05830      20.13596
      22.06850      20.13629
      22.07870      20.13663
      22.08880      20.13697
      22.09900      20.13732
      22.10920      20.13766
      22.11930      20.13800
      22.12950      20.13835
      22.13960      20.13869
      22.14980      20.13904
      22.16000      20.13939
      22.17010      20.13974
      22.18030      20.14010
      22.19050      20.14045
      22.20060      20.14080
      22.21080      20.14116
      22.22100      20.14152
      22.23110      20.14188
      22.24130      20.14224
      22.25150      20.14260
      22.26160      20.14296
      22.27180      20.14333
      22.28190      20.14369
      22.29210      20.14406
      22.30230      20.14443
      22.31240      20.14480
      22.32260      20.14517
      22.33280      20.14554
      22.34290      20.14591
      22.35310      20.14629
      22.36330      20.14667
      22.37340      20.14705
      22.38360      20.14743
      22.39380      20.14781
      22.40390      20.14819
      22.41410      20.14857
      22.42430      20.14896
      22.43440      20.14935
      22.44460      20.14974
      22.45470      20.15012
      22.46490      20.15052
      22.47510      20.15091
      22.48520      20.15130
      22.49540      20.15170
      22.50560      20.15210
      22.51570      20.15250
      22.52590      20.15290
      22.53610      20.15330
      22.54620      20.15370
      22.55640      20.15411
      22.56660      20.15452
      22.57670      20.15492
      22.58690      20.15534
      22.59700      20.15574
      22.60720      20.15616
      22.61740      20.15658
      22.62750      20.15699
      22.63770      20.15741
      22.64790      20.15783
      22.65800      20.15825
      22.66820      20.15868
      22.67840      20.15910
      22.68850      20.15953
      22.69870      20.15996
      22.70890      20.16039
      22.71900      20.16082
      22.72920      20.16125
      22.73940      20.16169
      22.74950      20.16212
      22.75970      20.16256
      22.76980      20.16300
      22.78000      20.16344
      22.79020      20.16389
      22.80030      20.16433
      22.81050      20.16478
      22.82070      20.16523
      22.83080      20.16568
      22.84100      20.16614
      22.85120      20.16659
      22.86130      20.16705
      22.87150      20.16751
      22.88170      20.16797
      22.89180      20.16843
      22.90200      20.16889
      22.91210      20.16936
      22.92230      20.16983
      22.93250      20.17030
      22.94260      20.17077
      22.95280      20.17124
      22.96300      20.17172
      22.97310      20.17220
      22.98330      20.17268
      22.99350      20.17316
      23.00360      20.17364
      23.01380      20.17413
      23.02400      20.17462
      23.03410      20.17510
      23.04430      20.17560
      23.05450      20.17609
      23.06460      20.17659
      23.07480      20.17709
      23.08490      20.17758
      23.09510      20.17809
      23.10530      20.17859
      23.11540      20.17910
      23.12560      20.17961
      23.13580      20.18012
      23.14590      20.18063
      23.15610      20.18115
      23.16630      20.18167
      23.17640      20.18218
      23.18660      20.18270
      23.19680      20.18323
      23.20690      20.18375
      23.21710      20.18428
      23.22720      20.18481
      23.23740      20.18535
      23.24760      20.18588
      23.25770      20.18642
      23.26790      20.18696
      23.27810      20.18750
      23.28820      20.18805
      23.29840      20.18859
      23.30860      20.18914
      23.31870      20.18969
      23.32890      20.19025
      23.33910      20.19081
      23.34920      20.19136
      23.35940      20.19193
      23.36950      20.19249
      23.37970      20.19305
      23.38990      20.19363
      23.40000      20.19419
      23.41020      20.19477
      23.42040      20.19535
      23.43050      20.19592
      23.44070      20.19651
      23.45090      20.19709
      23.46100      20.19768
      23.47120      20.19827
      23.48140      20.19886
      23.49150      20.19945
      23.50170      20.20005
      23.51190      20.20065
      23.52200      20.20125
      23.53220      20.20186
      23.54230      20.20247
      23.55250      20.20308
      23.56270      20.20370
      23.57280      20.20431
      23.58300      20.20493
      23.59320      20.20555
      23.60330      20.20618
      23.61350      20.20681
      23.62370      20.20744
      23.63380      20.20807
      23.64400      20.20871
      23.65420      20.20935
      23.66430      20.20999
      23.67450      20.21064
      23.68460      20.21128
      23.69480      20.21194
      23.70500      20.21259
      23.71510      20.21325
      23.72530      20.21391
      23.73550      20.21458
      23.74560      20.21524
      23.75580      20.21592
      23.76600      20.21659
      23.77610      20.21727
      23.78630      20.21795
      23.79650      20.21864
      23.80660      20.21932
      23.81680      20.22001
      23.82700      20.22071
      23.83710      20.22140
      23.84730      20.22210
      23.85740      20.22280
      23.86760      20.22351
      23.87780      20.22423
      23.88790      20.22494
      23.89810      20.22566
      23.90830      20.22638
      23.91840      20.22710
      23.92860      20.22783
      23.93880      20.22857
      23.94890      20.22930
      23.95910      20.23004
      23.96930      20.23079
      23.97940      20.23153
      23.98960      20.23229
      23.99970      20.23304
      24.00990      20.23380
      24.02010      20.23456
      24.03020      20.23532
      24.04040      20.23610
      24.05060      20.23688
      24.06070      20.23765
      24.07090      20.23844
      24.08110      20.23923
      24.09120      20.24001
      24.10140      20.24081
      24.11160      20.24161
      24.12170      20.24241
      24.13190      20.24322
      24.14210      20.24404
      24.15220      20.24485
      24.16240      20.24567
      24.17250      20.24649
      24.18270      20.24733
      24.19290      20.24817
      24.20300      20.24900
      24.21320      20.24985
      24.22340      20.25070
      24.23350      20.25154
      24.24370      20.25241
      24.25390      20.25327
      24.26400      20.25414
      24.27420      20.25501
      24.28440      20.25589
      24.29450      20.25677
      24.30470      20.25766
      24.31480      20.25854
      24.32500      20.25945
      24.33520      20.26035
      24.34530      20.26125
      24.35550      20.26217
      24.36570      20.26309
      24.37580      20.26401
      24.38600      20.26494
      24.39620      20.26588
      24.40630      20.26682
      24.41650      20.26777
      24.42670      20.26872
      24.43680      20.26967
      24.44700      20.27064
      24.45720      20.27161
      24.46730      20.27258
      24.47750      20.27356
      24.48760      20.27454
      24.49780      20.27554
      24.50800      20.27654
      24.51810      20.27754
      24.52830      20.27856
      24.53850      20.27958
      24.54860      20.28060
      24.55880      20.28163
      24.56900      20.28267
      24.57910      20.28371
      24.58930      20.28477
      24.59950      20.28583
      24.60960      20.28688
      24.61980      20.28796
      24.62990      20.28903
      24.64010      20.29012
      24.65030      20.29122
      24.66040      20.29231
      24.67060      20.29342
      24.68080      20.29454
      24.69090      20.29566
      24.70110      20.29679
      24.71130      20.29793
      24.72140      20.29907
      24.73160      20.30023
      24.74180      20.30139
      24.75190      20.30256
      24.76210      20.30374
      24.77230      20.30493
      24.78240      20.30611
      24.79260      20.30732
      24.80270      20.30852
      24.81290      20.30975
      24.82310      20.31098
      24.83320      20.31221
      24.84340      20.31346
      24.85360      20.31472
      24.86370      20.31598
      24.87390      20.31726
      24.88410      20.31854
      24.89420      20.31983
      24.90440      20.32114
      24.91460      20.32245
      24.92470      20.32377
      24.93490      20.32510
      24.94500      20.32644
      24.95520      20.32780
      24.96540      20.32916
      24.97550      20.33053
      24.98570      20.33192
      24.99590      20.33332
      25.00600      20.33472
      25.01620      20.33614
      25.02640      20.33757
      25.03650      20.33901
      25.04670      20.34046
      25.05690      20.34193
      25.06700      20.34340
      25.07720      20.34489
      25.08740      20.34640
      25.09750      20.34790
      25.10770      20.34943
      25.11780      20.35096
      25.12800      20.35251
      25.13820      20.35408
      25.14830      20.35565
      25.15850      20.35724
      25.16870      20.35885
      25.17880      20.36046
      25.18900      20.36209
      25.19920      20.36374
      25.20930      20.36539
      25.21950      20.36707
      25.22970      20.36876
      25.23980      20.37046
      25.25000      20.37218
      25.26010      20.37390
      25.27030      20.37566
      25.28050      20.37743
      25.29060      20.37920
      25.30080      20.38100
      25.31100      20.38282
      25.32110      20.38463
      25.33130      20.38649
      25.34150      20.38836
      25.35160      20.39022
      25.36180      20.39213
      25.37200      20.39405
      25.38210      20.39597
      25.39230      20.39793
      25.40240      20.39989
      25.41260      20.40188
      25.42280      20.40389
      25.43290      20.40591
      25.44310      20.40796
      25.45330      20.41003
      25.46340      20.41210
      25.47360      20.41422
      25.48380      20.41635
      25.49390      20.41848
      25.50410      20.42066
      25.51430      20.42285
      25.52440      20.42505
      25.53460      20.42729
      25.54480      20.42955
      25.55490      20.43181
      25.56510      20.43412
      25.57520      20.43643
      25.58540      20.43878
      25.59560      20.44116
      25.60570      20.44354
      25.61590      20.44597
      25.62610      20.44842
      25.63620      20.45087
      25.64640      20.45337
      25.65660      20.45590
      25.66670      20.45843
      25.67690      20.46101
      25.68710      20.46362
      25.69720      20.46623
      25.70740      20.46889
      25.71750      20.47155
      25.72770      20.47427
      25.73790      20.47702
      25.74800      20.47976
      25.75820      20.48257
      25.76840      20.48540
      25.77850      20.48824
      25.78870      20.49114
      25.79890      20.49407
      25.80900      20.49699
      25.81920      20.49998
      25.82940      20.50301
      25.83950      20.50603
      25.84970      20.50912
      25.85990      20.51224
      25.87000      20.51537
      25.88020      20.51856
      25.89030      20.52175
      25.90050      20.52501
      25.91070      20.52831
      25.92080      20.53160
      25.93100      20.53497
      25.94120      20.53838
      25.95130      20.54179
      25.96150      20.54527
      25.97170      20.54879
      25.98180      20.55231
      25.99200      20.55591
      26.00220      20.55955
      26.01230      20.56319
      26.02250      20.56691
      26.03260      20.57064
      26.04280      20.57444
      26.05300      20.57829
      26.06310      20.58214
      26.07330      20.58607
      26.08350      20.59004
      26.09360      20.59403
      26.10380      20.59809
      26.11400      20.60221
      26.12410      20.60632
      26.13430      20.61053
      26.14450      20.61478
      26.15460      20.61904
      26.16480      20.62339
      26.17500      20.62779
      26.18510      20.63219
      26.19530      20.63669
      26.20540      20.64120
      26.21560      20.64580
      26.22580      20.65045
      26.23590      20.65511
      26.24610      20.65987
      26.25630      20.66468
      26.26640      20.66950
      26.27660      20.67442
      26.28680      20.67940
      26.29690      20.68438
      26.30710      20.68948
      26.31730      20.69463
      26.32740      20.69978
      26.33760      20.70505
      26.34770      20.71032
      26.35790      20.71571
      26.36810      20.72115
      26.37820      20.72661
      26.38840      20.73218
      26.39860      20.73781
      26.40870      20.74346
      26.41890      20.74922
      26.42910      20.75504
      26.43920      20.76088
      26.44940      20.76684
      26.45960      20.77286
      26.46970      20.77890
      26.47990      20.78506
      26.49010      20.79129
      26.50020      20.79753
      26.51040      20.80390
      26.52050      20.81028
      26.53070      20.81679
      26.54090      20.82338
      26.55100      20.82998
      26.56120      20.83671
      26.57140      20.84352
      26.58150      20.85034
      26.59170      20.85730
      26.60190      20.86434
      26.61200      20.87138
      26.62220      20.87858
      26.63240      20.88585
      26.64250      20.89314
      26.65270      20.90057
      26.66280      20.90801
      26.67300      20.91561
      26.68320      20.92329
      26.69330      20.93098
      26.70350      20.93883
      26.71370      20.94677
      26.72380      20.95471
      26.73400      20.96282
      26.74420      20.97102
      26.75430      20.97922
      26.76450      20.98759
      26.77470      20.99606
      26.78480      21.00452
      26.79500      21.01317
      26.80520      21.02191
      26.81530      21.03065
      26.82550      21.03958
      26.83560      21.04851
      26.84580      21.05762
      26.85600      21.06683
      26.86610      21.07604
      26.87630      21.08545
      26.88650      21.09495
      26.89660      21.10446
      26.90680      21.11416
      26.91700      21.12396
      26.92710      21.13376
      26.93730      21.14377
      26.94750      21.15388
      26.95760      21.16399
      26.96780      21.17430
      26.97790      21.18462
      26.98810      21.19515
      26.99830      21.20578
      27.00840      21.21642
      27.01860      21.22726
      27.02880      21.23822
      27.03890      21.24918
      27.04910      21.26035
      27.05930      21.27164
      27.06940      21.28293
      27.07960      21.29444
      27.08980      21.30606
      27.09990      21.31769
      27.11010      21.32954
      27.12020      21.34139
      27.13040      21.35347
      27.14060      21.36567
      27.15070      21.37787
      27.16090      21.39030
      27.17110      21.40285
      27.18120      21.41540
      27.19140      21.42820
      27.20160      21.44111
      27.21170      21.45401
      27.22190      21.46717
      27.23210      21.48045
      27.24220      21.49372
      27.25240      21.50724
      27.26260      21.52089
      27.27270      21.53453
      27.28290      21.54843
      27.29300      21.56231
      27.30320      21.57646
      27.31340      21.59074
      27.32350      21.60501
      27.33370      21.61954
      27.34390      21.63420
      27.35400      21.64885
      27.36420      21.66377
      27.37440      21.67882
      27.38450      21.69386
      27.39470      21.70917
      27.40490      21.72462
      27.41500      21.74005
      27.42520      21.75575
      27.43530      21.77144
      27.44550      21.78742
      27.45570      21.80353
      27.46580      21.81961
      27.47600      21.83599
      27.48620      21.85251
      27.49630      21.86900
      27.50650      21.88578
      27.51670      21.90271
      27.52680      21.91960
      27.53700      21.93679
      27.54720      21.95412
      27.55730      21.97142
      27.56750      21.98903
      27.57770      22.00677
      27.58780      22.02448
      27.59800      22.04250
      27.60810      22.06048
      27.61830      22.07878
      27.62850      22.09722
      27.63860      22.11561
      27.64880      22.13433
      27.65900      22.15318
      27.66910      22.17199
      27.67930      22.19112
      27.68950      22.21039
      27.69960      22.22961
      27.70980      22.24917
      27.72000      22.26886
      27.73010      22.28849
      27.74030      22.30846
      27.75040      22.32838
      27.76060      22.34862
      27.77080      22.36901
      27.78090      22.38934
      27.79110      22.41000
      27.80130      22.43081
      27.81140      22.45155
      27.82160      22.47263
      27.83180      22.49385
      27.84190      22.51501
      27.85210      22.53650
      27.86230      22.55814
      27.87240      22.57970
      27.88260      22.60161
      27.89280      22.62365
      27.90290      22.64562
      27.91310      22.66794
      27.92320      22.69018
      27.93340      22.71276
      27.94360      22.73549
      27.95370      22.75812
      27.96390      22.78111
      27.97410      22.80424
      27.98420      22.82727
      27.99440      22.85066
      28.00460      22.87419
      28.01470      22.89761
      28.02490      22.92139
      28.03510      22.94531
      28.04520      22.96911
      28.05540      22.99328
      28.06550      23.01734
      28.07570      23.04176
      28.08590      23.06631
      28.09600      23.09075
      28.10620      23.11554
      28.11640      23.14046
      28.12650      23.16526
      28.13670      23.19043
      28.14690      23.21571
      28.15700      23.24087
      28.16720      23.26639
      28.17740      23.29203
      28.18750      23.31754
      28.19770      23.34341
      28.20790      23.36939
      28.21800      23.39523
      28.22820      23.42144
      28.23830      23.44750
      28.24850      23.47393
      28.25870      23.50046
      28.26880      23.52684
      28.27900      23.55359
      28.28920      23.58044
      28.29930      23.60712
      28.30950      23.63417
      28.31970      23.66133
      28.32980      23.68830
      28.34000      23.71565
      28.35020      23.74308
      28.36030      23.77034
      28.37050      23.79796
      28.38060      23.82540
      28.39080      23.85319
      28.40100      23.88107
      28.41110      23.90876
      28.42130      23.93681
      28.43150      23.96493
      28.44160      23.99286
      28.45180      24.02114
      28.46200      24.04949
      28.47210      24.07763
      28.48230      24.10613
      28.49250      24.13469
      28.50260      24.16303
      28.51280      24.19172
      28.52300      24.22047
      28.53310      24.24899
      28.54330      24.27785
      28.55340      24.30649
      28.56360      24.33545
      28.57380      24.36446
      28.58390      24.39324
      28.59410      24.42235
      28.60430      24.45149
      28.61440      24.48039
      28.62460      24.50961
      28.63480      24.53886
      28.64490      24.56785
      28.65510      24.59716
      28.66530      24.62649
      28.67540      24.65555
      28.68560      24.68492
      28.69570      24.71402
      28.70590      24.74342
      28.71610      24.77283
      28.72620      24.80195
      28.73640      24.83136
      28.74660      24.86077
      28.75670      24.88989
      28.76690      24.91929
      28.77710      24.94868
      28.78720      24.97777
      28.79740      25.00713
      28.80760      25.03646
      28.81770      25.06549
      28.82790      25.09477
      28.83810      25.12402
      28.84820      25.15295
      28.85840      25.18212
      28.86850      25.21096
      28.87870      25.24005
      28.88890      25.26908
      28.89900      25.29776
      28.90920      25.32668
      28.91940      25.35552
      28.92950      25.38403
      28.93970      25.41273
      28.94990      25.44136
      28.96000      25.46964
      28.97020      25.49810
      28.98040      25.52648
      28.99050      25.55448
      29.00070      25.58267
      29.01080      25.61047
      29.02100      25.63845
      29.03120      25.66631
      29.04130      25.69378
      29.05150      25.72140
      29.06170      25.74890
      29.07180      25.77600
      29.08200      25.80323
      29.09220      25.83031
      29.10230      25.85699
      29.11250      25.88378
      29.12270      25.91042
      29.13280      25.93663
      29.14300      25.96294
      29.15310      25.98882
      29.16330      26.01479
      29.17350      26.04057
      29.18360      26.06591
      29.19380      26.09132
      29.20400      26.11653
      29.21410      26.14129
      29.22430      26.16609
      29.23450      26.19068
      29.24460      26.21481
      29.25480      26.23896
      29.26500      26.26287
      29.27510      26.28633
      29.28530      26.30977
      29.29550      26.33298
      29.30560      26.35570
      29.31580      26.37840
      29.32590      26.40062
      29.33610      26.42279
      29.34630      26.44470
      29.35640      26.46611
      29.36660      26.48746
      29.37680      26.50851
      29.38690      26.52908
      29.39710      26.54955
      29.40730      26.56971
      29.41740      26.58938
      29.42760      26.60892
      29.43780      26.62815
      29.44790      26.64687
      29.45810      26.66545
      29.46820      26.68352
      29.47840      26.70143
      29.48860      26.71899
      29.49870      26.73604
      29.50890      26.75290
      29.51910      26.76941
      29.52920      26.78540
      29.53940      26.80118
      29.54960      26.81659
      29.55970      26.83147
      29.56990      26.84613
      29.58010      26.86040
      29.59020      26.87414
      29.60040      26.88763
      29.61060      26.90072
      29.62070      26.91329
      29.63090      26.92558
      29.64100      26.93734
      29.65120      26.94881
      29.66140      26.95986
      29.67150      26.97039
      29.68170      26.98061
      29.69190      26.99040
      29.70200      26.99966
      29.71220      27.00859
      29.72240      27.01709
      29.73250      27.02507
      29.74270      27.03269
      29.75290      27.03986
      29.76300      27.04653
      29.77320      27.05282
      29.78330      27.05860
      29.79350      27.06399
      29.80370      27.06893
      29.81380      27.07337
      29.82400      27.07740
      29.83420      27.08098
      29.84430      27.08406
      29.85450      27.08672
      29.86470      27.08892
      29.87480      27.09064
      29.88500      27.09192
      29.89520      27.09274
      29.90530      27.09309
      29.91550      27.09299
      29.92570      27.09242
      29.93580      27.09140
      29.94600      27.08992
      29.95610      27.08799
      29.96630      27.08558
      29.97650      27.08271
      29.98660      27.07942
      29.99680      27.07564
      30.00700      27.07141
      30.01710      27.06676
      30.02730      27.06162
      30.03750      27.05602
      30.04760      27.05004
      30.05780      27.04355
      30.06800      27.03661
      30.07810      27.02931
      30.08830      27.02149
      30.09840      27.01331
      30.10860      27.00462
      30.11880      26.99550
      30.12890      26.98604
      30.13910      26.97606
      30.14930      26.96565
      30.15940      26.95493
      30.16960      26.94369
      30.17980      26.93204
      30.18990      26.92009
      30.20010      26.90762
      30.21030      26.89474
      30.22040      26.88160
      30.23060      26.86793
      30.24080      26.85387
      30.25090      26.83957
      30.26110      26.82474
      30.27120      26.80969
      30.28140      26.79411
      30.29160      26.77817
      30.30170      26.76202
      30.31190      26.74535
      30.32210      26.72832
      30.33220      26.71112
      30.34240      26.69340
      30.35260      26.67533
      30.36270      26.65712
      30.37290      26.63839
      30.38310      26.61934
      30.39320      26.60015
      30.40340      26.58046
      30.41350      26.56066
      30.42370      26.54036
      30.43390      26.51975
      30.44400      26.49906
      30.45420      26.47787
      30.46440      26.45640
      30.47450      26.43486
      30.48470      26.41283
      30.49490      26.39054
      30.50500      26.36820
      30.51520      26.34539
      30.52540      26.32232
      30.53550      26.29924
      30.54570      26.27568
      30.55590      26.25189
      30.56600      26.22810
      30.57620      26.20385
      30.58630      26.17962
      30.59650      26.15494
      30.60670      26.13004
      30.61680      26.10519
      30.62700      26.07989
      30.63720      26.05440
      30.64730      26.02897
      30.65750      26.00311
      30.66770      25.97707
      30.67780      25.95111
      30.68800      25.92472
      30.69820      25.89817
      30.70830      25.87173
      30.71850      25.84486
      30.72860      25.81812
      30.73880      25.79097
      30.74900      25.76368
      30.75910      25.73652
      30.76930      25.70897
      30.77950      25.68129
      30.78960      25.65376
      30.79980      25.62585
      30.81000      25.59783
      30.82010      25.56998
      30.83030      25.54175
      30.84050      25.51342
      30.85060      25.48529
      30.86080      25.45678
      30.87100      25.42819
      30.88110      25.39981
      30.89130      25.37106
      30.90140      25.34253
      30.91160      25.31365
      30.92180      25.28471
      30.93190      25.25600
      30.94210      25.22694
      30.95230      25.19784
      30.96240      25.16898
      30.97260      25.13978
      30.98280      25.11056
      30.99290      25.08157
      31.00310      25.05228
      31.01330      25.02296
      31.02340      24.99390
      31.03360      24.96453
      31.04370      24.93544
      31.05390      24.90604
      31.06410      24.87664
      31.07420      24.84752
      31.08440      24.81810
      31.09460      24.78869
      31.10470      24.75957
      31.11490      24.73017
      31.12510      24.70078
      31.13520      24.67168
      31.14540      24.64232
      31.15560      24.61298
      31.16570      24.58394
      31.17590      24.55465
      31.18600      24.52567
      31.19620      24.49644
      31.20640      24.46723
      31.21650      24.43835
      31.22670      24.40922
      31.23690      24.38014
      31.24700      24.35138
      31.25720      24.32239
      31.26740      24.29345
      31.27750      24.26484
      31.28770      24.23600
      31.29790      24.20722
      31.30800      24.17878
      31.31820      24.15012
      31.32840      24.12153
      31.33850      24.09328
      31.34870      24.06482
      31.35880      24.03670
      31.36900      24.00838
      31.37920      23.98014
      31.38930      23.95225
      31.39950      23.92416
      31.40970      23.89615
      31.41980      23.86850
      31.43000      23.84065
      31.44020      23.81290
      31.45030      23.78550
      31.46050      23.75792
      31.47070      23.73044
      31.48080      23.70331
      31.49100      23.67601
      31.50110      23.64907
      31.51130      23.62197
      31.52150      23.59496
      31.53160      23.56832
      31.54180      23.54152
      31.55200      23.51482
      31.56210      23.48849
      31.57230      23.46200
      31.58250      23.43563
      31.59260      23.40962
      31.60280      23.38346
      31.61300      23.35741
      31.62310      23.33173
      31.63330      23.30591
      31.64350      23.28021
      31.65360      23.25487
      31.66380      23.22941
      31.67390      23.20430
      31.68410      23.17907
      31.69430      23.15396
      31.70440      23.12922
      31.71460      23.10435
      31.72480      23.07961
      31.73490      23.05523
      31.74510      23.03074
      31.75530      23.00637
      31.76540      22.98237
      31.77560      22.95826
      31.78580      22.93427
      31.79590      22.91065
      31.80610      22.88693
      31.81620      22.86357
      31.82640      22.84010
      31.83660      22.81678
      31.84670      22.79380
      31.85690      22.77074
      31.86710      22.74780
      31.87720      22.72523
      31.88740      22.70257
      31.89760      22.68004
      31.90770      22.65787
      31.91790      22.63561
      31.92810      22.61348
      31.93820      22.59172
      31.94840      22.56987
      31.95860      22.54816
      31.96870      22.52680
      31.97890      22.50536
      31.98900      22.48427
      31.99920      22.46311
      32.00940      22.44209
      32.01950      22.42142
      32.02970      22.40067
      32.03990      22.38007
      32.05000      22.35981
      32.06020      22.33948
      32.07040      22.31929
      32.08050      22.29944
      32.09070      22.27954
      32.10090      22.25977
      32.11100      22.24034
      32.12120      22.22085
      32.13130      22.20168
      32.14150      22.18248
      32.15170      22.16341
      32.16180      22.14466
      32.17200      22.12587
      32.18220      22.10722
      32.19230      22.08889
      32.20250      22.07052
      32.21270      22.05228
      32.22280      22.03436
      32.23300      22.01640
      32.24320      21.99859
      32.25330      21.98108
      32.26350      21.96353
      32.27370      21.94612
      32.28380      21.92903
      32.29400      21.91189
      32.30410      21.89506
      32.31430      21.87820
      32.32450      21.86147
      32.33460      21.84505
      32.34480      21.82860
      32.35500      21.81228
      32.36510      21.79625
      32.37530      21.78020
      32.38550      21.76428
      32.39560      21.74866
      32.40580      21.73301
      32.41600      21.71749
      32.42610      21.70225
      32.43630      21.68700
      32.44640      21.67203
      32.45660      21.65703
      32.46680      21.64217
      32.47690      21.62758
      32.48710      21.61298
      32.49730      21.59850
      32.50740      21.58429
      32.51760      21.57007
      32.52780      21.55597
      32.53790      21.54215
      32.54810      21.52831
      32.55830      21.51459
      32.56840      21.50113
      32.57860      21.48766
      32.58880      21.47432
      32.59890      21.46122
      32.60910      21.44812
      32.61920      21.43527
      32.62940      21.42242
      32.63960      21.40968
      32.64970      21.39718
      32.65990      21.38468
      32.67010      21.37230
      32.68020      21.36016
      32.69040      21.34801
      32.70060      21.33598
      32.71070      21.32418
      32.72090      21.31238
      32.73110      21.30070
      32.74120      21.28924
      32.75140      21.27778
      32.76150      21.26654
      32.77170      21.25530
      32.78190      21.24418
      32.79200      21.23327
      32.80220      21.22236
      32.81240      21.21156
      32.82250      21.20098
      32.83270      21.19039
      32.84290      21.17991
      32.85300      21.16964
      32.86320      21.15937
      32.87340      21.14921
      32.88350      21.13925
      32.89370      21.12929
      32.90390      21.11943
      32.91400      21.10977
      32.92420      21.10012
      32.93430      21.09066
      32.94450      21.08120
      32.95470      21.07184
      32.96480      21.06266
      32.97500      21.05350
      32.98520      21.04443
      32.99530      21.03554
      33.00550      21.02666
      33.01570      21.01787
      33.02580      21.00926
      33.03600      21.00066
      33.04620      20.99215
      33.05630      20.98381
      33.06650      20.97547
      33.07660      20.96731
      33.08680      20.95915
      33.09700      20.95109
      33.10710      20.94318
      33.11730      20.93529
      33.12750      20.92747
      33.13760      20.91982
      33.14780      20.91218
      33.15800      20.90462
      33.16810      20.89721
      33.17830      20.88981
      33.18850      20.88249
      33.19860      20.87533
      33.20880      20.86817
      33.21890      20.86116
      33.22910      20.85415
      33.23930      20.84723
      33.24940      20.84044
      33.25960      20.83366
      33.26980      20.82697
      33.27990      20.82040
      33.29010      20.81385
      33.30030      20.80737
      33.31040      20.80102
      33.32060      20.79468
      33.33080      20.78841
      33.34090      20.78227
      33.35110      20.77614
      33.36130      20.77008
      33.37140      20.76414
      33.38160      20.75821
      33.39170      20.75241
      33.40190      20.74661
      33.41210      20.74088
      33.42220      20.73527
      33.43240      20.72966
      33.44260      20.72412
      33.45270      20.71869
      33.46290      20.71327
      33.47310      20.70791
      33.48320      20.70267
      33.49340      20.69743
      33.50360      20.69225
      33.51370      20.68717
      33.52390      20.68211
      33.53400      20.67715
      33.54420      20.67220
      33.55440      20.66730
      33.56450      20.66250
      33.57470      20.65771
      33.58490      20.65298
      33.59500      20.64834
      33.60520      20.64371
      33.61540      20.63914
      33.62550      20.63466
      33.63570      20.63018
      33.64590      20.62576
      33.65600      20.62142
      33.66620      20.61710
      33.67640      20.61282
      33.68650      20.60863
      33.69670      20.60444
      33.70680      20.60035
      33.71700      20.59625
      33.72720      20.59221
      33.73730      20.58825
      33.74750      20.58429
      33.75770      20.58038
      33.76780      20.57655
      33.77800      20.57272
      33.78820      20.56894
      33.79830      20.56523
      33.80850      20.56153
      33.81870      20.55787
      33.82880      20.55429
      33.83900      20.55070
      33.84910      20.54720
      33.85930      20.54370
      33.86950      20.54023
      33.87960      20.53684
      33.88980      20.53345
      33.90000      20.53010
      33.91010      20.52682
      33.92030      20.52354
      33.93050      20.52029
      33.94060      20.51711
      33.95080      20.51394
      33.96100      20.51080
      33.97110      20.50772
      33.98130      20.50465
      33.99150      20.50161
      34.00160      20.49863
      34.01180      20.49566
      34.02190      20.49274
      34.03210      20.48983
      34.04230      20.48695
      34.05240      20.48412
      34.06260      20.48130
      34.07280      20.47851
      34.08290      20.47577
      34.09310      20.47304
      34.10330      20.47034
      34.11340      20.46768
      34.12360      20.46503
      34.13380      20.46241
      34.14390      20.45984
      34.15410      20.45728
      34.16420      20.45476
      34.17440      20.45224
      34.18460      20.44975
      34.19470      20.44731
      34.20490      20.44487
      34.21510      20.44246
      34.22520      20.44009
      34.23540      20.43772
      34.24560      20.43538
      34.25570      20.43308
      34.26590      20.43078
      34.27610      20.42851
      34.28620      20.42628
      34.29640      20.42405
      34.30660      20.42184
      34.31670      20.41967
      34.32690      20.41751
      34.33700      20.41538
      34.34720      20.41326
      34.35740      20.41116
      34.36750      20.40909
      34.37770      20.40703
      34.38790      20.40499
      34.39800      20.40298
      34.40820      20.40098
      34.41840      20.39899
      34.42850      20.39704
      34.43870      20.39509
      34.44890      20.39316
      34.45900      20.39127
      34.46920      20.38937
      34.47930      20.38751
      34.48950      20.38565
      34.49970      20.38381
      34.50980      20.38200
      34.52000      20.38018
      34.53020      20.37839
      34.54030      20.37663
      34.55050      20.37486
      34.56070      20.37312
      34.57080      20.37140
      34.58100      20.36968
      34.59120      20.36798
      34.60130      20.36631
      34.61150      20.36464
      34.62170      20.36298
      34.63180      20.36135
      34.64200      20.35972
      34.65210      20.35812
      34.66230      20.35652
      34.67250      20.35493
      34.68260      20.35337
      34.69280      20.35181
      34.70300      20.35026
      34.71310      20.34874
      34.72330      20.34721
      34.73350      20.34570
      34.74360      20.34422
      34.75380      20.34273
      34.76400      20.34125
      34.77410      20.33980
      34.78430      20.33835
      34.79440      20.33693
      34.80460      20.33550
      34.81480      20.33408
      34.82490      20.33269
      34.83510      20.33129
      34.84530      20.32991
      34.85540      20.32855
      34.86560      20.32718
      34.87580      20.32583
      34.88590      20.32450
      34.89610      20.32317
      34.90630      20.32185
      34.91640      20.32055
      34.92660      20.31924
      34.93670      20.31796
      34.94690      20.31668
      34.95710      20.31540
      34.96720      20.31415
      34.97740      20.31289
      34.98760      20.31165
      34.99770      20.31042
      35.00790      20.30919
      35.01810      20.30797
      35.02820      20.30677
      35.03840      20.30557
      35.04860      20.30438
      35.05870      20.30320
      35.06890      20.30202
      35.07910      20.30085
      35.08920      20.29970
      35.09940      20.29855
      35.10950      20.29742
      35.11970      20.29628
      35.12990      20.29515
      35.14000      20.29403
      35.15020      20.29292
      35.16040      20.29181
      35.17050      20.29072
      35.18070      20.28963
      35.19090      20.28854
      35.20100      20.28747
      35.21120      20.28640
      35.22140      20.28534
      35.23150      20.28429
      35.24170      20.28324
      35.25180      20.28220
      35.26200      20.28116
      35.27220      20.28013
      35.28230      20.27912
      35.29250      20.27810
      35.30270      20.27709
      35.31280      20.27609
      35.32300      20.27509
      35.33320      20.27410
      35.34330      20.27312
      35.35350      20.27214
      35.36370      20.27116
      35.37380      20.27020
      35.38400      20.26924
      35.39420      20.26828
      35.40430      20.26734
      35.41450      20.26639
      35.42460      20.26546
      35.43480      20.26452
      35.44500      20.26359
      35.45510      20.26268
      35.46530      20.26176
      35.47550      20.26084
      35.48560      20.25994
      35.49580      20.25904
      35.50600      20.25814
      35.51610      20.25726
      35.52630      20.25637
      35.53650      20.25549
      35.54660      20.25462
      35.55680      20.25374
      35.56690      20.25288
      35.57710      20.25202
      35.58730      20.25116
      35.59740      20.25031
      35.60760      20.24946
      35.61780      20.24862
      35.62790      20.24779
      35.63810      20.24695
      35.64830      20.24612
      35.65840      20.24530
      35.66860      20.24448
      35.67880      20.24366
      35.68890      20.24286
      35.69910      20.24205
      35.70930      20.24124
      35.71940      20.24045
      35.72960      20.23965
      35.73970      20.23887
      35.74990      20.23808
      35.76010      20.23730
      35.77020      20.23653
      35.78040      20.23575
      35.79060      20.23498
      35.80070      20.23422
      35.81090      20.23345
      35.82110      20.23269
      35.83120      20.23195
      35.84140      20.23119
      35.85160      20.23045
      35.86170      20.22971
      35.87190      20.22897
      35.88200      20.22824
      35.89220      20.22750
      35.90240      20.22677
      35.91250      20.22606
      35.92270      20.22533
      35.93290      20.22461
      35.94300      20.22391
      35.95320      20.22319
      35.96340      20.22248
      35.97350      20.22179
      35.98370      20.22108
      35.99390      20.22039
