! TITLE: Yobs                                                                                                                                                                                                                                                            
! peaks position
      18.54827       1.38500
      20.15067       1.38500
      22.35542       1.38500
      28.30964       1.38500
      29.93421       1.38500
      33.04094       1.38500
      17.50000       1.38500
      19.76980       1.38500
