! TITLE: Yobs                                                                                                                                                                                                                                                            
! Peak:  5
       6.00860      23.99537
       6.01870      23.99536
       6.02890      23.99536
       6.03910      23.99535
       6.04920      23.99535
       6.05940      23.99534
       6.06960      23.99534
       6.07970      23.99534
       6.08990      23.99533
       6.10010      23.99533
       6.11020      23.99533
       6.12040      23.99532
       6.13060      23.99532
       6.14070      23.99531
       6.15090      23.99531
       6.16110      23.99531
       6.17120      23.99530
       6.18140      23.99530
       6.19150      23.99529
       6.20170      23.99529
       6.21190      23.99529
       6.22200      23.99528
       6.23220      23.99528
       6.24240      23.99527
       6.25250      23.99527
       6.26270      23.99527
       6.27290      23.99526
       6.28300      23.99526
       6.29320      23.99525
       6.30340      23.99525
       6.31350      23.99524
       6.32370      23.99524
       6.33380      23.99524
       6.34400      23.99523
       6.35420      23.99523
       6.36430      23.99522
       6.37450      23.99522
       6.38470      23.99522
       6.39480      23.99521
       6.40500      23.99521
       6.41520      23.99520
       6.42530      23.99520
       6.43550      23.99520
       6.44570      23.99519
       6.45580      23.99519
       6.46600      23.99518
       6.47620      23.99518
       6.48630      23.99518
       6.49650      23.99517
       6.50660      23.99517
       6.51680      23.99516
       6.52700      23.99516
       6.53710      23.99516
       6.54730      23.99515
       6.55750      23.99515
       6.56760      23.99514
       6.57780      23.99514
       6.58800      23.99513
       6.59810      23.99513
       6.60830      23.99512
       6.61850      23.99512
       6.62860      23.99512
       6.63880      23.99511
       6.64890      23.99511
       6.65910      23.99510
       6.66930      23.99510
       6.67940      23.99510
       6.68960      23.99509
       6.69980      23.99509
       6.70990      23.99508
       6.72010      23.99508
       6.73030      23.99507
       6.74040      23.99507
       6.75060      23.99507
       6.76080      23.99506
       6.77090      23.99506
       6.78110      23.99505
       6.79130      23.99505
       6.80140      23.99504
       6.81160      23.99504
       6.82170      23.99504
       6.83190      23.99503
       6.84210      23.99503
       6.85220      23.99502
       6.86240      23.99502
       6.87260      23.99501
       6.88270      23.99501
       6.89290      23.99500
       6.90310      23.99500
       6.91320      23.99500
       6.92340      23.99499
       6.93360      23.99499
       6.94370      23.99498
       6.95390      23.99498
       6.96400      23.99497
       6.97420      23.99497
       6.98440      23.99496
       6.99450      23.99496
       7.00470      23.99496
       7.01490      23.99495
       7.02500      23.99495
       7.03520      23.99494
       7.04540      23.99494
       7.05550      23.99493
       7.06570      23.99493
       7.07590      23.99492
       7.08600      23.99492
       7.09620      23.99492
       7.10640      23.99491
       7.11650      23.99491
       7.12670      23.99490
       7.13680      23.99490
       7.14700      23.99489
       7.15720      23.99489
       7.16730      23.99488
       7.17750      23.99488
       7.18770      23.99487
       7.19780      23.99487
       7.20800      23.99487
       7.21820      23.99486
       7.22830      23.99486
       7.23850      23.99485
       7.24870      23.99485
       7.25880      23.99484
       7.26900      23.99484
       7.27910      23.99483
       7.28930      23.99483
       7.29950      23.99483
       7.30960      23.99482
       7.31980      23.99482
       7.33000      23.99481
       7.34010      23.99481
       7.35030      23.99480
       7.36050      23.99480
       7.37060      23.99479
       7.38080      23.99479
       7.39100      23.99478
       7.40110      23.99478
       7.41130      23.99477
       7.42150      23.99477
       7.43160      23.99476
       7.44180      23.99476
       7.45190      23.99475
       7.46210      23.99475
       7.47230      23.99475
       7.48240      23.99474
       7.49260      23.99474
       7.50280      23.99473
       7.51290      23.99473
       7.52310      23.99472
       7.53330      23.99472
       7.54340      23.99471
       7.55360      23.99471
       7.56380      23.99470
       7.57390      23.99470
       7.58410      23.99469
       7.59420      23.99469
       7.60440      23.99468
       7.61460      23.99468
       7.62470      23.99467
       7.63490      23.99467
       7.64510      23.99467
       7.65520      23.99466
       7.66540      23.99466
       7.67560      23.99465
       7.68570      23.99465
       7.69590      23.99464
       7.70610      23.99464
       7.71620      23.99463
       7.72640      23.99463
       7.73650      23.99462
       7.74670      23.99462
       7.75690      23.99461
       7.76700      23.99461
       7.77720      23.99460
       7.78740      23.99460
       7.79750      23.99459
       7.80770      23.99459
       7.81790      23.99458
       7.82800      23.99458
       7.83820      23.99457
       7.84840      23.99457
       7.85850      23.99456
       7.86870      23.99456
       7.87890      23.99455
       7.88900      23.99455
       7.89920      23.99454
       7.90930      23.99454
       7.91950      23.99453
       7.92970      23.99453
       7.93980      23.99452
       7.95000      23.99452
       7.96020      23.99451
       7.97030      23.99451
       7.98050      23.99450
       7.99070      23.99450
       8.00080      23.99449
       8.01100      23.99449
       8.02120      23.99448
       8.03130      23.99448
       8.04150      23.99447
       8.05160      23.99447
       8.06180      23.99446
       8.07200      23.99446
       8.08210      23.99445
       8.09230      23.99445
       8.10250      23.99444
       8.11260      23.99444
       8.12280      23.99443
       8.13300      23.99443
       8.14310      23.99442
       8.15330      23.99442
       8.16350      23.99441
       8.17360      23.99441
       8.18380      23.99440
       8.19400      23.99439
       8.20410      23.99439
       8.21430      23.99438
       8.22440      23.99438
       8.23460      23.99437
       8.24480      23.99437
       8.25490      23.99436
       8.26510      23.99436
       8.27530      23.99435
       8.28540      23.99435
       8.29560      23.99434
       8.30580      23.99434
       8.31590      23.99433
       8.32610      23.99433
       8.33630      23.99432
       8.34640      23.99432
       8.35660      23.99431
       8.36670      23.99430
       8.37690      23.99430
       8.38710      23.99430
       8.39720      23.99429
       8.40740      23.99428
       8.41760      23.99428
       8.42770      23.99427
       8.43790      23.99427
       8.44810      23.99426
       8.45820      23.99426
       8.46840      23.99425
       8.47860      23.99425
       8.48870      23.99424
       8.49890      23.99424
       8.50910      23.99423
       8.51920      23.99422
       8.52940      23.99422
       8.53950      23.99421
       8.54970      23.99421
       8.55990      23.99420
       8.57000      23.99420
       8.58020      23.99419
       8.59040      23.99419
       8.60050      23.99418
       8.61070      23.99417
       8.62090      23.99417
       8.63100      23.99417
       8.64120      23.99416
       8.65140      23.99415
       8.66150      23.99415
       8.67170      23.99414
       8.68180      23.99414
       8.69200      23.99413
       8.70220      23.99413
       8.71230      23.99412
       8.72250      23.99411
       8.73270      23.99411
       8.74280      23.99410
       8.75300      23.99410
       8.76320      23.99409
       8.77330      23.99409
       8.78350      23.99408
       8.79370      23.99408
       8.80380      23.99407
       8.81400      23.99406
       8.82420      23.99406
       8.83430      23.99405
       8.84450      23.99405
       8.85460      23.99404
       8.86480      23.99404
       8.87500      23.99403
       8.88510      23.99402
       8.89530      23.99402
       8.90550      23.99401
       8.91560      23.99401
       8.92580      23.99400
       8.93600      23.99400
       8.94610      23.99399
       8.95630      23.99398
       8.96650      23.99398
       8.97660      23.99397
       8.98680      23.99397
       8.99690      23.99396
       9.00710      23.99396
       9.01730      23.99395
       9.02740      23.99394
       9.03760      23.99394
       9.04780      23.99393
       9.05790      23.99393
       9.06810      23.99392
       9.07830      23.99391
       9.08840      23.99391
       9.09860      23.99390
       9.10880      23.99390
       9.11890      23.99389
       9.12910      23.99389
       9.13930      23.99388
       9.14940      23.99387
       9.15960      23.99387
       9.16970      23.99386
       9.17990      23.99385
       9.19010      23.99385
       9.20020      23.99384
       9.21040      23.99384
       9.22060      23.99383
       9.23070      23.99382
       9.24090      23.99382
       9.25110      23.99381
       9.26120      23.99381
       9.27140      23.99380
       9.28160      23.99380
       9.29170      23.99379
       9.30190      23.99378
       9.31200      23.99378
       9.32220      23.99377
       9.33240      23.99376
       9.34250      23.99376
       9.35270      23.99375
       9.36290      23.99375
       9.37300      23.99374
       9.38320      23.99373
       9.39340      23.99373
       9.40350      23.99372
       9.41370      23.99372
       9.42390      23.99371
       9.43400      23.99370
       9.44420      23.99370
       9.45440      23.99369
       9.46450      23.99368
       9.47470      23.99368
       9.48480      23.99367
       9.49500      23.99367
       9.50520      23.99366
       9.51530      23.99365
       9.52550      23.99365
       9.53570      23.99364
       9.54580      23.99364
       9.55600      23.99363
       9.56620      23.99362
       9.57630      23.99362
       9.58650      23.99361
       9.59670      23.99360
       9.60680      23.99360
       9.61700      23.99359
       9.62710      23.99358
       9.63730      23.99358
       9.64750      23.99357
       9.65760      23.99356
       9.66780      23.99356
       9.67800      23.99355
       9.68810      23.99355
       9.69830      23.99354
       9.70850      23.99353
       9.71860      23.99353
       9.72880      23.99352
       9.73900      23.99351
       9.74910      23.99351
       9.75930      23.99350
       9.76940      23.99349
       9.77960      23.99349
       9.78980      23.99348
       9.79990      23.99347
       9.81010      23.99347
       9.82030      23.99346
       9.83040      23.99345
       9.84060      23.99345
       9.85080      23.99344
       9.86090      23.99343
       9.87110      23.99343
       9.88130      23.99342
       9.89140      23.99342
       9.90160      23.99341
       9.91180      23.99340
       9.92190      23.99339
       9.93210      23.99339
       9.94220      23.99338
       9.95240      23.99338
       9.96260      23.99337
       9.97270      23.99336
       9.98290      23.99335
       9.99310      23.99335
      10.00320      23.99334
      10.01340      23.99334
      10.02360      23.99333
      10.03370      23.99332
      10.04390      23.99331
      10.05410      23.99331
      10.06420      23.99330
      10.07440      23.99329
      10.08450      23.99329
      10.09470      23.99328
      10.10490      23.99327
      10.11500      23.99327
      10.12520      23.99326
      10.13540      23.99325
      10.14550      23.99325
      10.15570      23.99324
      10.16590      23.99323
      10.17600      23.99323
      10.18620      23.99322
      10.19640      23.99321
      10.20650      23.99321
      10.21670      23.99320
      10.22690      23.99319
      10.23700      23.99319
      10.24720      23.99318
      10.25730      23.99317
      10.26750      23.99316
      10.27770      23.99316
      10.28780      23.99315
      10.29800      23.99314
      10.30820      23.99314
      10.31830      23.99313
      10.32850      23.99312
      10.33870      23.99311
      10.34880      23.99311
      10.35900      23.99310
      10.36920      23.99309
      10.37930      23.99309
      10.38950      23.99308
      10.39960      23.99307
      10.40980      23.99306
      10.42000      23.99306
      10.43010      23.99305
      10.44030      23.99304
      10.45050      23.99304
      10.46060      23.99303
      10.47080      23.99302
      10.48100      23.99301
      10.49110      23.99301
      10.50130      23.99300
      10.51150      23.99299
      10.52160      23.99298
      10.53180      23.99298
      10.54200      23.99297
      10.55210      23.99296
      10.56230      23.99296
      10.57240      23.99295
      10.58260      23.99294
      10.59280      23.99293
      10.60290      23.99293
      10.61310      23.99292
      10.62330      23.99291
      10.63340      23.99290
      10.64360      23.99290
      10.65380      23.99289
      10.66390      23.99288
      10.67410      23.99287
      10.68430      23.99287
      10.69440      23.99286
      10.70460      23.99285
      10.71470      23.99285
      10.72490      23.99284
      10.73510      23.99283
      10.74520      23.99282
      10.75540      23.99282
      10.76560      23.99281
      10.77570      23.99280
      10.78590      23.99279
      10.79610      23.99278
      10.80620      23.99278
      10.81640      23.99277
      10.82660      23.99276
      10.83670      23.99275
      10.84690      23.99275
      10.85710      23.99274
      10.86720      23.99273
      10.87740      23.99272
      10.88750      23.99272
      10.89770      23.99271
      10.90790      23.99270
      10.91800      23.99269
      10.92820      23.99269
      10.93840      23.99268
      10.94850      23.99267
      10.95870      23.99266
      10.96890      23.99265
      10.97900      23.99265
      10.98920      23.99264
      10.99940      23.99263
      11.00950      23.99262
      11.01970      23.99261
      11.02980      23.99261
      11.04000      23.99260
      11.05020      23.99259
      11.06030      23.99258
      11.07050      23.99257
      11.08070      23.99257
      11.09080      23.99256
      11.10100      23.99255
      11.11120      23.99254
      11.12130      23.99254
      11.13150      23.99253
      11.14170      23.99252
      11.15180      23.99251
      11.16200      23.99250
      11.17220      23.99250
      11.18230      23.99249
      11.19250      23.99248
      11.20260      23.99247
      11.21280      23.99246
      11.22300      23.99245
      11.23310      23.99245
      11.24330      23.99244
      11.25350      23.99243
      11.26360      23.99242
      11.27380      23.99241
      11.28400      23.99241
      11.29410      23.99240
      11.30430      23.99239
      11.31450      23.99238
      11.32460      23.99237
      11.33480      23.99236
      11.34490      23.99236
      11.35510      23.99235
      11.36530      23.99234
      11.37540      23.99233
      11.38560      23.99232
      11.39580      23.99232
      11.40590      23.99231
      11.41610      23.99230
      11.42630      23.99229
      11.43640      23.99228
      11.44660      23.99227
      11.45680      23.99227
      11.46690      23.99226
      11.47710      23.99225
      11.48730      23.99224
      11.49740      23.99223
      11.50760      23.99222
      11.51770      23.99221
      11.52790      23.99221
      11.53810      23.99220
      11.54820      23.99219
      11.55840      23.99218
      11.56860      23.99217
      11.57870      23.99216
      11.58890      23.99216
      11.59910      23.99215
      11.60920      23.99214
      11.61940      23.99213
      11.62960      23.99212
      11.63970      23.99211
      11.64990      23.99210
      11.66000      23.99209
      11.67020      23.99209
      11.68040      23.99208
      11.69050      23.99207
      11.70070      23.99206
      11.71090      23.99205
      11.72100      23.99204
      11.73120      23.99203
      11.74140      23.99202
      11.75150      23.99202
      11.76170      23.99201
      11.77190      23.99200
      11.78200      23.99199
      11.79220      23.99198
      11.80230      23.99197
      11.81250      23.99196
      11.82270      23.99195
      11.83280      23.99195
      11.84300      23.99194
      11.85320      23.99193
      11.86330      23.99192
      11.87350      23.99191
      11.88370      23.99190
      11.89380      23.99189
      11.90400      23.99188
      11.91420      23.99187
      11.92430      23.99186
      11.93450      23.99185
      11.94470      23.99184
      11.95480      23.99184
      11.96500      23.99183
      11.97510      23.99182
      11.98530      23.99181
      11.99550      23.99180
      12.00560      23.99179
      12.01580      23.99178
      12.02600      23.99177
      12.03610      23.99176
      12.04630      23.99175
      12.05650      23.99174
      12.06660      23.99174
      12.07680      23.99173
      12.08700      23.99172
      12.09710      23.99171
      12.10730      23.99170
      12.11740      23.99169
      12.12760      23.99168
      12.13780      23.99167
      12.14790      23.99166
      12.15810      23.99165
      12.16830      23.99164
      12.17840      23.99163
      12.18860      23.99162
      12.19880      23.99161
      12.20890      23.99160
      12.21910      23.99159
      12.22930      23.99158
      12.23940      23.99157
      12.24960      23.99156
      12.25980      23.99155
      12.26990      23.99154
      12.28010      23.99154
      12.29020      23.99153
      12.30040      23.99152
      12.31060      23.99151
      12.32070      23.99150
      12.33090      23.99149
      12.34110      23.99148
      12.35120      23.99147
      12.36140      23.99146
      12.37160      23.99145
      12.38170      23.99144
      12.39190      23.99143
      12.40210      23.99142
      12.41220      23.99141
      12.42240      23.99140
      12.43250      23.99139
      12.44270      23.99138
      12.45290      23.99137
      12.46300      23.99136
      12.47320      23.99135
      12.48340      23.99134
      12.49350      23.99133
      12.50370      23.99132
      12.51390      23.99131
      12.52400      23.99130
      12.53420      23.99129
      12.54440      23.99128
      12.55450      23.99127
      12.56470      23.99126
      12.57490      23.99125
      12.58500      23.99124
      12.59520      23.99123
      12.60530      23.99122
      12.61550      23.99121
      12.62570      23.99120
      12.63580      23.99119
      12.64600      23.99118
      12.65620      23.99117
      12.66630      23.99116
      12.67650      23.99115
      12.68670      23.99114
      12.69680      23.99113
      12.70700      23.99112
      12.71720      23.99111
      12.72730      23.99109
      12.73750      23.99109
      12.74760      23.99108
      12.75780      23.99106
      12.76800      23.99105
      12.77810      23.99104
      12.78830      23.99103
      12.79850      23.99102
      12.80860      23.99101
      12.81880      23.99100
      12.82900      23.99099
      12.83910      23.99098
      12.84930      23.99097
      12.85950      23.99096
      12.86960      23.99095
      12.87980      23.99094
      12.89000      23.99093
      12.90010      23.99092
      12.91030      23.99091
      12.92040      23.99089
      12.93060      23.99088
      12.94080      23.99087
      12.95090      23.99086
      12.96110      23.99085
      12.97130      23.99084
      12.98140      23.99083
      12.99160      23.99082
      13.00180      23.99081
      13.01190      23.99080
      13.02210      23.99079
      13.03230      23.99078
      13.04240      23.99076
      13.05260      23.99075
      13.06270      23.99074
      13.07290      23.99073
      13.08310      23.99072
      13.09320      23.99071
      13.10340      23.99070
      13.11360      23.99069
      13.12370      23.99068
      13.13390      23.99067
      13.14410      23.99065
      13.15420      23.99064
      13.16440      23.99063
      13.17460      23.99062
      13.18470      23.99061
      13.19490      23.99060
      13.20510      23.99059
      13.21520      23.99058
      13.22540      23.99056
      13.23550      23.99055
      13.24570      23.99054
      13.25590      23.99053
      13.26600      23.99052
      13.27620      23.99051
      13.28640      23.99050
      13.29650      23.99048
      13.30670      23.99047
      13.31690      23.99046
      13.32700      23.99045
      13.33720      23.99044
      13.34740      23.99043
      13.35750      23.99041
      13.36770      23.99040
      13.37780      23.99039
      13.38800      23.99038
      13.39820      23.99037
      13.40830      23.99036
      13.41850      23.99035
      13.42870      23.99033
      13.43880      23.99032
      13.44900      23.99031
      13.45920      23.99030
      13.46930      23.99029
      13.47950      23.99027
      13.48970      23.99026
      13.49980      23.99025
      13.51000      23.99024
      13.52010      23.99023
      13.53030      23.99021
      13.54050      23.99020
      13.55060      23.99019
      13.56080      23.99018
      13.57100      23.99017
      13.58110      23.99015
      13.59130      23.99014
      13.60150      23.99013
      13.61160      23.99012
      13.62180      23.99010
      13.63200      23.99009
      13.64210      23.99008
      13.65230      23.99007
      13.66250      23.99006
      13.67260      23.99004
      13.68280      23.99003
      13.69290      23.99002
      13.70310      23.99001
      13.71330      23.98999
      13.72340      23.98998
      13.73360      23.98997
      13.74380      23.98996
      13.75390      23.98994
      13.76410      23.98993
      13.77430      23.98992
      13.78440      23.98991
      13.79460      23.98989
      13.80480      23.98988
      13.81490      23.98987
      13.82510      23.98986
      13.83520      23.98985
      13.84540      23.98983
      13.85560      23.98982
      13.86570      23.98981
      13.87590      23.98979
      13.88610      23.98978
      13.89620      23.98977
      13.90640      23.98976
      13.91660      23.98974
      13.92670      23.98973
      13.93690      23.98972
      13.94710      23.98970
      13.95720      23.98969
      13.96740      23.98968
      13.97760      23.98967
      13.98770      23.98965
      13.99790      23.98964
      14.00800      23.98963
      14.01820      23.98961
      14.02840      23.98960
      14.03850      23.98959
      14.04870      23.98957
      14.05890      23.98956
      14.06900      23.98955
      14.07920      23.98953
      14.08940      23.98952
      14.09950      23.98951
      14.10970      23.98949
      14.11990      23.98948
      14.13000      23.98947
      14.14020      23.98945
      14.15030      23.98944
      14.16050      23.98943
      14.17070      23.98941
      14.18080      23.98940
      14.19100      23.98939
      14.20120      23.98937
      14.21130      23.98936
      14.22150      23.98935
      14.23170      23.98933
      14.24180      23.98932
      14.25200      23.98931
      14.26220      23.98929
      14.27230      23.98928
      14.28250      23.98926
      14.29270      23.98925
      14.30280      23.98924
      14.31300      23.98922
      14.32310      23.98921
      14.33330      23.98919
      14.34350      23.98918
      14.35360      23.98917
      14.36380      23.98915
      14.37400      23.98914
      14.38410      23.98913
      14.39430      23.98911
      14.40450      23.98910
      14.41460      23.98908
      14.42480      23.98907
      14.43500      23.98906
      14.44510      23.98904
      14.45530      23.98903
      14.46540      23.98901
      14.47560      23.98900
      14.48580      23.98898
      14.49590      23.98897
      14.50610      23.98895
      14.51630      23.98894
      14.52640      23.98893
      14.53660      23.98891
      14.54680      23.98890
      14.55690      23.98888
      14.56710      23.98887
      14.57730      23.98885
      14.58740      23.98884
      14.59760      23.98882
      14.60780      23.98881
      14.61790      23.98880
      14.62810      23.98878
      14.63820      23.98877
      14.64840      23.98875
      14.65860      23.98874
      14.66870      23.98872
      14.67890      23.98871
      14.68910      23.98869
      14.69920      23.98868
      14.70940      23.98866
      14.71960      23.98865
      14.72970      23.98863
      14.73990      23.98862
      14.75010      23.98860
      14.76020      23.98859
      14.77040      23.98857
      14.78050      23.98856
      14.79070      23.98854
      14.80090      23.98853
      14.81100      23.98851
      14.82120      23.98850
      14.83140      23.98848
      14.84150      23.98847
      14.85170      23.98845
      14.86190      23.98844
      14.87200      23.98842
      14.88220      23.98841
      14.89240      23.98839
      14.90250      23.98837
      14.91270      23.98836
      14.92290      23.98834
      14.93300      23.98833
      14.94320      23.98831
      14.95330      23.98830
      14.96350      23.98828
      14.97370      23.98826
      14.98380      23.98825
      14.99400      23.98823
      15.00420      23.98822
      15.01430      23.98820
      15.02450      23.98819
      15.03470      23.98817
      15.04480      23.98815
      15.05500      23.98814
      15.06520      23.98812
      15.07530      23.98811
      15.08550      23.98809
      15.09560      23.98807
      15.10580      23.98806
      15.11600      23.98804
      15.12610      23.98803
      15.13630      23.98801
      15.14650      23.98799
      15.15660      23.98798
      15.16680      23.98796
      15.17700      23.98794
      15.18710      23.98793
      15.19730      23.98791
      15.20750      23.98789
      15.21760      23.98788
      15.22780      23.98786
      15.23800      23.98784
      15.24810      23.98783
      15.25830      23.98781
      15.26840      23.98779
      15.27860      23.98778
      15.28880      23.98776
      15.29890      23.98775
      15.30910      23.98773
      15.31930      23.98771
      15.32940      23.98769
      15.33960      23.98768
      15.34980      23.98766
      15.35990      23.98764
      15.37010      23.98763
      15.38030      23.98761
      15.39040      23.98759
      15.40060      23.98758
      15.41070      23.98756
      15.42090      23.98754
      15.43110      23.98752
      15.44120      23.98751
      15.45140      23.98749
      15.46160      23.98747
      15.47170      23.98746
      15.48190      23.98744
      15.49210      23.98742
      15.50220      23.98740
      15.51240      23.98738
      15.52260      23.98737
      15.53270      23.98735
      15.54290      23.98733
      15.55300      23.98731
      15.56320      23.98730
      15.57340      23.98728
      15.58350      23.98726
      15.59370      23.98724
      15.60390      23.98723
      15.61400      23.98721
      15.62420      23.98719
      15.63440      23.98717
      15.64450      23.98715
      15.65470      23.98714
      15.66490      23.98712
      15.67500      23.98710
      15.68520      23.98708
      15.69540      23.98706
      15.70550      23.98705
      15.71570      23.98703
      15.72580      23.98701
      15.73600      23.98699
      15.74620      23.98697
      15.75630      23.98695
      15.76650      23.98694
      15.77670      23.98692
      15.78680      23.98690
      15.79700      23.98688
      15.80720      23.98686
      15.81730      23.98684
      15.82750      23.98682
      15.83770      23.98680
      15.84780      23.98679
      15.85800      23.98677
      15.86810      23.98675
      15.87830      23.98673
      15.88850      23.98671
      15.89860      23.98669
      15.90880      23.98667
      15.91900      23.98665
      15.92910      23.98664
      15.93930      23.98662
      15.94950      23.98660
      15.95960      23.98658
      15.96980      23.98656
      15.98000      23.98654
      15.99010      23.98652
      16.00030      23.98650
      16.01050      23.98648
      16.02060      23.98646
      16.03080      23.98644
      16.04090      23.98642
      16.05110      23.98640
      16.06130      23.98638
      16.07140      23.98636
      16.08160      23.98635
      16.09180      23.98632
      16.10190      23.98631
      16.11210      23.98629
      16.12230      23.98627
      16.13240      23.98625
      16.14260      23.98623
      16.15280      23.98621
      16.16290      23.98619
      16.17310      23.98617
      16.18320      23.98615
      16.19340      23.98613
      16.20360      23.98610
      16.21370      23.98608
      16.22390      23.98606
      16.23410      23.98604
      16.24420      23.98602
      16.25440      23.98600
      16.26460      23.98598
      16.27470      23.98596
      16.28490      23.98594
      16.29510      23.98592
      16.30520      23.98590
      16.31540      23.98588
      16.32560      23.98586
      16.33570      23.98584
      16.34590      23.98582
      16.35600      23.98580
      16.36620      23.98577
      16.37640      23.98575
      16.38650      23.98573
      16.39670      23.98571
      16.40690      23.98569
      16.41700      23.98567
      16.42720      23.98565
      16.43740      23.98563
      16.44750      23.98561
      16.45770      23.98558
      16.46790      23.98556
      16.47800      23.98554
      16.48820      23.98552
      16.49830      23.98550
      16.50850      23.98548
      16.51870      23.98546
      16.52880      23.98543
      16.53900      23.98541
      16.54920      23.98539
      16.55930      23.98537
      16.56950      23.98535
      16.57970      23.98532
      16.58980      23.98530
      16.60000      23.98528
      16.61020      23.98526
      16.62030      23.98524
      16.63050      23.98521
      16.64070      23.98519
      16.65080      23.98517
      16.66100      23.98515
      16.67110      23.98512
      16.68130      23.98510
      16.69150      23.98508
      16.70160      23.98506
      16.71180      23.98503
      16.72200      23.98501
      16.73210      23.98499
      16.74230      23.98497
      16.75250      23.98495
      16.76260      23.98492
      16.77280      23.98490
      16.78300      23.98488
      16.79310      23.98485
      16.80330      23.98483
      16.81340      23.98481
      16.82360      23.98478
      16.83380      23.98476
      16.84390      23.98474
      16.85410      23.98471
      16.86430      23.98469
      16.87440      23.98467
      16.88460      23.98464
      16.89480      23.98462
      16.90490      23.98460
      16.91510      23.98457
      16.92530      23.98455
      16.93540      23.98453
      16.94560      23.98450
      16.95580      23.98448
      16.96590      23.98445
      16.97610      23.98443
      16.98620      23.98441
      16.99640      23.98438
      17.00660      23.98436
      17.01670      23.98433
      17.02690      23.98431
      17.03710      23.98429
      17.04720      23.98426
      17.05740      23.98424
      17.06760      23.98421
      17.07770      23.98419
      17.08790      23.98416
      17.09810      23.98414
      17.10820      23.98411
      17.11840      23.98409
      17.12850      23.98406
      17.13870      23.98404
      17.14890      23.98401
      17.15900      23.98399
      17.16920      23.98396
      17.17940      23.98394
      17.18950      23.98391
      17.19970      23.98389
      17.20990      23.98386
      17.22000      23.98384
      17.23020      23.98381
      17.24040      23.98379
      17.25050      23.98376
      17.26070      23.98374
      17.27090      23.98371
      17.28100      23.98368
      17.29120      23.98366
      17.30130      23.98363
      17.31150      23.98361
      17.32170      23.98358
      17.33180      23.98355
      17.34200      23.98353
      17.35220      23.98350
      17.36230      23.98348
      17.37250      23.98345
      17.38270      23.98342
      17.39280      23.98340
      17.40300      23.98337
      17.41320      23.98335
      17.42330      23.98332
      17.43350      23.98329
      17.44360      23.98326
      17.45380      23.98324
      17.46400      23.98321
      17.47410      23.98318
      17.48430      23.98316
      17.49450      23.98313
      17.50460      23.98310
      17.51480      23.98308
      17.52500      23.98305
      17.53510      23.98302
      17.54530      23.98299
      17.55550      23.98297
      17.56560      23.98294
      17.57580      23.98291
      17.58590      23.98289
      17.59610      23.98286
      17.60630      23.98283
      17.61640      23.98280
      17.62660      23.98277
      17.63680      23.98275
      17.64690      23.98272
      17.65710      23.98269
      17.66730      23.98266
      17.67740      23.98263
      17.68760      23.98260
      17.69780      23.98258
      17.70790      23.98255
      17.71810      23.98252
      17.72830      23.98249
      17.73840      23.98246
      17.74860      23.98243
      17.75870      23.98240
      17.76890      23.98238
      17.77910      23.98235
      17.78920      23.98232
      17.79940      23.98229
      17.80960      23.98226
      17.81970      23.98223
      17.82990      23.98220
      17.84010      23.98217
      17.85020      23.98214
      17.86040      23.98211
      17.87060      23.98208
      17.88070      23.98205
      17.89090      23.98202
      17.90100      23.98199
      17.91120      23.98196
      17.92140      23.98194
      17.93150      23.98190
      17.94170      23.98187
      17.95190      23.98184
      17.96200      23.98181
      17.97220      23.98178
      17.98240      23.98175
      17.99250      23.98172
      18.00270      23.98169
      18.01290      23.98166
      18.02300      23.98163
      18.03320      23.98160
      18.04340      23.98157
      18.05350      23.98154
      18.06370      23.98151
      18.07380      23.98148
      18.08400      23.98145
      18.09420      23.98141
      18.10430      23.98138
      18.11450      23.98135
      18.12470      23.98132
      18.13480      23.98129
      18.14500      23.98126
      18.15520      23.98123
      18.16530      23.98119
      18.17550      23.98116
      18.18570      23.98113
      18.19580      23.98110
      18.20600      23.98107
      18.21610      23.98103
      18.22630      23.98100
      18.23650      23.98097
      18.24660      23.98094
      18.25680      23.98090
      18.26700      23.98087
      18.27710      23.98084
      18.28730      23.98081
      18.29750      23.98077
      18.30760      23.98074
      18.31780      23.98071
      18.32800      23.98067
      18.33810      23.98064
      18.34830      23.98061
      18.35850      23.98057
      18.36860      23.98054
      18.37880      23.98051
      18.38890      23.98047
      18.39910      23.98044
      18.40930      23.98041
      18.41940      23.98037
      18.42960      23.98034
      18.43980      23.98030
      18.44990      23.98027
      18.46010      23.98024
      18.47030      23.98020
      18.48040      23.98017
      18.49060      23.98013
      18.50080      23.98010
      18.51090      23.98006
      18.52110      23.98003
      18.53120      23.97999
      18.54140      23.97996
      18.55160      23.97992
      18.56170      23.97989
      18.57190      23.97985
      18.58210      23.97982
      18.59220      23.97978
      18.60240      23.97975
      18.61260      23.97971
      18.62270      23.97968
      18.63290      23.97964
      18.64310      23.97960
      18.65320      23.97957
      18.66340      23.97953
      18.67360      23.97950
      18.68370      23.97946
      18.69390      23.97942
      18.70400      23.97939
      18.71420      23.97935
      18.72440      23.97931
      18.73450      23.97928
      18.74470      23.97924
      18.75490      23.97920
      18.76500      23.97917
      18.77520      23.97913
      18.78540      23.97909
      18.79550      23.97906
      18.80570      23.97902
      18.81590      23.97898
      18.82600      23.97894
      18.83620      23.97890
      18.84630      23.97887
      18.85650      23.97883
      18.86670      23.97879
      18.87680      23.97875
      18.88700      23.97871
      18.89720      23.97868
      18.90730      23.97864
      18.91750      23.97860
      18.92770      23.97856
      18.93780      23.97852
      18.94800      23.97848
      18.95820      23.97844
      18.96830      23.97840
      18.97850      23.97836
      18.98870      23.97832
      18.99880      23.97829
      19.00900      23.97825
      19.01910      23.97821
      19.02930      23.97817
      19.03950      23.97813
      19.04960      23.97809
      19.05980      23.97805
      19.07000      23.97801
      19.08010      23.97797
      19.09030      23.97793
      19.10050      23.97789
      19.11060      23.97785
      19.12080      23.97781
      19.13100      23.97776
      19.14110      23.97772
      19.15130      23.97768
      19.16140      23.97764
      19.17160      23.97760
      19.18180      23.97756
      19.19190      23.97752
      19.20210      23.97748
      19.21230      23.97743
      19.22240      23.97739
      19.23260      23.97735
      19.24280      23.97731
      19.25290      23.97727
      19.26310      23.97722
      19.27330      23.97718
      19.28340      23.97714
      19.29360      23.97710
      19.30380      23.97705
      19.31390      23.97701
      19.32410      23.97697
      19.33420      23.97692
      19.34440      23.97688
      19.35460      23.97684
      19.36470      23.97679
      19.37490      23.97675
      19.38510      23.97671
      19.39520      23.97666
      19.40540      23.97662
      19.41560      23.97657
      19.42570      23.97653
      19.43590      23.97649
      19.44610      23.97644
      19.45620      23.97640
      19.46640      23.97635
      19.47650      23.97631
      19.48670      23.97626
      19.49690      23.97622
      19.50700      23.97617
      19.51720      23.97613
      19.52740      23.97608
      19.53750      23.97604
      19.54770      23.97599
      19.55790      23.97594
      19.56800      23.97590
      19.57820      23.97585
      19.58840      23.97581
      19.59850      23.97576
      19.60870      23.97571
      19.61880      23.97567
      19.62900      23.97562
      19.63920      23.97557
      19.64930      23.97552
      19.65950      23.97548
      19.66970      23.97543
      19.67980      23.97538
      19.69000      23.97533
      19.70020      23.97529
      19.71030      23.97524
      19.72050      23.97519
      19.73070      23.97514
      19.74080      23.97509
      19.75100      23.97505
      19.76120      23.97500
      19.77130      23.97495
      19.78150      23.97490
      19.79160      23.97485
      19.80180      23.97480
      19.81200      23.97475
      19.82210      23.97470
      19.83230      23.97465
      19.84250      23.97460
      19.85260      23.97455
      19.86280      23.97450
      19.87300      23.97445
      19.88310      23.97440
      19.89330      23.97435
      19.90350      23.97430
      19.91360      23.97425
      19.92380      23.97420
      19.93390      23.97415
      19.94410      23.97410
      19.95430      23.97405
      19.96440      23.97400
      19.97460      23.97394
      19.98480      23.97389
      19.99490      23.97384
      20.00510      23.97379
      20.01530      23.97373
      20.02540      23.97368
      20.03560      23.97363
      20.04580      23.97358
      20.05590      23.97352
      20.06610      23.97347
      20.07630      23.97342
      20.08640      23.97336
      20.09660      23.97331
      20.10670      23.97326
      20.11690      23.97320
      20.12710      23.97315
      20.13720      23.97309
      20.14740      23.97304
      20.15760      23.97298
      20.16770      23.97293
      20.17790      23.97288
      20.18810      23.97282
      20.19820      23.97276
      20.20840      23.97271
      20.21860      23.97265
      20.22870      23.97260
      20.23890      23.97254
      20.24900      23.97249
      20.25920      23.97243
      20.26940      23.97237
      20.27950      23.97232
      20.28970      23.97226
      20.29990      23.97220
      20.31000      23.97215
      20.32020      23.97209
      20.33040      23.97203
      20.34050      23.97197
      20.35070      23.97192
      20.36090      23.97186
      20.37100      23.97180
      20.38120      23.97174
      20.39140      23.97168
      20.40150      23.97162
      20.41170      23.97157
      20.42180      23.97151
      20.43200      23.97145
      20.44220      23.97139
      20.45230      23.97133
      20.46250      23.97127
      20.47270      23.97121
      20.48280      23.97115
      20.49300      23.97109
      20.50320      23.97103
      20.51330      23.97097
      20.52350      23.97091
      20.53370      23.97084
      20.54380      23.97078
      20.55400      23.97072
      20.56410      23.97066
      20.57430      23.97060
      20.58450      23.97054
      20.59460      23.97047
      20.60480      23.97041
      20.61500      23.97035
      20.62510      23.97028
      20.63530      23.97022
      20.64550      23.97016
      20.65560      23.97009
      20.66580      23.97003
      20.67600      23.96997
      20.68610      23.96990
      20.69630      23.96984
      20.70650      23.96977
      20.71660      23.96971
      20.72680      23.96964
      20.73690      23.96958
      20.74710      23.96951
      20.75730      23.96945
      20.76740      23.96938
      20.77760      23.96932
      20.78780      23.96925
      20.79790      23.96918
      20.80810      23.96912
      20.81830      23.96905
      20.82840      23.96898
      20.83860      23.96892
      20.84880      23.96885
      20.85890      23.96878
      20.86910      23.96871
      20.87920      23.96865
      20.88940      23.96858
      20.89960      23.96851
      20.90970      23.96844
      20.91990      23.96837
      20.93010      23.96830
      20.94020      23.96823
      20.95040      23.96816
      20.96060      23.96809
      20.97070      23.96802
      20.98090      23.96795
      20.99110      23.96788
      21.00120      23.96781
      21.01140      23.96774
      21.02160      23.96766
      21.03170      23.96759
      21.04190      23.96752
      21.05200      23.96745
      21.06220      23.96738
      21.07240      23.96731
      21.08250      23.96723
      21.09270      23.96716
      21.10290      23.96709
      21.11300      23.96701
      21.12320      23.96694
      21.13340      23.96687
      21.14350      23.96679
      21.15370      23.96672
      21.16390      23.96664
      21.17400      23.96657
      21.18420      23.96649
      21.19430      23.96642
      21.20450      23.96634
      21.21470      23.96626
      21.22480      23.96619
      21.23500      23.96611
      21.24520      23.96603
      21.25530      23.96596
      21.26550      23.96588
      21.27570      23.96580
      21.28580      23.96572
      21.29600      23.96565
      21.30620      23.96557
      21.31630      23.96549
      21.32650      23.96541
      21.33660      23.96533
      21.34680      23.96525
      21.35700      23.96517
      21.36710      23.96509
      21.37730      23.96501
      21.38750      23.96493
      21.39760      23.96485
      21.40780      23.96477
      21.41800      23.96469
      21.42810      23.96461
      21.43830      23.96453
      21.44850      23.96444
      21.45860      23.96436
      21.46880      23.96428
      21.47900      23.96419
      21.48910      23.96411
      21.49930      23.96403
      21.50940      23.96394
      21.51960      23.96386
      21.52980      23.96377
      21.53990      23.96369
      21.55010      23.96360
      21.56030      23.96352
      21.57040      23.96343
      21.58060      23.96335
      21.59080      23.96326
      21.60090      23.96317
      21.61110      23.96309
      21.62130      23.96300
      21.63140      23.96291
      21.64160      23.96282
      21.65170      23.96274
      21.66190      23.96265
      21.67210      23.96256
      21.68220      23.96247
      21.69240      23.96238
      21.70260      23.96229
      21.71270      23.96220
      21.72290      23.96211
      21.73310      23.96202
      21.74320      23.96193
      21.75340      23.96184
      21.76360      23.96175
      21.77370      23.96165
      21.78390      23.96156
      21.79410      23.96147
      21.80420      23.96138
      21.81440      23.96128
      21.82450      23.96119
      21.83470      23.96109
      21.84490      23.96100
      21.85500      23.96091
      21.86520      23.96081
      21.87540      23.96071
      21.88550      23.96062
      21.89570      23.96052
      21.90590      23.96043
      21.91600      23.96033
      21.92620      23.96023
      21.93640      23.96013
      21.94650      23.96004
      21.95670      23.95994
      21.96680      23.95984
      21.97700      23.95974
      21.98720      23.95964
      21.99730      23.95954
      22.00750      23.95944
      22.01770      23.95934
      22.02780      23.95924
      22.03800      23.95914
      22.04820      23.95904
      22.05830      23.95894
      22.06850      23.95884
      22.07870      23.95873
      22.08880      23.95863
      22.09900      23.95853
      22.10920      23.95842
      22.11930      23.95832
      22.12950      23.95821
      22.13960      23.95811
      22.14980      23.95800
      22.16000      23.95790
      22.17010      23.95779
      22.18030      23.95769
      22.19050      23.95758
      22.20060      23.95747
      22.21080      23.95736
      22.22100      23.95725
      22.23110      23.95715
      22.24130      23.95704
      22.25150      23.95693
      22.26160      23.95682
      22.27180      23.95671
      22.28190      23.95660
      22.29210      23.95649
      22.30230      23.95638
      22.31240      23.95626
      22.32260      23.95615
      22.33280      23.95604
      22.34290      23.95592
      22.35310      23.95581
      22.36330      23.95570
      22.37340      23.95558
      22.38360      23.95547
      22.39380      23.95535
      22.40390      23.95524
      22.41410      23.95512
      22.42430      23.95500
      22.43440      23.95489
      22.44460      23.95477
      22.45470      23.95465
      22.46490      23.95453
      22.47510      23.95441
      22.48520      23.95429
      22.49540      23.95417
      22.50560      23.95405
      22.51570      23.95393
      22.52590      23.95381
      22.53610      23.95369
      22.54620      23.95357
      22.55640      23.95344
      22.56660      23.95332
      22.57670      23.95320
      22.58690      23.95307
      22.59700      23.95295
      22.60720      23.95282
      22.61740      23.95270
      22.62750      23.95257
      22.63770      23.95244
      22.64790      23.95232
      22.65800      23.95219
      22.66820      23.95206
      22.67840      23.95193
      22.68850      23.95180
      22.69870      23.95167
      22.70890      23.95154
      22.71900      23.95141
      22.72920      23.95128
      22.73940      23.95115
      22.74950      23.95102
      22.75970      23.95088
      22.76980      23.95075
      22.78000      23.95061
      22.79020      23.95048
      22.80030      23.95035
      22.81050      23.95021
      22.82070      23.95007
      22.83080      23.94994
      22.84100      23.94980
      22.85120      23.94966
      22.86130      23.94952
      22.87150      23.94938
      22.88170      23.94924
      22.89180      23.94910
      22.90200      23.94896
      22.91210      23.94882
      22.92230      23.94868
      22.93250      23.94854
      22.94260      23.94839
      22.95280      23.94825
      22.96300      23.94811
      22.97310      23.94796
      22.98330      23.94782
      22.99350      23.94767
      23.00360      23.94752
      23.01380      23.94738
      23.02400      23.94723
      23.03410      23.94708
      23.04430      23.94693
      23.05450      23.94678
      23.06460      23.94663
      23.07480      23.94648
      23.08490      23.94633
      23.09510      23.94617
      23.10530      23.94602
      23.11540      23.94587
      23.12560      23.94571
      23.13580      23.94556
      23.14590      23.94540
      23.15610      23.94525
      23.16630      23.94509
      23.17640      23.94493
      23.18660      23.94477
      23.19680      23.94461
      23.20690      23.94446
      23.21710      23.94430
      23.22720      23.94414
      23.23740      23.94397
      23.24760      23.94381
      23.25770      23.94365
      23.26790      23.94348
      23.27810      23.94332
      23.28820      23.94316
      23.29840      23.94299
      23.30860      23.94282
      23.31870      23.94266
      23.32890      23.94249
      23.33910      23.94232
      23.34920      23.94215
      23.35940      23.94198
      23.36950      23.94181
      23.37970      23.94164
      23.38990      23.94146
      23.40000      23.94129
      23.41020      23.94111
      23.42040      23.94094
      23.43050      23.94077
      23.44070      23.94059
      23.45090      23.94041
      23.46100      23.94023
      23.47120      23.94005
      23.48140      23.93987
      23.49150      23.93970
      23.50170      23.93951
      23.51190      23.93933
      23.52200      23.93915
      23.53220      23.93896
      23.54230      23.93878
      23.55250      23.93859
      23.56270      23.93841
      23.57280      23.93822
      23.58300      23.93803
      23.59320      23.93785
      23.60330      23.93766
      23.61350      23.93747
      23.62370      23.93727
      23.63380      23.93708
      23.64400      23.93689
      23.65420      23.93670
      23.66430      23.93650
      23.67450      23.93631
      23.68460      23.93611
      23.69480      23.93591
      23.70500      23.93571
      23.71510      23.93552
      23.72530      23.93531
      23.73550      23.93511
      23.74560      23.93491
      23.75580      23.93471
      23.76600      23.93450
      23.77610      23.93430
      23.78630      23.93410
      23.79650      23.93389
      23.80660      23.93368
      23.81680      23.93347
      23.82700      23.93326
      23.83710      23.93305
      23.84730      23.93284
      23.85740      23.93263
      23.86760      23.93242
      23.87780      23.93220
      23.88790      23.93199
      23.89810      23.93177
      23.90830      23.93155
      23.91840      23.93133
      23.92860      23.93111
      23.93880      23.93089
      23.94890      23.93067
      23.95910      23.93045
      23.96930      23.93022
      23.97940      23.93000
      23.98960      23.92977
      23.99970      23.92955
      24.00990      23.92932
      24.02010      23.92909
      24.03020      23.92886
      24.04040      23.92863
      24.05060      23.92839
      24.06070      23.92816
      24.07090      23.92793
      24.08110      23.92769
      24.09120      23.92745
      24.10140      23.92721
      24.11160      23.92697
      24.12170      23.92673
      24.13190      23.92649
      24.14210      23.92625
      24.15220      23.92600
      24.16240      23.92576
      24.17250      23.92551
      24.18270      23.92526
      24.19290      23.92501
      24.20300      23.92477
      24.21320      23.92451
      24.22340      23.92426
      24.23350      23.92401
      24.24370      23.92375
      24.25390      23.92349
      24.26400      23.92324
      24.27420      23.92298
      24.28440      23.92272
      24.29450      23.92246
      24.30470      23.92219
      24.31480      23.92193
      24.32500      23.92167
      24.33520      23.92140
      24.34530      23.92113
      24.35550      23.92086
      24.36570      23.92059
      24.37580      23.92032
      24.38600      23.92004
      24.39620      23.91977
      24.40630      23.91949
      24.41650      23.91921
      24.42670      23.91893
      24.43680      23.91865
      24.44700      23.91837
      24.45720      23.91809
      24.46730      23.91780
      24.47750      23.91751
      24.48760      23.91723
      24.49780      23.91694
      24.50800      23.91665
      24.51810      23.91636
      24.52830      23.91606
      24.53850      23.91576
      24.54860      23.91547
      24.55880      23.91517
      24.56900      23.91487
      24.57910      23.91457
      24.58930      23.91426
      24.59950      23.91396
      24.60960      23.91365
      24.61980      23.91335
      24.62990      23.91304
      24.64010      23.91272
      24.65030      23.91241
      24.66040      23.91210
      24.67060      23.91178
      24.68080      23.91146
      24.69090      23.91114
      24.70110      23.91082
      24.71130      23.91050
      24.72140      23.91018
      24.73160      23.90985
      24.74180      23.90952
      24.75190      23.90919
      24.76210      23.90886
      24.77230      23.90852
      24.78240      23.90819
      24.79260      23.90785
      24.80270      23.90751
      24.81290      23.90717
      24.82310      23.90683
      24.83320      23.90649
      24.84340      23.90614
      24.85360      23.90579
      24.86370      23.90544
      24.87390      23.90509
      24.88410      23.90474
      24.89420      23.90438
      24.90440      23.90402
      24.91460      23.90366
      24.92470      23.90330
      24.93490      23.90294
      24.94500      23.90258
      24.95520      23.90221
      24.96540      23.90184
      24.97550      23.90147
      24.98570      23.90109
      24.99590      23.90072
      25.00600      23.90034
      25.01620      23.89996
      25.02640      23.89958
      25.03650      23.89920
      25.04670      23.89881
      25.05690      23.89842
      25.06700      23.89804
      25.07720      23.89764
      25.08740      23.89725
      25.09750      23.89685
      25.10770      23.89646
      25.11780      23.89606
      25.12800      23.89565
      25.13820      23.89525
      25.14830      23.89484
      25.15850      23.89443
      25.16870      23.89402
      25.17880      23.89361
      25.18900      23.89319
      25.19920      23.89277
      25.20930      23.89235
      25.21950      23.89193
      25.22970      23.89151
      25.23980      23.89108
      25.25000      23.89065
      25.26010      23.89022
      25.27030      23.88979
      25.28050      23.88935
      25.29060      23.88891
      25.30080      23.88847
      25.31100      23.88803
      25.32110      23.88759
      25.33130      23.88714
      25.34150      23.88669
      25.35160      23.88624
      25.36180      23.88578
      25.37200      23.88532
      25.38210      23.88487
      25.39230      23.88440
      25.40240      23.88394
      25.41260      23.88348
      25.42280      23.88301
      25.43290      23.88254
      25.44310      23.88206
      25.45330      23.88159
      25.46340      23.88111
      25.47360      23.88063
      25.48380      23.88015
      25.49390      23.87967
      25.50410      23.87918
      25.51430      23.87869
      25.52440      23.87820
      25.53460      23.87770
      25.54480      23.87720
      25.55490      23.87671
      25.56510      23.87621
      25.57520      23.87571
      25.58540      23.87520
      25.59560      23.87469
      25.60570      23.87419
      25.61590      23.87368
      25.62610      23.87316
      25.63620      23.87265
      25.64640      23.87213
      25.65660      23.87161
      25.66670      23.87109
      25.67690      23.87057
      25.68710      23.87004
      25.69720      23.86952
      25.70740      23.86899
      25.71750      23.86846
      25.72770      23.86793
      25.73790      23.86739
      25.74800      23.86686
      25.75820      23.86632
      25.76840      23.86578
      25.77850      23.86524
      25.78870      23.86470
      25.79890      23.86415
      25.80900      23.86362
      25.81920      23.86307
      25.82940      23.86252
      25.83950      23.86198
      25.84970      23.86143
      25.85990      23.86088
      25.87000      23.86033
      25.88020      23.85978
      25.89030      23.85923
      25.90050      23.85868
      25.91070      23.85812
      25.92080      23.85757
      25.93100      23.85702
      25.94120      23.85646
      25.95130      23.85592
      25.96150      23.85536
      25.97170      23.85481
      25.98180      23.85426
      25.99200      23.85371
      26.00220      23.85315
      26.01230      23.85261
      26.02250      23.85206
      26.03260      23.85151
      26.04280      23.85097
      26.05300      23.85042
      26.06310      23.84988
      26.07330      23.84934
      26.08350      23.84880
      26.09360      23.84827
      26.10380      23.84774
      26.11400      23.84721
      26.12410      23.84669
      26.13430      23.84616
      26.14450      23.84564
      26.15460      23.84513
      26.16480      23.84462
      26.17500      23.84411
      26.18510      23.84361
      26.19530      23.84311
      26.20540      23.84262
      26.21560      23.84213
      26.22580      23.84165
      26.23590      23.84118
      26.24610      23.84072
      26.25630      23.84026
      26.26640      23.83981
      26.27660      23.83936
      26.28680      23.83892
      26.29690      23.83850
      26.30710      23.83808
      26.31730      23.83767
      26.32740      23.83728
      26.33760      23.83689
      26.34770      23.83652
      26.35790      23.83615
      26.36810      23.83580
      26.37820      23.83546
      26.38840      23.83513
      26.39860      23.83482
      26.40870      23.83452
      26.41890      23.83424
      26.42910      23.83397
      26.43920      23.83372
      26.44940      23.83348
      26.45960      23.83326
      26.46970      23.83307
      26.47990      23.83288
      26.49010      23.83272
      26.50020      23.83258
      26.51040      23.83246
      26.52050      23.83237
      26.53070      23.83229
      26.54090      23.83224
      26.55100      23.83222
      26.56120      23.83222
      26.57140      23.83224
      26.58150      23.83229
      26.59170      23.83238
      26.60190      23.83249
      26.61200      23.83263
      26.62220      23.83280
      26.63240      23.83301
      26.64250      23.83324
      26.65270      23.83352
      26.66280      23.83382
      26.67300      23.83417
      26.68320      23.83455
      26.69330      23.83497
      26.70350      23.83544
      26.71370      23.83595
      26.72380      23.83649
      26.73400      23.83709
      26.74420      23.83773
      26.75430      23.83841
      26.76450      23.83915
      26.77470      23.83994
      26.78480      23.84077
      26.79500      23.84167
      26.80520      23.84262
      26.81530      23.84361
      26.82550      23.84468
      26.83560      23.84579
      26.84580      23.84698
      26.85600      23.84823
      26.86610      23.84954
      26.87630      23.85092
      26.88650      23.85238
      26.89660      23.85389
      26.90680      23.85549
      26.91700      23.85716
      26.92710      23.85890
      26.93730      23.86073
      26.94750      23.86265
      26.95760      23.86463
      26.96780      23.86671
      26.97790      23.86886
      26.98810      23.87112
      26.99830      23.87348
      27.00840      23.87591
      27.01860      23.87846
      27.02880      23.88111
      27.03890      23.88384
      27.04910      23.88670
      27.05930      23.88967
      27.06940      23.89271
      27.07960      23.89591
      27.08980      23.89922
      27.09990      23.90261
      27.11010      23.90616
      27.12020      23.90980
      27.13040      23.91361
      27.14060      23.91755
      27.15070      23.92158
      27.16090      23.92578
      27.17110      23.93013
      27.18120      23.93458
      27.19140      23.93922
      27.20160      23.94401
      27.21170      23.94890
      27.22190      23.95400
      27.23210      23.95927
      27.24220      23.96464
      27.25240      23.97023
      27.26260      23.97600
      27.27270      23.98188
      27.28290      23.98800
      27.29300      23.99424
      27.30320      24.00073
      27.31340      24.00740
      27.32350      24.01421
      27.33370      24.02128
      27.34390      24.02855
      27.35400      24.03596
      27.36420      24.04365
      27.37440      24.05155
      27.38450      24.05959
      27.39470      24.06793
      27.40490      24.07651
      27.41500      24.08523
      27.42520      24.09426
      27.43530      24.10345
      27.44550      24.11297
      27.45570      24.12275
      27.46580      24.13268
      27.47600      24.14296
      27.48620      24.15351
      27.49630      24.16422
      27.50650      24.17530
      27.51670      24.18667
      27.52680      24.19820
      27.53700      24.21013
      27.54720      24.22235
      27.55730      24.23475
      27.56750      24.24757
      27.57770      24.26070
      27.58780      24.27400
      27.59800      24.28776
      27.60810      24.30169
      27.61830      24.31609
      27.62850      24.33082
      27.63860      24.34574
      27.64880      24.36115
      27.65900      24.37690
      27.66910      24.39284
      27.67930      24.40930
      27.68950      24.42612
      27.69960      24.44314
      27.70980      24.46070
      27.72000      24.47864
      27.73010      24.49677
      27.74030      24.51548
      27.75040      24.53439
      27.76060      24.55387
      27.77080      24.57377
      27.78090      24.59387
      27.79110      24.61459
      27.80130      24.63572
      27.81140      24.65706
      27.82160      24.67904
      27.83180      24.70146
      27.84190      24.72408
      27.85210      24.74738
      27.86230      24.77112
      27.87240      24.79508
      27.88260      24.81973
      27.89280      24.84484
      27.90290      24.87017
      27.91310      24.89622
      27.92320      24.92249
      27.93340      24.94949
      27.94360      24.97699
      27.95370      25.00470
      27.96390      25.03317
      27.97410      25.06215
      27.98420      25.09134
      27.99440      25.12133
      28.00460      25.15183
      28.01470      25.18254
      28.02490      25.21407
      28.03510      25.24613
      28.04520      25.27839
      28.05540      25.31151
      28.06550      25.34483
      28.07570      25.37901
      28.08590      25.41374
      28.09600      25.44867
      28.10620      25.48449
      28.11640      25.52087
      28.12650      25.55743
      28.13670      25.59492
      28.14690      25.63297
      28.15700      25.67120
      28.16720      25.71037
      28.17740      25.75012
      28.18750      25.79003
      28.19770      25.83092
      28.20790      25.87237
      28.21800      25.91400
      28.22820      25.95661
      28.23830      25.99937
      28.24850      26.04314
      28.25870      26.08748
      28.26880      26.13198
      28.27900      26.17748
      28.28920      26.22359
      28.29930      26.26981
      28.30950      26.31707
      28.31970      26.36493
      28.32980      26.41288
      28.34000      26.46190
      28.35020      26.51151
      28.36030      26.56119
      28.37050      26.61196
      28.38060      26.66280
      28.39080      26.71472
      28.40100      26.76722
      28.41110      26.81978
      28.42130      26.87343
      28.43150      26.92764
      28.44160      26.98190
      28.45180      27.03725
      28.46200      27.09318
      28.47210      27.14910
      28.48230      27.20614
      28.49250      27.26373
      28.50260      27.32130
      28.51280      27.37999
      28.52300      27.43922
      28.53310      27.49839
      28.54330      27.55869
      28.55340      27.61891
      28.56360      27.68026
      28.57380      27.74210
      28.58390      27.80387
      28.59410      27.86674
      28.60430      27.93010
      28.61440      27.99334
      28.62460      28.05767
      28.63480      28.12250
      28.64490      28.18714
      28.65510      28.25289
      28.66530      28.31910
      28.67540      28.38509
      28.68560      28.45218
      28.69570      28.51903
      28.70590      28.58696
      28.71610      28.65531
      28.72620      28.72338
      28.73640      28.79251
      28.74660      28.86202
      28.75670      28.93123
      28.76690      29.00146
      28.77710      29.07206
      28.78720      29.14231
      28.79740      29.21356
      28.80760      29.28514
      28.81770      29.35631
      28.82790      29.42848
      28.83810      29.50094
      28.84820      29.57294
      28.85840      29.64591
      28.86850      29.71840
      28.87870      29.79185
      28.88890      29.86550
      28.89900      29.93863
      28.90920      30.01268
      28.91940      30.08688
      28.92950      30.16054
      28.93970      30.23505
      28.94990      30.30970
      28.96000      30.38372
      28.97020      30.45859
      28.98040      30.53354
      28.99050      30.60782
      29.00070      30.68289
      29.01080      30.75726
      29.02100      30.83239
      29.03120      30.90753
      29.04130      30.98191
      29.05150      31.05702
      29.06170      31.13207
      29.07180      31.20633
      29.08200      31.28125
      29.09220      31.35606
      29.10230      31.43005
      29.11250      31.50463
      29.12270      31.57907
      29.13280      31.65262
      29.14300      31.72672
      29.15310      31.79990
      29.16330      31.87359
      29.17350      31.94705
      29.18360      32.01954
      29.19380      32.09249
      29.20400      32.16515
      29.21410      32.23679
      29.22430      32.30883
      29.23450      32.38054
      29.24460      32.45118
      29.25480      32.52216
      29.26500      32.59274
      29.27510      32.66224
      29.28530      32.73198
      29.29550      32.80130
      29.30560      32.86948
      29.31580      32.93786
      29.32590      33.00508
      29.33610      33.07246
      29.34630      33.13932
      29.35640      33.20497
      29.36660      33.27073
      29.37680      33.33590
      29.38690      33.39984
      29.39710      33.46381
      29.40730      33.52716
      29.41740      33.58925
      29.42760      33.65130
      29.43780      33.71267
      29.44790      33.77277
      29.45810      33.83275
      29.46820      33.89145
      29.47840      33.94998
      29.48860      34.00777
      29.49870      34.06425
      29.50890      34.12051
      29.51910      34.17598
      29.52920      34.23011
      29.53940      34.28397
      29.54960      34.33700
      29.55970      34.38867
      29.56990      34.44001
      29.58010      34.49047
      29.59020      34.53958
      29.60040      34.58829
      29.61060      34.63609
      29.62070      34.68253
      29.63090      34.72850
      29.64100      34.77310
      29.65120      34.81720
      29.66140      34.86035
      29.67150      34.90212
      29.68170      34.94335
      29.69190      34.98359
      29.70200      35.02245
      29.71220      35.06071
      29.72240      35.09796
      29.73250      35.13384
      29.74270      35.16906
      29.75290      35.20324
      29.76300      35.23608
      29.77320      35.26819
      29.78330      35.29897
      29.79350      35.32899
      29.80370      35.35794
      29.81380      35.38557
      29.82400      35.41240
      29.83420      35.43814
      29.84430      35.46257
      29.85450      35.48616
      29.86470      35.50866
      29.87480      35.52986
      29.88500      35.55017
      29.89520      35.56938
      29.90530      35.58731
      29.91550      35.60431
      29.92570      35.62020
      29.93580      35.63483
      29.94600      35.64850
      29.95610      35.66093
      29.96630      35.67236
      29.97650      35.68267
      29.98660      35.69177
      29.99680      35.69984
      30.00700      35.70678
      30.01710      35.71253
      30.02730      35.71722
      30.03750      35.72077
      30.04760      35.72318
      30.05780      35.72448
      30.06800      35.72465
      30.07810      35.72370
      30.08830      35.72161
      30.09840      35.71843
      30.10860      35.71408
      30.11880      35.70861
      30.12890      35.70208
      30.13910      35.69436
      30.14930      35.68551
      30.15940      35.67564
      30.16960      35.66455
      30.17980      35.65234
      30.18990      35.63914
      30.20010      35.62470
      30.21030      35.60914
      30.22040      35.59264
      30.23060      35.57486
      30.24080      35.55598
      30.25090      35.53620
      30.26110      35.51513
      30.27120      35.49318
      30.28140      35.46992
      30.29160      35.44558
      30.30170      35.42040
      30.31190      35.39391
      30.32210      35.36633
      30.33220      35.33798
      30.34240      35.30828
      30.35260      35.27752
      30.36270      35.24604
      30.37290      35.21319
      30.38310      35.17931
      30.39320      35.14474
      30.40340      35.10881
      30.41350      35.07223
      30.42370      35.03428
      30.43390      34.99533
      30.44400      34.95578
      30.45420      34.91486
      30.46440      34.87297
      30.47450      34.83052
      30.48470      34.78672
      30.49490      34.74196
      30.50500      34.69672
      30.51520      34.65010
      30.52540      34.60256
      30.53550      34.55461
      30.54570      34.50528
      30.55590      34.45507
      30.56600      34.40450
      30.57620      34.35257
      30.58630      34.30031
      30.59650      34.24671
      30.60670      34.19228
      30.61680      34.13760
      30.62700      34.08157
      30.63720      34.02478
      30.64730      33.96777
      30.65750      33.90947
      30.66770      33.85041
      30.67780      33.79123
      30.68800      33.73075
      30.69820      33.66957
      30.70830      33.60834
      30.71850      33.54583
      30.72860      33.48330
      30.73880      33.41951
      30.74900      33.35511
      30.75910      33.29076
      30.76930      33.22518
      30.77950      33.15905
      30.78960      33.09301
      30.79980      33.02578
      30.81000      32.95806
      30.82010      32.89048
      30.83030      32.82178
      30.84050      32.75260
      30.85060      32.68366
      30.86080      32.61361
      30.87100      32.54314
      30.88110      32.47297
      30.89130      32.40173
      30.90140      32.33084
      30.91160      32.25891
      30.92180      32.18664
      30.93190      32.11478
      30.94210      32.04192
      30.95230      31.96881
      30.96240      31.89613
      30.97260      31.82251
      30.98280      31.74868
      30.99290      31.67535
      31.00310      31.60113
      31.01330      31.52674
      31.02340      31.45293
      31.03360      31.37825
      31.04370      31.30419
      31.05390      31.22930
      31.06410      31.15432
      31.07420      31.08002
      31.08440      31.00493
      31.09460      30.92981
      31.10470      30.85542
      31.11490      30.78028
      31.12510      30.70518
      31.13520      30.63082
      31.14540      30.55580
      31.15560      30.48082
      31.16570      30.40666
      31.17590      30.33187
      31.18600      30.25791
      31.19620      30.18336
      31.20640      30.10894
      31.21650      30.03540
      31.22670      29.96130
      31.23690      29.88739
      31.24700      29.81440
      31.25720      29.74089
      31.26740      29.66760
      31.27750      29.59527
      31.28770      29.52248
      31.29790      29.44995
      31.30800      29.37840
      31.31820      29.30644
      31.32840      29.23477
      31.33850      29.16411
      31.34870      29.09308
      31.35880      29.02306
      31.36900      28.95272
      31.37920      28.88272
      31.38930      28.81378
      31.39950      28.74452
      31.40970      28.67566
      31.41980      28.60787
      31.43000      28.53980
      31.44020      28.47216
      31.45030      28.40561
      31.46050      28.33882
      31.47070      28.27249
      31.48080      28.20724
      31.49100      28.14182
      31.50110      28.07749
      31.51130      28.01301
      31.52150      27.94900
      31.53160      27.88610
      31.54180      27.82308
      31.55200      27.76056
      31.56210      27.69916
      31.57230      27.63766
      31.58250      27.57668
      31.59260      27.51682
      31.60280      27.45689
      31.61300      27.39750
      31.62310      27.33923
      31.63330      27.28092
      31.64350      27.22317
      31.65360      27.16652
      31.66380      27.10988
      31.67390      27.05433
      31.68410      26.99881
      31.69430      26.94384
      31.70440      26.88999
      31.71460      26.83616
      31.72480      26.78291
      31.73490      26.73075
      31.74510      26.67865
      31.75530      26.62713
      31.76540      26.57669
      31.77560      26.52633
      31.78580      26.47655
      31.79590      26.42784
      31.80610      26.37923
      31.81620      26.33168
      31.82640      26.28423
      31.83660      26.23738
      31.84670      26.19155
      31.85690      26.14586
      31.86710      26.10076
      31.87720      26.05667
      31.88740      26.01272
      31.89760      25.96936
      31.90770      25.92699
      31.91790      25.88478
      31.92810      25.84315
      31.93820      25.80250
      31.94840      25.76201
      31.95860      25.72211
      31.96870      25.68314
      31.97890      25.64436
      31.98900      25.60652
      31.99920      25.56886
      32.00940      25.53177
      32.01950      25.49558
      32.02970      25.45959
      32.03990      25.42414
      32.05000      25.38960
      32.06020      25.35525
      32.07040      25.32143
      32.08050      25.28848
      32.09070      25.25574
      32.10090      25.22353
      32.11100      25.19214
      32.12120      25.16097
      32.13130      25.13062
      32.14150      25.10048
      32.15170      25.07085
      32.16180      25.04200
      32.17200      25.01337
      32.18220      24.98524
      32.19230      24.95787
      32.20250      24.93072
      32.21270      24.90404
      32.22280      24.87810
      32.23300      24.85238
      32.24320      24.82714
      32.25330      24.80258
      32.26350      24.77825
      32.27370      24.75437
      32.28380      24.73118
      32.29400      24.70819
      32.30410      24.68587
      32.31430      24.66375
      32.32450      24.64207
      32.33460      24.62102
      32.34480      24.60018
      32.35500      24.57975
      32.36510      24.55993
      32.37530      24.54031
      32.38550      24.52110
      32.39560      24.50247
      32.40580      24.48403
      32.41600      24.46598
      32.42610      24.44848
      32.43630      24.43119
      32.44640      24.41442
      32.45660      24.39785
      32.46680      24.38164
      32.47690      24.36594
      32.48710      24.35043
      32.49730      24.33526
      32.50740      24.32057
      32.51760      24.30607
      32.52780      24.29190
      32.53790      24.27819
      32.54810      24.26465
      32.55830      24.25143
      32.56840      24.23865
      32.57860      24.22604
      32.58880      24.21373
      32.59890      24.20183
      32.60910      24.19009
      32.61920      24.17875
      32.62940      24.16759
      32.63960      24.15669
      32.64970      24.14616
      32.65990      24.13580
      32.67010      24.12569
      32.68020      24.11594
      32.69040      24.10634
      32.70060      24.09699
      32.71070      24.08797
      32.72090      24.07909
      32.73110      24.07046
      32.74120      24.06212
      32.75140      24.05394
      32.76150      24.04604
      32.77170      24.03829
      32.78190      24.03075
      32.79200      24.02349
      32.80220      24.01635
      32.81240      24.00942
      32.82250      24.00275
      32.83270      23.99621
      32.84290      23.98985
      32.85300      23.98374
      32.86320      23.97774
      32.87340      23.97192
      32.88350      23.96634
      32.89370      23.96086
      32.90390      23.95555
      32.91400      23.95045
      32.92420      23.94546
      32.93430      23.94067
      32.94450      23.93599
      32.95470      23.93145
      32.96480      23.92710
      32.97500      23.92285
      32.98520      23.91874
      32.99530      23.91480
      33.00550      23.91096
      33.01570      23.90724
      33.02580      23.90369
      33.03600      23.90022
      33.04620      23.89688
      33.05630      23.89368
      33.06650      23.89057
      33.07660      23.88759
      33.08680      23.88470
      33.09700      23.88192
      33.10710      23.87926
      33.11730      23.87668
      33.12750      23.87420
      33.13760      23.87184
      33.14780      23.86954
      33.15800      23.86734
      33.16810      23.86526
      33.17830      23.86323
      33.18850      23.86129
      33.19860      23.85945
      33.20880      23.85768
      33.21890      23.85600
      33.22910      23.85437
      33.23930      23.85283
      33.24940      23.85136
      33.25960      23.84996
      33.26980      23.84862
      33.27990      23.84736
      33.29010      23.84615
      33.30030      23.84501
      33.31040      23.84394
      33.32060      23.84291
      33.33080      23.84194
      33.34090      23.84104
      33.35110      23.84018
      33.36130      23.83938
      33.37140      23.83863
      33.38160      23.83793
      33.39170      23.83728
      33.40190      23.83667
      33.41210      23.83611
      33.42220      23.83559
      33.43240      23.83511
      33.44260      23.83467
      33.45270      23.83428
      33.46290      23.83393
      33.47310      23.83360
      33.48320      23.83332
      33.49340      23.83307
      33.50360      23.83286
      33.51370      23.83268
      33.52390      23.83253
      33.53400      23.83241
      33.54420      23.83232
      33.55440      23.83225
      33.56450      23.83222
      33.57470      23.83221
      33.58490      23.83223
      33.59500      23.83227
      33.60520      23.83234
      33.61540      23.83243
      33.62550      23.83254
      33.63570      23.83268
      33.64590      23.83283
      33.65600      23.83301
      33.66620      23.83320
      33.67640      23.83341
      33.68650      23.83364
      33.69670      23.83389
      33.70680      23.83415
      33.71700      23.83443
      33.72720      23.83473
      33.73730      23.83503
      33.74750      23.83536
      33.75770      23.83569
      33.76780      23.83604
      33.77800      23.83640
      33.78820      23.83678
      33.79830      23.83716
      33.80850      23.83755
      33.81870      23.83796
      33.82880      23.83837
      33.83900      23.83880
      33.84910      23.83923
      33.85930      23.83967
      33.86950      23.84012
      33.87960      23.84057
      33.88980      23.84104
      33.90000      23.84151
      33.91010      23.84199
      33.92030      23.84247
      33.93050      23.84296
      33.94060      23.84346
      33.95080      23.84396
      33.96100      23.84446
      33.97110      23.84497
      33.98130      23.84549
      33.99150      23.84601
      34.00160      23.84652
      34.01180      23.84705
      34.02190      23.84758
      34.03210      23.84811
      34.04230      23.84864
      34.05240      23.84918
      34.06260      23.84972
      34.07280      23.85026
      34.08290      23.85080
      34.09310      23.85135
      34.10330      23.85190
      34.11340      23.85244
      34.12360      23.85299
      34.13380      23.85354
      34.14390      23.85409
      34.15410      23.85464
      34.16420      23.85519
      34.17440      23.85575
      34.18460      23.85630
      34.19470      23.85685
      34.20490      23.85740
      34.21510      23.85796
      34.22520      23.85851
      34.23540      23.85906
      34.24560      23.85961
      34.25570      23.86016
      34.26590      23.86071
      34.27610      23.86126
      34.28620      23.86181
      34.29640      23.86236
      34.30660      23.86291
      34.31670      23.86345
      34.32690      23.86399
      34.33700      23.86453
      34.34720      23.86508
      34.35740      23.86562
      34.36750      23.86616
      34.37770      23.86669
      34.38790      23.86723
      34.39800      23.86776
      34.40820      23.86830
      34.41840      23.86883
      34.42850      23.86936
      34.43870      23.86988
      34.44890      23.87041
      34.45900      23.87093
      34.46920      23.87146
      34.47930      23.87197
      34.48950      23.87249
      34.49970      23.87301
      34.50980      23.87352
      34.52000      23.87403
      34.53020      23.87454
      34.54030      23.87505
      34.55050      23.87556
      34.56070      23.87606
      34.57080      23.87656
      34.58100      23.87706
      34.59120      23.87756
      34.60130      23.87805
      34.61150      23.87854
      34.62170      23.87903
      34.63180      23.87952
      34.64200      23.88000
      34.65210      23.88048
      34.66230      23.88096
      34.67250      23.88144
      34.68260      23.88192
      34.69280      23.88239
      34.70300      23.88287
      34.71310      23.88333
      34.72330      23.88380
      34.73350      23.88427
      34.74360      23.88473
      34.75380      23.88519
      34.76400      23.88564
      34.77410      23.88610
      34.78430      23.88655
      34.79440      23.88700
      34.80460      23.88745
      34.81480      23.88790
      34.82490      23.88834
      34.83510      23.88878
      34.84530      23.88922
      34.85540      23.88965
      34.86560      23.89009
      34.87580      23.89052
      34.88590      23.89095
      34.89610      23.89138
      34.90630      23.89181
      34.91640      23.89223
      34.92660      23.89265
      34.93670      23.89306
      34.94690      23.89348
      34.95710      23.89390
      34.96720      23.89431
      34.97740      23.89472
      34.98760      23.89513
      34.99770      23.89553
      35.00790      23.89593
      35.01810      23.89634
      35.02820      23.89673
      35.03840      23.89713
      35.04860      23.89753
      35.05870      23.89792
      35.06890      23.89831
      35.07910      23.89870
      35.08920      23.89908
      35.09940      23.89947
      35.10950      23.89985
      35.11970      23.90023
      35.12990      23.90061
      35.14000      23.90098
      35.15020      23.90135
      35.16040      23.90173
      35.17050      23.90209
      35.18070      23.90246
      35.19090      23.90283
      35.20100      23.90319
      35.21120      23.90355
      35.22140      23.90392
      35.23150      23.90427
      35.24170      23.90463
      35.25180      23.90498
      35.26200      23.90533
      35.27220      23.90569
      35.28230      23.90603
      35.29250      23.90638
      35.30270      23.90673
      35.31280      23.90707
      35.32300      23.90741
      35.33320      23.90775
      35.34330      23.90809
      35.35350      23.90842
      35.36370      23.90876
      35.37380      23.90909
      35.38400      23.90942
      35.39420      23.90975
      35.40430      23.91007
      35.41450      23.91040
      35.42460      23.91072
      35.43480      23.91105
      35.44500      23.91137
      35.45510      23.91168
      35.46530      23.91200
      35.47550      23.91232
      35.48560      23.91263
      35.49580      23.91294
      35.50600      23.91325
      35.51610      23.91356
      35.52630      23.91387
      35.53650      23.91417
      35.54660      23.91447
      35.55680      23.91478
      35.56690      23.91508
      35.57710      23.91538
      35.58730      23.91568
      35.59740      23.91597
      35.60760      23.91627
      35.61780      23.91656
      35.62790      23.91685
      35.63810      23.91714
      35.64830      23.91743
      35.65840      23.91772
      35.66860      23.91800
      35.67880      23.91829
      35.68890      23.91857
      35.69910      23.91885
      35.70930      23.91913
      35.71940      23.91941
      35.72960      23.91969
      35.73970      23.91996
      35.74990      23.92023
      35.76010      23.92051
      35.77020      23.92078
      35.78040      23.92105
      35.79060      23.92132
      35.80070      23.92158
      35.81090      23.92185
      35.82110      23.92212
      35.83120      23.92238
      35.84140      23.92264
      35.85160      23.92290
      35.86170      23.92316
      35.87190      23.92342
      35.88200      23.92367
      35.89220      23.92393
      35.90240      23.92418
      35.91250      23.92444
      35.92270      23.92469
      35.93290      23.92494
      35.94300      23.92519
      35.95320      23.92544
      35.96340      23.92569
      35.97350      23.92593
      35.98370      23.92617
      35.99390      23.92642
