! TITLE: Yobs                                                                                                                                                                                                                                                            
! Peak:  1
       6.00860      24.00000
       6.01870      24.00000
       6.02890      24.00000
       6.03910      24.00000
       6.04920      24.00000
       6.05940      24.00000
       6.06960      24.00000
       6.07970      24.00000
       6.08990      24.00000
       6.10010      24.00000
       6.11020      24.00000
       6.12040      24.00000
       6.13060      24.00000
       6.14070      24.00000
       6.15090      24.00000
       6.16110      24.00000
       6.17120      24.00000
       6.18140      24.00000
       6.19150      24.00000
       6.20170      24.00000
       6.21190      24.00000
       6.22200      24.00000
       6.23220      24.00000
       6.24240      24.00000
       6.25250      24.00000
       6.26270      24.00000
       6.27290      24.00000
       6.28300      24.00000
       6.29320      24.00000
       6.30340      24.00000
       6.31350      24.00000
       6.32370      24.00000
       6.33380      24.00000
       6.34400      24.00000
       6.35420      24.00000
       6.36430      24.00000
       6.37450      24.00000
       6.38470      24.00000
       6.39480      24.00000
       6.40500      24.00000
       6.41520      24.00000
       6.42530      24.00000
       6.43550      24.00000
       6.44570      24.00000
       6.45580      24.00000
       6.46600      24.00000
       6.47620      24.00000
       6.48630      24.00000
       6.49650      24.00000
       6.50660      24.00000
       6.51680      24.00000
       6.52700      24.00000
       6.53710      24.00000
       6.54730      24.00000
       6.55750      24.00000
       6.56760      24.00000
       6.57780      24.00000
       6.58800      24.00000
       6.59810      24.00000
       6.60830      24.00000
       6.61850      24.00000
       6.62860      24.00000
       6.63880      24.00000
       6.64890      24.00000
       6.65910      24.00000
       6.66930      24.00000
       6.67940      24.00000
       6.68960      24.00000
       6.69980      24.00000
       6.70990      24.00000
       6.72010      24.00000
       6.73030      24.00000
       6.74040      24.00000
       6.75060      24.00000
       6.76080      24.00000
       6.77090      24.00000
       6.78110      24.00000
       6.79130      24.00000
       6.80140      24.00000
       6.81160      24.00000
       6.82170      24.00000
       6.83190      24.00000
       6.84210      24.00000
       6.85220      24.00000
       6.86240      24.00000
       6.87260      24.00000
       6.88270      24.00000
       6.89290      24.00000
       6.90310      24.00000
       6.91320      24.00000
       6.92340      24.00000
       6.93360      24.00000
       6.94370      24.00000
       6.95390      24.00000
       6.96400      24.00000
       6.97420      24.00000
       6.98440      24.00000
       6.99450      24.00000
       7.00470      24.00000
       7.01490      24.00000
       7.02500      24.00000
       7.03520      24.00000
       7.04540      24.00000
       7.05550      24.00000
       7.06570      24.00000
       7.07590      24.00000
       7.08600      24.00000
       7.09620      24.00000
       7.10640      24.00000
       7.11650      24.00000
       7.12670      24.00000
       7.13680      24.00000
       7.14700      24.00000
       7.15720      24.00000
       7.16730      24.00000
       7.17750      24.00000
       7.18770      24.00000
       7.19780      24.00000
       7.20800      24.00000
       7.21820      24.00000
       7.22830      24.00000
       7.23850      24.00000
       7.24870      24.00000
       7.25880      24.00000
       7.26900      24.00000
       7.27910      24.00000
       7.28930      24.00000
       7.29950      24.00000
       7.30960      24.00000
       7.31980      24.00000
       7.33000      24.00000
       7.34010      24.00000
       7.35030      24.00000
       7.36050      24.00000
       7.37060      24.00000
       7.38080      24.00000
       7.39100      24.00000
       7.40110      24.00000
       7.41130      24.00000
       7.42150      24.00000
       7.43160      24.00000
       7.44180      24.00000
       7.45190      24.00000
       7.46210      24.00000
       7.47230      24.00000
       7.48240      24.00000
       7.49260      24.00000
       7.50280      24.00000
       7.51290      24.00000
       7.52310      24.00000
       7.53330      24.00000
       7.54340      24.00000
       7.55360      24.00000
       7.56380      24.00000
       7.57390      24.00000
       7.58410      24.00000
       7.59420      24.00000
       7.60440      24.00000
       7.61460      24.00000
       7.62470      24.00000
       7.63490      24.00000
       7.64510      24.00000
       7.65520      24.00000
       7.66540      24.00000
       7.67560      24.00000
       7.68570      24.00000
       7.69590      24.00000
       7.70610      24.00000
       7.71620      24.00000
       7.72640      24.00000
       7.73650      24.00000
       7.74670      24.00000
       7.75690      24.00000
       7.76700      24.00000
       7.77720      24.00000
       7.78740      24.00000
       7.79750      24.00000
       7.80770      24.00000
       7.81790      24.00000
       7.82800      24.00000
       7.83820      24.00000
       7.84840      24.00000
       7.85850      24.00000
       7.86870      24.00000
       7.87890      24.00000
       7.88900      24.00000
       7.89920      24.00000
       7.90930      24.00000
       7.91950      24.00000
       7.92970      24.00000
       7.93980      24.00000
       7.95000      24.00000
       7.96020      24.00000
       7.97030      24.00000
       7.98050      24.00000
       7.99070      24.00000
       8.00080      24.00000
       8.01100      24.00000
       8.02120      24.00000
       8.03130      24.00000
       8.04150      24.00000
       8.05160      24.00000
       8.06180      24.00000
       8.07200      24.00000
       8.08210      24.00000
       8.09230      24.00000
       8.10250      24.00000
       8.11260      24.00000
       8.12280      24.00000
       8.13300      24.00000
       8.14310      24.00000
       8.15330      24.00000
       8.16350      24.00000
       8.17360      24.00000
       8.18380      24.00000
       8.19400      24.00000
       8.20410      24.00000
       8.21430      24.00000
       8.22440      24.00000
       8.23460      24.00000
       8.24480      24.00000
       8.25490      24.00000
       8.26510      24.00000
       8.27530      24.00000
       8.28540      24.00000
       8.29560      24.00000
       8.30580      24.00000
       8.31590      24.00000
       8.32610      24.00000
       8.33630      24.00000
       8.34640      24.00000
       8.35660      24.00000
       8.36670      24.00000
       8.37690      24.00000
       8.38710      24.00000
       8.39720      24.00000
       8.40740      24.00000
       8.41760      24.00000
       8.42770      24.00000
       8.43790      24.00000
       8.44810      24.00000
       8.45820      24.00000
       8.46840      24.00000
       8.47860      24.00000
       8.48870      24.00000
       8.49890      24.00000
       8.50910      24.05169
       8.51920      24.05179
       8.52940      24.05190
       8.53950      24.05200
       8.54970      24.05210
       8.55990      24.05221
       8.57000      24.05231
       8.58020      24.05242
       8.59040      24.05252
       8.60050      24.05263
       8.61070      24.05274
       8.62090      24.05285
       8.63100      24.05295
       8.64120      24.05306
       8.65140      24.05317
       8.66150      24.05327
       8.67170      24.05338
       8.68180      24.05349
       8.69200      24.05360
       8.70220      24.05371
       8.71230      24.05382
       8.72250      24.05393
       8.73270      24.05404
       8.74280      24.05415
       8.75300      24.05426
       8.76320      24.05437
       8.77330      24.05448
       8.78350      24.05460
       8.79370      24.05471
       8.80380      24.05482
       8.81400      24.05493
       8.82420      24.05505
       8.83430      24.05516
       8.84450      24.05527
       8.85460      24.05539
       8.86480      24.05551
       8.87500      24.05562
       8.88510      24.05573
       8.89530      24.05585
       8.90550      24.05597
       8.91560      24.05608
       8.92580      24.05620
       8.93600      24.05632
       8.94610      24.05644
       8.95630      24.05655
       8.96650      24.05667
       8.97660      24.05679
       8.98680      24.05691
       8.99690      24.05703
       9.00710      24.05715
       9.01730      24.05727
       9.02740      24.05739
       9.03760      24.05751
       9.04780      24.05763
       9.05790      24.05776
       9.06810      24.05788
       9.07830      24.05800
       9.08840      24.05812
       9.09860      24.05825
       9.10880      24.05837
       9.11890      24.05850
       9.12910      24.05862
       9.13930      24.05875
       9.14940      24.05887
       9.15960      24.05900
       9.16970      24.05912
       9.17990      24.05925
       9.19010      24.05938
       9.20020      24.05950
       9.21040      24.05963
       9.22060      24.05976
       9.23070      24.05989
       9.24090      24.06002
       9.25110      24.06015
       9.26120      24.06028
       9.27140      24.06041
       9.28160      24.06054
       9.29170      24.06067
       9.30190      24.06080
       9.31200      24.06093
       9.32220      24.06107
       9.33240      24.06120
       9.34250      24.06133
       9.35270      24.06147
       9.36290      24.06160
       9.37300      24.06174
       9.38320      24.06187
       9.39340      24.06201
       9.40350      24.06214
       9.41370      24.06228
       9.42390      24.06242
       9.43400      24.06255
       9.44420      24.06269
       9.45440      24.06283
       9.46450      24.06297
       9.47470      24.06311
       9.48480      24.06325
       9.49500      24.06339
       9.50520      24.06353
       9.51530      24.06367
       9.52550      24.06381
       9.53570      24.06395
       9.54580      24.06409
       9.55600      24.06424
       9.56620      24.06438
       9.57630      24.06452
       9.58650      24.06467
       9.59670      24.06481
       9.60680      24.06496
       9.61700      24.06511
       9.62710      24.06525
       9.63730      24.06540
       9.64750      24.06555
       9.65760      24.06569
       9.66780      24.06584
       9.67800      24.06599
       9.68810      24.06614
       9.69830      24.06629
       9.70850      24.06644
       9.71860      24.06659
       9.72880      24.06674
       9.73900      24.06689
       9.74910      24.06705
       9.75930      24.06720
       9.76940      24.06735
       9.77960      24.06751
       9.78980      24.06766
       9.79990      24.06782
       9.81010      24.06797
       9.82030      24.06813
       9.83040      24.06828
       9.84060      24.06844
       9.85080      24.06860
       9.86090      24.06876
       9.87110      24.06892
       9.88130      24.06908
       9.89140      24.06923
       9.90160      24.06940
       9.91180      24.06956
       9.92190      24.06972
       9.93210      24.06988
       9.94220      24.07004
       9.95240      24.07021
       9.96260      24.07037
       9.97270      24.07054
       9.98290      24.07070
       9.99310      24.07087
      10.00320      24.07103
      10.01340      24.07120
      10.02360      24.07137
      10.03370      24.07153
      10.04390      24.07170
      10.05410      24.07187
      10.06420      24.07204
      10.07440      24.07221
      10.08450      24.07238
      10.09470      24.07255
      10.10490      24.07273
      10.11500      24.07290
      10.12520      24.07307
      10.13540      24.07325
      10.14550      24.07342
      10.15570      24.07360
      10.16590      24.07377
      10.17600      24.07395
      10.18620      24.07413
      10.19640      24.07430
      10.20650      24.07448
      10.21670      24.07466
      10.22690      24.07484
      10.23700      24.07502
      10.24720      24.07520
      10.25730      24.07538
      10.26750      24.07557
      10.27770      24.07575
      10.28780      24.07593
      10.29800      24.07612
      10.30820      24.07630
      10.31830      24.07649
      10.32850      24.07668
      10.33870      24.07686
      10.34880      24.07705
      10.35900      24.07724
      10.36920      24.07743
      10.37930      24.07762
      10.38950      24.07781
      10.39960      24.07800
      10.40980      24.07819
      10.42000      24.07838
      10.43010      24.07858
      10.44030      24.07877
      10.45050      24.07897
      10.46060      24.07916
      10.47080      24.07936
      10.48100      24.07955
      10.49110      24.07975
      10.50130      24.07995
      10.51150      24.08015
      10.52160      24.08035
      10.53180      24.08055
      10.54200      24.08075
      10.55210      24.08095
      10.56230      24.08116
      10.57240      24.08136
      10.58260      24.08156
      10.59280      24.08177
      10.60290      24.08197
      10.61310      24.08218
      10.62330      24.08239
      10.63340      24.08260
      10.64360      24.08281
      10.65380      24.08302
      10.66390      24.08323
      10.67410      24.08344
      10.68430      24.08365
      10.69440      24.08386
      10.70460      24.08408
      10.71470      24.08429
      10.72490      24.08451
      10.73510      24.08472
      10.74520      24.08494
      10.75540      24.08516
      10.76560      24.08538
      10.77570      24.08560
      10.78590      24.08582
      10.79610      24.08604
      10.80620      24.08626
      10.81640      24.08649
      10.82660      24.08671
      10.83670      24.08694
      10.84690      24.08716
      10.85710      24.08739
      10.86720      24.08761
      10.87740      24.08784
      10.88750      24.08807
      10.89770      24.08830
      10.90790      24.08854
      10.91800      24.08876
      10.92820      24.08900
      10.93840      24.08923
      10.94850      24.08947
      10.95870      24.08970
      10.96890      24.08994
      10.97900      24.09018
      10.98920      24.09042
      10.99940      24.09066
      11.00950      24.09089
      11.01970      24.09114
      11.02980      24.09138
      11.04000      24.09162
      11.05020      24.09187
      11.06030      24.09211
      11.07050      24.09236
      11.08070      24.09261
      11.09080      24.09285
      11.10100      24.09310
      11.11120      24.09336
      11.12130      24.09360
      11.13150      24.09386
      11.14170      24.09411
      11.15180      24.09436
      11.16200      24.09462
      11.17220      24.09488
      11.18230      24.09513
      11.19250      24.09539
      11.20260      24.09565
      11.21280      24.09591
      11.22300      24.09617
      11.23310      24.09644
      11.24330      24.09670
      11.25350      24.09697
      11.26360      24.09723
      11.27380      24.09750
      11.28400      24.09777
      11.29410      24.09804
      11.30430      24.09831
      11.31450      24.09858
      11.32460      24.09885
      11.33480      24.09912
      11.34490      24.09940
      11.35510      24.09967
      11.36530      24.09995
      11.37540      24.10023
      11.38560      24.10051
      11.39580      24.10079
      11.40590      24.10107
      11.41610      24.10135
      11.42630      24.10164
      11.43640      24.10192
      11.44660      24.10221
      11.45680      24.10250
      11.46690      24.10279
      11.47710      24.10308
      11.48730      24.10337
      11.49740      24.10366
      11.50760      24.10396
      11.51770      24.10425
      11.52790      24.10455
      11.53810      24.10485
      11.54820      24.10514
      11.55840      24.10545
      11.56860      24.10575
      11.57870      24.10605
      11.58890      24.10635
      11.59910      24.10666
      11.60920      24.10697
      11.61940      24.10728
      11.62960      24.10759
      11.63970      24.10789
      11.64990      24.10821
      11.66000      24.10852
      11.67020      24.10884
      11.68040      24.10915
      11.69050      24.10947
      11.70070      24.10979
      11.71090      24.11011
      11.72100      24.11043
      11.73120      24.11075
      11.74140      24.11108
      11.75150      24.11140
      11.76170      24.11173
      11.77190      24.11206
      11.78200      24.11239
      11.79220      24.11272
      11.80230      24.11305
      11.81250      24.11339
      11.82270      24.11373
      11.83280      24.11406
      11.84300      24.11440
      11.85320      24.11475
      11.86330      24.11509
      11.87350      24.11543
      11.88370      24.11578
      11.89380      24.11612
      11.90400      24.11647
      11.91420      24.11682
      11.92430      24.11717
      11.93450      24.11753
      11.94470      24.11788
      11.95480      24.11824
      11.96500      24.11860
      11.97510      24.11895
      11.98530      24.11932
      11.99550      24.11968
      12.00560      24.12004
      12.01580      24.12041
      12.02600      24.12078
      12.03610      24.12115
      12.04630      24.12152
      12.05650      24.12189
      12.06660      24.12227
      12.07680      24.12264
      12.08700      24.12302
      12.09710      24.12340
      12.10730      24.12379
      12.11740      24.12417
      12.12760      24.12455
      12.13780      24.12494
      12.14790      24.12533
      12.15810      24.12572
      12.16830      24.12611
      12.17840      24.12650
      12.18860      24.12690
      12.19880      24.12730
      12.20890      24.12770
      12.21910      24.12810
      12.22930      24.12851
      12.23940      24.12891
      12.24960      24.12932
      12.25980      24.12973
      12.26990      24.13014
      12.28010      24.13056
      12.29020      24.13097
      12.30040      24.13139
      12.31060      24.13181
      12.32070      24.13223
      12.33090      24.13265
      12.34110      24.13308
      12.35120      24.13350
      12.36140      24.13393
      12.37160      24.13437
      12.38170      24.13480
      12.39190      24.13524
      12.40210      24.13568
      12.41220      24.13611
      12.42240      24.13656
      12.43250      24.13700
      12.44270      24.13745
      12.45290      24.13790
      12.46300      24.13834
      12.47320      24.13880
      12.48340      24.13926
      12.49350      24.13971
      12.50370      24.14017
      12.51390      24.14064
      12.52400      24.14110
      12.53420      24.14157
      12.54440      24.14204
      12.55450      24.14251
      12.56470      24.14298
      12.57490      24.14346
      12.58500      24.14393
      12.59520      24.14441
      12.60530      24.14490
      12.61550      24.14538
      12.62570      24.14587
      12.63580      24.14636
      12.64600      24.14686
      12.65620      24.14735
      12.66630      24.14785
      12.67650      24.14835
      12.68670      24.14886
      12.69680      24.14936
      12.70700      24.14987
      12.71720      24.15038
      12.72730      24.15089
      12.73750      24.15141
      12.74760      24.15192
      12.75780      24.15245
      12.76800      24.15297
      12.77810      24.15350
      12.78830      24.15403
      12.79850      24.15456
      12.80860      24.15509
      12.81880      24.15563
      12.82900      24.15618
      12.83910      24.15672
      12.84930      24.15726
      12.85950      24.15781
      12.86960      24.15836
      12.87980      24.15892
      12.89000      24.15948
      12.90010      24.16004
      12.91030      24.16060
      12.92040      24.16117
      12.93060      24.16174
      12.94080      24.16231
      12.95090      24.16288
      12.96110      24.16346
      12.97130      24.16405
      12.98140      24.16463
      12.99160      24.16522
      13.00180      24.16581
      13.01190      24.16640
      13.02210      24.16700
      13.03230      24.16761
      13.04240      24.16821
      13.05260      24.16882
      13.06270      24.16942
      13.07290      24.17004
      13.08310      24.17066
      13.09320      24.17128
      13.10340      24.17190
      13.11360      24.17253
      13.12370      24.17316
      13.13390      24.17379
      13.14410      24.17443
      13.15420      24.17507
      13.16440      24.17572
      13.17460      24.17637
      13.18470      24.17702
      13.19490      24.17768
      13.20510      24.17834
      13.21520      24.17900
      13.22540      24.17966
      13.23550      24.18033
      13.24570      24.18101
      13.25590      24.18169
      13.26600      24.18237
      13.27620      24.18305
      13.28640      24.18374
      13.29650      24.18443
      13.30670      24.18513
      13.31690      24.18584
      13.32700      24.18654
      13.33720      24.18725
      13.34740      24.18797
      13.35750      24.18868
      13.36770      24.18940
      13.37780      24.19012
      13.38800      24.19086
      13.39820      24.19159
      13.40830      24.19233
      13.41850      24.19307
      13.42870      24.19382
      13.43880      24.19457
      13.44900      24.19532
      13.45920      24.19609
      13.46930      24.19685
      13.47950      24.19762
      13.48970      24.19839
      13.49980      24.19917
      13.51000      24.19995
      13.52010      24.20073
      13.53030      24.20153
      13.54050      24.20233
      13.55060      24.20312
      13.56080      24.20393
      13.57100      24.20474
      13.58110      24.20555
      13.59130      24.20638
      13.60150      24.20721
      13.61160      24.20803
      13.62180      24.20887
      13.63200      24.20971
      13.64210      24.21055
      13.65230      24.21140
      13.66250      24.21226
      13.67260      24.21312
      13.68280      24.21399
      13.69290      24.21485
      13.70310      24.21573
      13.71330      24.21662
      13.72340      24.21750
      13.73360      24.21840
      13.74380      24.21930
      13.75390      24.22019
      13.76410      24.22111
      13.77430      24.22202
      13.78440      24.22294
      13.79460      24.22387
      13.80480      24.22480
      13.81490      24.22574
      13.82510      24.22668
      13.83520      24.22763
      13.84540      24.22859
      13.85560      24.22955
      13.86570      24.23051
      13.87590      24.23149
      13.88610      24.23247
      13.89620      24.23345
      13.90640      24.23445
      13.91660      24.23545
      13.92670      24.23645
      13.93690      24.23747
      13.94710      24.23849
      13.95720      24.23951
      13.96740      24.24054
      13.97760      24.24158
      13.98770      24.24262
      13.99790      24.24368
      14.00800      24.24473
      14.01820      24.24580
      14.02840      24.24687
      14.03850      24.24794
      14.04870      24.24903
      14.05890      24.25013
      14.06900      24.25122
      14.07920      24.25234
      14.08940      24.25346
      14.09950      24.25457
      14.10970      24.25570
      14.11990      24.25685
      14.13000      24.25798
      14.14020      24.25914
      14.15030      24.26029
      14.16050      24.26147
      14.17070      24.26265
      14.18080      24.26382
      14.19100      24.26502
      14.20120      24.26622
      14.21130      24.26743
      14.22150      24.26865
      14.23170      24.26987
      14.24180      24.27110
      14.25200      24.27235
      14.26220      24.27360
      14.27230      24.27485
      14.28250      24.27612
      14.29270      24.27740
      14.30280      24.27868
      14.31300      24.27998
      14.32310      24.28127
      14.33330      24.28259
      14.34350      24.28392
      14.35360      24.28524
      14.36380      24.28658
      14.37400      24.28794
      14.38410      24.28929
      14.39430      24.29066
      14.40450      24.29204
      14.41460      24.29342
      14.42480      24.29483
      14.43500      24.29624
      14.44510      24.29765
      14.45530      24.29908
      14.46540      24.30051
      14.47560      24.30196
      14.48580      24.30343
      14.49590      24.30489
      14.50610      24.30637
      14.51630      24.30787
      14.52640      24.30936
      14.53660      24.31088
      14.54680      24.31241
      14.55690      24.31394
      14.56710      24.31549
      14.57730      24.31705
      14.58740      24.31861
      14.59760      24.32020
      14.60780      24.32180
      14.61790      24.32339
      14.62810      24.32501
      14.63820      24.32663
      14.64840      24.32828
      14.65860      24.32994
      14.66870      24.33159
      14.67890      24.33328
      14.68910      24.33497
      14.69920      24.33667
      14.70940      24.33839
      14.71960      24.34013
      14.72970      24.34186
      14.73990      24.34362
      14.75010      24.34540
      14.76020      24.34717
      14.77040      24.34898
      14.78050      24.35078
      14.79070      24.35261
      14.80090      24.35446
      14.81100      24.35630
      14.82120      24.35818
      14.83140      24.36007
      14.84150      24.36195
      14.85170      24.36387
      14.86190      24.36581
      14.87200      24.36774
      14.88220      24.36971
      14.89240      24.37169
      14.90250      24.37367
      14.91270      24.37568
      14.92290      24.37771
      14.93300      24.37974
      14.94320      24.38180
      14.95330      24.38386
      14.96350      24.38596
      14.97370      24.38807
      14.98380      24.39018
      14.99400      24.39233
      15.00420      24.39450
      15.01430      24.39666
      15.02450      24.39886
      15.03470      24.40109
      15.04480      24.40330
      15.05500      24.40556
      15.06520      24.40784
      15.07530      24.41011
      15.08550      24.41243
      15.09560      24.41474
      15.10580      24.41709
      15.11600      24.41947
      15.12610      24.42184
      15.13630      24.42425
      15.14650      24.42669
      15.15660      24.42912
      15.16680      24.43160
      15.17700      24.43410
      15.18710      24.43659
      15.19730      24.43913
      15.20750      24.44170
      15.21760      24.44426
      15.22780      24.44687
      15.23800      24.44950
      15.24810      24.45213
      15.25830      24.45481
      15.26840      24.45748
      15.27860      24.46021
      15.28880      24.46296
      15.29890      24.46571
      15.30910      24.46851
      15.31930      24.47133
      15.32940      24.47415
      15.33960      24.47703
      15.34980      24.47993
      15.35990      24.48283
      15.37010      24.48579
      15.38030      24.48877
      15.39040      24.49175
      15.40060      24.49479
      15.41070      24.49782
      15.42090      24.50091
      15.43110      24.50404
      15.44120      24.50716
      15.45140      24.51034
      15.46160      24.51355
      15.47170      24.51675
      15.48190      24.52003
      15.49210      24.52333
      15.50220      24.52663
      15.51240      24.52999
      15.52260      24.53339
      15.53270      24.53678
      15.54290      24.54024
      15.55300      24.54370
      15.56320      24.54723
      15.57340      24.55080
      15.58350      24.55436
      15.59370      24.55799
      15.60390      24.56166
      15.61400      24.56533
      15.62420      24.56907
      15.63440      24.57284
      15.64450      24.57662
      15.65470      24.58047
      15.66490      24.58436
      15.67500      24.58825
      15.68520      24.59222
      15.69540      24.59623
      15.70550      24.60024
      15.71570      24.60433
      15.72580      24.60843
      15.73600      24.61260
      15.74620      24.61682
      15.75630      24.62103
      15.76650      24.62534
      15.77670      24.62969
      15.78680      24.63404
      15.79700      24.63848
      15.80720      24.64296
      15.81730      24.64745
      15.82750      24.65203
      15.83770      24.65666
      15.84780      24.66129
      15.85800      24.66602
      15.86810      24.67074
      15.87830      24.67557
      15.88850      24.68045
      15.89860      24.68534
      15.90880      24.69032
      15.91900      24.69536
      15.92910      24.70041
      15.93930      24.70555
      15.94950      24.71076
      15.95960      24.71597
      15.96980      24.72129
      15.98000      24.72668
      15.99010      24.73206
      16.00030      24.73756
      16.01050      24.74313
      16.02060      24.74869
      16.03080      24.75438
      16.04090      24.76008
      16.05110      24.76590
      16.06130      24.77178
      16.07140      24.77767
      16.08160      24.78369
      16.09180      24.78978
      16.10190      24.79588
      16.11210      24.80211
      16.12230      24.80841
      16.13240      24.81473
      16.14260      24.82118
      16.15280      24.82771
      16.16290      24.83425
      16.17310      24.84093
      16.18320      24.84763
      16.19340      24.85447
      16.20360      24.86140
      16.21370      24.86834
      16.22390      24.87543
      16.23410      24.88261
      16.24420      24.88981
      16.25440      24.89717
      16.26460      24.90462
      16.27470      24.91208
      16.28490      24.91971
      16.29510      24.92744
      16.30520      24.93519
      16.31540      24.94311
      16.32560      24.95113
      16.33570      24.95918
      16.34590      24.96740
      16.35600      24.97565
      16.36620      24.98409
      16.37640      24.99264
      16.38650      25.00121
      16.39670      25.00998
      16.40690      25.01886
      16.41700      25.02777
      16.42720      25.03688
      16.43740      25.04612
      16.44750      25.05539
      16.45770      25.06487
      16.46790      25.07448
      16.47800      25.08412
      16.48820      25.09399
      16.49830      25.10390
      16.50850      25.11403
      16.51870      25.12431
      16.52880      25.13462
      16.53900      25.14519
      16.54920      25.15589
      16.55930      25.16664
      16.56950      25.17764
      16.57970      25.18880
      16.58980      25.20001
      16.60000      25.21149
      16.61020      25.22313
      16.62030      25.23482
      16.63050      25.24679
      16.64070      25.25893
      16.65080      25.27114
      16.66100      25.28363
      16.67110      25.29619
      16.68130      25.30906
      16.69150      25.32211
      16.70160      25.33523
      16.71180      25.34868
      16.72200      25.36233
      16.73210      25.37605
      16.74230      25.39011
      16.75250      25.40438
      16.76260      25.41873
      16.77280      25.43345
      16.78300      25.44839
      16.79310      25.46341
      16.80330      25.47882
      16.81340      25.49431
      16.82360      25.51021
      16.83380      25.52635
      16.84390      25.54260
      16.85410      25.55926
      16.86430      25.57620
      16.87440      25.59324
      16.88460      25.61073
      16.89480      25.62851
      16.90490      25.64640
      16.91510      25.66477
      16.92530      25.68346
      16.93540      25.70227
      16.94560      25.72159
      16.95580      25.74124
      16.96590      25.76104
      16.97610      25.78139
      16.98620      25.80189
      16.99640      25.82296
      17.00660      25.84441
      17.01670      25.86604
      17.02690      25.88828
      17.03710      25.91094
      17.04720      25.93380
      17.05740      25.95733
      17.06760      25.98132
      17.07770      26.00553
      17.08790      26.03047
      17.09810      26.05593
      17.10820      26.08164
      17.11840      26.10816
      17.12850      26.13497
      17.13870      26.16264
      17.14890      26.19092
      17.15900      26.21957
      17.16920      26.24916
      17.17940      26.27945
      17.18950      26.31017
      17.19970      26.34195
      17.20990      26.37455
      17.22000      26.40767
      17.23020      26.44200
      17.24040      26.47728
      17.25050      26.51319
      17.26070      26.55051
      17.27090      26.58894
      17.28100      26.62815
      17.29120      26.66899
      17.30130      26.71074
      17.31150      26.75431
      17.32170      26.79937
      17.33180      26.84557
      17.34200      26.89391
      17.35220      26.94407
      17.36230      26.99565
      17.37250      27.04978
      17.38270      27.10613
      17.39280      27.16425
      17.40300      27.22545
      17.41320      27.28935
      17.42330      27.35546
      17.43350      27.42531
      17.44360      27.49772
      17.45380      27.57438
      17.46400      27.65483
      17.47410      27.73846
      17.48430      27.82726
      17.49450      27.92068
      17.50460      28.01810
      17.51480      28.12174
      17.52500      28.23108
      17.53510      28.34534
      17.54530      28.46716
      17.55550      28.59592
      17.56560      28.73069
      17.57580      28.87466
      17.58590      29.02549
      17.59610      29.18674
      17.60630      29.35753
      17.61640      29.53663
      17.62660      29.72826
      17.63680      29.93137
      17.64690      30.14446
      17.65710      30.37255
      17.66730      30.61428
      17.67740      30.86801
      17.68760      31.13945
      17.69780      31.42717
      17.70790      31.72894
      17.71810      32.05172
      17.72830      32.39359
      17.73840      32.75185
      17.74860      33.13474
      17.75870      33.53571
      17.76890      33.96391
      17.77910      34.41656
      17.78920      34.88998
      17.79940      35.39482
      17.80960      35.92769
      17.81970      36.48412
      17.82990      37.07650
      17.84010      37.70055
      17.85020      38.35124
      17.86040      39.04239
      17.87060      39.76934
      17.88070      40.52549
      17.89090      41.32729
      17.90100      42.16008
      17.91120      43.04184
      17.92140      43.96566
      17.93150      44.92298
      17.94170      45.93418
      17.95190      46.99105
      17.96200      48.08356
      17.97220      49.23466
      17.98240      50.43467
      17.99250      51.67193
      18.00270      52.97210
      18.01290      54.32362
      18.02300      55.71384
      18.03320      57.17017
      18.04340      58.68036
      18.05350      60.22879
      18.06370      61.84684
      18.07380      63.50266
      18.08400      65.22951
      18.09420      67.01107
      18.10430      68.82871
      18.11450      70.71854
      18.12470      72.66219
      18.13480      74.63898
      18.14500      76.68777
      18.15520      78.78768
      18.16530      80.91727
      18.17550      83.11668
      18.18570      85.36337
      18.19580      87.63406
      18.20600      89.97063
      18.21610      92.32659
      18.22630      94.74509
      18.23650      97.20173
      18.24660      99.66860
      18.25680     102.19234
      18.26700     104.74545
      18.27710     107.29904
      18.28730     109.90091
      18.29750     112.52206
      18.30760     115.13253
      18.31780     117.78068
      18.32800     120.43578
      18.33810     123.06869
      18.34830     125.72614
      18.35850     128.37711
      18.36860     130.99213
      18.37880     133.61659
      18.38890     136.19540
      18.39910     138.77292
      18.40930     141.31924
      18.41940     143.80362
      18.42960     146.27013
      18.43980     148.68790
      18.44990     151.02789
      18.46010     153.33105
      18.47030     155.56766
      18.48040     157.71059
      18.49060     159.79675
      18.50080     161.79793
      18.51090     163.69078
      18.52110     165.50598
      18.53120     167.20323
      18.54140     168.81000
      18.55160     170.30345
      18.56170     171.66624
      18.57190     172.91980
      18.58210     174.04616
      18.59220     175.03168
      18.60240     175.89241
      18.61260     176.61458
      18.62270     177.19031
      18.63290     177.62892
      18.64310     177.92218
      18.65320     178.06821
      18.66340     178.06932
      18.67360     177.92342
      18.68370     177.63452
      18.69390     177.19823
      18.70400     176.62456
      18.71420     175.90469
      18.72440     175.04607
      18.73450     174.06239
      18.74470     172.93826
      18.75490     171.68642
      18.76500     170.32571
      18.77520     168.83376
      18.78540     167.22868
      18.79550     165.53337
      18.80570     163.71936
      18.81590     161.80890
      18.82600     159.82808
      18.83620     157.74318
      18.84630     155.60141
      18.85650     153.36588
      18.86670     151.06412
      18.87680     148.72456
      18.88700     146.30803
      18.89720     143.84225
      18.90730     141.35800
      18.91750     138.81270
      18.92770     136.23514
      18.93780     133.65718
      18.94800     131.03250
      18.95820     128.39194
      18.96830     125.76685
      18.97850     123.10945
      18.98870     120.45069
      18.99880     117.82135
      19.00900     115.17305
      19.01910     112.56237
      19.02930     109.94096
      19.03950     107.33926
      19.04960     104.78480
      19.05980     102.23175
      19.07000      99.70753
      19.08010      97.24014
      19.09030      94.78294
      19.10050      92.36338
      19.11060      90.00725
      19.12080      87.66956
      19.13100      85.37611
      19.14110      83.15077
      19.15130      80.95061
      19.16140      78.82069
      19.17160      76.71959
      19.18180      74.67001
      19.19190      72.69240
      19.20210      70.74794
      19.21230      68.85764
      19.22240      67.03881
      19.23260      65.25674
      19.24280      63.52904
      19.25290      61.87239
      19.26310      60.25349
      19.27330      58.68898
      19.28340      57.19320
      19.29360      55.73577
      19.30380      54.33135
      19.31390      52.99244
      19.32410      51.69148
      19.33420      50.45346
      19.34440      49.25269
      19.35460      48.10085
      19.36470      47.00762
      19.37490      45.95004
      19.38510      44.93833
      19.39520      43.98016
      19.40540      43.05585
      19.41560      42.17345
      19.42570      41.34003
      19.43590      40.53764
      19.44610      39.77352
      19.45620      39.05340
      19.46640      38.36158
      19.47650      37.71049
      19.48670      37.08583
      19.49690      36.49297
      19.50700      35.93609
      19.51720      35.40277
      19.52740      34.89760
      19.53750      34.42369
      19.54770      33.97066
      19.55790      33.54218
      19.56800      33.14078
      19.57820      32.75763
      19.58840      32.39556
      19.59850      32.05688
      19.60870      31.73380
      19.61880      31.43177
      19.62900      31.14379
      19.63920      30.87205
      19.64930      30.61815
      19.65950      30.37615
      19.66970      30.14786
      19.67980      29.93458
      19.69000      29.73129
      19.70020      29.53952
      19.71030      29.36023
      19.72050      29.18928
      19.73070      29.02792
      19.74080      28.87694
      19.75100      28.73287
      19.76120      28.59666
      19.77130      28.46910
      19.78150      28.34716
      19.79160      28.23283
      19.80180      28.12339
      19.81200      28.01965
      19.82210      27.92216
      19.83230      27.82866
      19.84250      27.73979
      19.85260      27.65609
      19.86280      27.57559
      19.87300      27.49889
      19.88310      27.42641
      19.89330      27.35653
      19.90350      27.28972
      19.91360      27.22641
      19.92380      27.16518
      19.93390      27.10701
      19.94410      27.05064
      19.95430      26.99647
      19.96440      26.94486
      19.97460      26.89467
      19.98480      26.84630
      19.99490      26.80008
      20.00510      26.75499
      20.01530      26.71140
      20.02540      26.66963
      20.03560      26.62876
      20.04580      26.58916
      20.05590      26.55109
      20.06610      26.51376
      20.07630      26.47748
      20.08640      26.44254
      20.09660      26.40819
      20.10670      26.37506
      20.11690      26.34245
      20.12710      26.31065
      20.13720      26.27992
      20.14740      26.24962
      20.15760      26.22002
      20.16770      26.19137
      20.17790      26.16307
      20.18810      26.13539
      20.19820      26.10857
      20.20840      26.08204
      20.21860      26.05607
      20.22870      26.03086
      20.23890      26.00591
      20.24900      25.98169
      20.25920      25.95770
      20.26940      25.93416
      20.27950      25.91130
      20.28970      25.88863
      20.29990      25.86638
      20.31000      25.84475
      20.32020      25.82329
      20.33040      25.80221
      20.34050      25.78170
      20.35070      25.76135
      20.36090      25.74135
      20.37100      25.72189
      20.38120      25.70256
      20.39140      25.68356
      20.40150      25.66506
      20.41170      25.64668
      20.42180      25.62878
      20.43200      25.61100
      20.44220      25.59351
      20.45230      25.57646
      20.46250      25.55952
      20.47270      25.54285
      20.48280      25.52661
      20.49300      25.51045
      20.50320      25.49456
      20.51330      25.47906
      20.52350      25.46365
      20.53370      25.44847
      20.54380      25.43368
      20.55400      25.41896
      20.56410      25.40460
      20.57430      25.39033
      20.58450      25.37626
      20.59460      25.36254
      20.60480      25.34889
      20.61500      25.33544
      20.62510      25.32232
      20.63530      25.30926
      20.64550      25.29639
      20.65560      25.28383
      20.66580      25.27133
      20.67600      25.25900
      20.68610      25.24697
      20.69630      25.23500
      20.70650      25.22319
      20.71660      25.21166
      20.72680      25.20019
      20.73690      25.18898
      20.74710      25.17781
      20.75730      25.16681
      20.76740      25.15606
      20.77760      25.14535
      20.78780      25.13479
      20.79790      25.12447
      20.80810      25.11419
      20.81830      25.10405
      20.82840      25.09415
      20.83860      25.08427
      20.84880      25.07454
      20.85890      25.06502
      20.86910      25.05553
      20.87920      25.04626
      20.88940      25.03703
      20.89960      25.02791
      20.90970      25.01900
      20.91990      25.01011
      20.93010      25.00134
      20.94020      24.99277
      20.95040      24.98422
      20.96060      24.97578
      20.97070      24.96753
      20.98090      24.95930
      20.99110      24.95118
      21.00120      24.94323
      21.01140      24.93531
      21.02160      24.92748
      21.03170      24.91983
      21.04190      24.91220
      21.05200      24.90473
      21.06220      24.89728
      21.07240      24.88992
      21.08250      24.88272
      21.09270      24.87554
      21.10290      24.86845
      21.11300      24.86150
      21.12320      24.85458
      21.13340      24.84773
      21.14350      24.84104
      21.15370      24.83435
      21.16390      24.82775
      21.17400      24.82128
      21.18420      24.81483
      21.19430      24.80851
      21.20450      24.80221
      21.21470      24.79597
      21.22480      24.78988
      21.23500      24.78378
      21.24520      24.77777
      21.25530      24.77187
      21.26550      24.76599
      21.27570      24.76017
      21.28580      24.75447
      21.29600      24.74878
      21.30620      24.74316
      21.31630      24.73765
      21.32650      24.73215
      21.33660      24.72676
      21.34680      24.72138
      21.35700      24.71605
      21.36710      24.71084
      21.37730      24.70564
      21.38750      24.70048
      21.39760      24.69544
      21.40780      24.69040
      21.41800      24.68541
      21.42810      24.68053
      21.43830      24.67565
      21.44850      24.67082
      21.45860      24.66609
      21.46880      24.66136
      21.47900      24.65668
      21.48910      24.65210
      21.49930      24.64752
      21.50940      24.64303
      21.51960      24.63854
      21.52980      24.63410
      21.53990      24.62975
      21.55010      24.62540
      21.56030      24.62110
      21.57040      24.61688
      21.58060      24.61266
      21.59080      24.60849
      21.60090      24.60440
      21.61110      24.60031
      21.62130      24.59626
      21.63140      24.59229
      21.64160      24.58832
      21.65170      24.58442
      21.66190      24.58053
      21.67210      24.57668
      21.68220      24.57290
      21.69240      24.56912
      21.70260      24.56538
      21.71270      24.56172
      21.72290      24.55805
      21.73310      24.55441
      21.74320      24.55085
      21.75340      24.54729
      21.76360      24.54376
      21.77370      24.54030
      21.78390      24.53683
      21.79410      24.53341
      21.80420      24.53004
      21.81440      24.52668
      21.82450      24.52338
      21.83470      24.52007
      21.84490      24.51680
      21.85500      24.51360
      21.86520      24.51039
      21.87540      24.50720
      21.88550      24.50408
      21.89570      24.50096
      21.90590      24.49787
      21.91600      24.49483
      21.92620      24.49179
      21.93640      24.48879
      21.94650      24.48583
      21.95670      24.48288
      21.96680      24.47998
      21.97700      24.47708
      21.98720      24.47420
      21.99730      24.47138
      22.00750      24.46855
      22.01770      24.46575
      22.02780      24.46300
      22.03800      24.46025
      22.04820      24.45753
      22.05830      24.45485
      22.06850      24.45217
      22.07870      24.44951
      22.08880      24.44691
      22.09900      24.44430
      22.10920      24.44171
      22.11930      24.43917
      22.12950      24.43663
      22.13960      24.43413
      22.14980      24.43163
      22.16000      24.42916
      22.17010      24.42673
      22.18030      24.42429
      22.19050      24.42188
      22.20060      24.41950
      22.21080      24.41713
      22.22100      24.41477
      22.23110      24.41246
      22.24130      24.41015
      22.25150      24.40785
      22.26160      24.40560
      22.27180      24.40334
      22.28190      24.40112
      22.29210      24.39890
      22.30230      24.39670
      22.31240      24.39453
      22.32260      24.39237
      22.33280      24.39022
      22.34290      24.38811
      22.35310      24.38599
      22.36330      24.38390
      22.37340      24.38184
      22.38360      24.37977
      22.39380      24.37773
      22.40390      24.37571
      22.41410      24.37370
      22.42430      24.37170
      22.43440      24.36974
      22.44460      24.36777
      22.45470      24.36584
      22.46490      24.36390
      22.47510      24.36198
      22.48520      24.36010
      22.49540      24.35821
      22.50560      24.35633
      22.51570      24.35449
      22.52590      24.35264
      22.53610      24.35081
      22.54620      24.34901
      22.55640      24.34720
      22.56660      24.34541
      22.57670      24.34365
      22.58690      24.34189
      22.59700      24.34015
      22.60720      24.33842
      22.61740      24.33669
      22.62750      24.33500
      22.63770      24.33330
      22.64790      24.33162
      22.65800      24.32996
      22.66820      24.32830
      22.67840      24.32666
      22.68850      24.32504
      22.69870      24.32342
      22.70890      24.32180
      22.71900      24.32022
      22.72920      24.31863
      22.73940      24.31706
      22.74950      24.31551
      22.75970      24.31396
      22.76980      24.31243
      22.78000      24.31090
      22.79020      24.30939
      22.80030      24.30789
      22.81050      24.30640
      22.82070      24.30491
      22.83080      24.30345
      22.84100      24.30198
      22.85120      24.30053
      22.86130      24.29910
      22.87150      24.29767
      22.88170      24.29625
      22.89180      24.29485
      22.90200      24.29344
      22.91210      24.29206
      22.92230      24.29068
      22.93250      24.28931
      22.94260      24.28796
      22.95280      24.28660
      22.96300      24.28526
      22.97310      24.28394
      22.98330      24.28261
      22.99350      24.28129
      23.00360      24.28000
      23.01380      24.27870
      23.02400      24.27741
      23.03410      24.27614
      23.04430      24.27487
      23.05450      24.27361
      23.06460      24.27237
      23.07480      24.27112
      23.08490      24.26989
      23.09510      24.26867
      23.10530      24.26744
      23.11540      24.26624
      23.12560      24.26504
      23.13580      24.26384
      23.14590      24.26266
      23.15610      24.26149
      23.16630      24.26031
      23.17640      24.25916
      23.18660      24.25800
      23.19680      24.25685
      23.20690      24.25572
      23.21710      24.25459
      23.22720      24.25347
      23.23740      24.25235
      23.24760      24.25124
      23.25770      24.25015
      23.26790      24.24905
      23.27810      24.24796
      23.28820      24.24689
      23.29840      24.24581
      23.30860      24.24474
      23.31870      24.24369
      23.32890      24.24264
      23.33910      24.24159
      23.34920      24.24056
      23.35940      24.23952
      23.36950      24.23850
      23.37970      24.23748
      23.38990      24.23647
      23.40000      24.23547
      23.41020      24.23446
      23.42040      24.23347
      23.43050      24.23249
      23.44070      24.23150
      23.45090      24.23053
      23.46100      24.22957
      23.47120      24.22860
      23.48140      24.22764
      23.49150      24.22670
      23.50170      24.22575
      23.51190      24.22481
      23.52200      24.22388
      23.53220      24.22295
      23.54230      24.22204
      23.55250      24.22112
      23.56270      24.22021
      23.57280      24.21931
      23.58300      24.21841
      23.59320      24.21751
      23.60330      24.21663
      23.61350      24.21575
      23.62370      24.21487
      23.63380      24.21400
      23.64400      24.21313
      23.65420      24.21227
      23.66430      24.21142
      23.67450      24.21057
      23.68460      24.20972
      23.69480      24.20888
      23.70500      24.20804
      23.71510      24.20722
      23.72530      24.20639
      23.73550      24.20557
      23.74560      24.20476
      23.75580      24.20394
      23.76600      24.20313
      23.77610      24.20234
      23.78630      24.20154
      23.79650      24.20074
      23.80660      24.19996
      23.81680      24.19918
      23.82700      24.19840
      23.83710      24.19763
      23.84730      24.19686
      23.85740      24.19610
      23.86760      24.19534
      23.87780      24.19458
      23.88790      24.19383
      23.89810      24.19308
      23.90830      24.19234
      23.91840      24.19160
      23.92860      24.19087
      23.93880      24.19013
      23.94890      24.18941
      23.95910      24.18869
      23.96930      24.18797
      23.97940      24.18726
      23.98960      24.18655
      23.99970      24.18585
      24.00990      24.18514
      24.02010      24.18444
      24.03020      24.18376
      24.04040      24.18306
      24.05060      24.18237
      24.06070      24.18170
      24.07090      24.18102
      24.08110      24.18034
      24.09120      24.17968
      24.10140      24.17901
      24.11160      24.17834
      24.12170      24.17769
      24.13190      24.17703
      24.14210      24.17637
      24.15220      24.17573
      24.16240      24.17508
      24.17250      24.17444
      24.18270      24.17381
      24.19290      24.17317
      24.20300      24.17254
      24.21320      24.17191
      24.22340      24.17129
      24.23350      24.17067
      24.24370      24.17005
      24.25390      24.16943
      24.26400      24.16883
      24.27420      24.16822
      24.28440      24.16761
      24.29450      24.16701
      24.30470      24.16641
      24.31480      24.16582
      24.32500      24.16523
      24.33520      24.16464
      24.34530      24.16406
      24.35550      24.16347
      24.36570      24.16289
      24.37580      24.16232
      24.38600      24.16175
      24.39620      24.16117
      24.40630      24.16061
      24.41650      24.16005
      24.42670      24.15948
      24.43680      24.15893
      24.44700      24.15837
      24.45720      24.15782
      24.46730      24.15727
      24.47750      24.15672
      24.48760      24.15618
      24.49780      24.15564
      24.50800      24.15510
      24.51810      24.15457
      24.52830      24.15404
      24.53850      24.15350
      24.54860      24.15298
      24.55880      24.15245
      24.56900      24.15193
      24.57910      24.15142
      24.58930      24.15090
      24.59950      24.15038
      24.60960      24.14988
      24.61980      24.14936
      24.62990      24.14886
      24.64010      24.14836
      24.65030      24.14786
      24.66040      24.14736
      24.67060      24.14686
      24.68080      24.14637
      24.69090      24.14588
      24.70110      24.14539
      24.71130      24.14490
      24.72140      24.14442
      24.73160      24.14394
      24.74180      24.14346
      24.75190      24.14299
      24.76210      24.14251
      24.77230      24.14204
      24.78240      24.14157
      24.79260      24.14110
      24.80270      24.14064
      24.81290      24.14018
      24.82310      24.13972
      24.83320      24.13926
      24.84340      24.13881
      24.85360      24.13835
      24.86370      24.13790
      24.87390      24.13745
      24.88410      24.13700
      24.89420      24.13656
      24.90440      24.13612
      24.91460      24.13568
      24.92470      24.13524
      24.93490      24.13481
      24.94500      24.13437
      24.95520      24.13394
      24.96540      24.13351
      24.97550      24.13309
      24.98570      24.13266
      24.99590      24.13223
      25.00600      24.13181
      25.01620      24.13139
      25.02640      24.13098
      25.03650      24.13056
      25.04670      24.13015
      25.05690      24.12973
      25.06700      24.12933
      25.07720      24.12892
      25.08740      24.12851
      25.09750      24.12811
      25.10770      24.12771
      25.11780      24.12731
      25.12800      24.12691
      25.13820      24.12651
      25.14830      24.12612
      25.15850      24.12573
      25.16870      24.12533
      25.17880      24.12495
      25.18900      24.12456
      25.19920      24.12417
      25.20930      24.12379
      25.21950      24.12341
      25.22970      24.12303
      25.23980      24.12265
      25.25000      24.12227
      25.26010      24.12190
      25.27030      24.12153
      25.28050      24.12115
      25.29060      24.12079
      25.30080      24.12042
      25.31100      24.12005
      25.32110      24.11969
      25.33130      24.11932
      25.34150      24.11896
      25.35160      24.11860
      25.36180      24.11824
      25.37200      24.11789
      25.38210      24.11753
      25.39230      24.11718
      25.40240      24.11683
      25.41260      24.11648
      25.42280      24.11613
      25.43290      24.11578
      25.44310      24.11544
      25.45330      24.11509
      25.46340      24.11475
      25.47360      24.11441
      25.48380      24.11407
      25.49390      24.11373
      25.50410      24.11340
      25.51430      24.11306
      25.52440      24.11273
      25.53460      24.11239
      25.54480      24.11206
      25.55490      24.11174
      25.56510      24.11141
      25.57520      24.11108
      25.58540      24.11076
      25.59560      24.11043
      25.60570      24.11012
      25.61590      24.10979
      25.62610      24.10947
      25.63620      24.10916
      25.64640      24.10884
      25.65660      24.10852
      25.66670      24.10821
      25.67690      24.10790
      25.68710      24.10759
      25.69720      24.10728
      25.70740      24.10697
      25.71750      24.10666
      25.72770      24.10636
      25.73790      24.10605
      25.74800      24.10575
      25.75820      24.10545
      25.76840      24.10515
      25.77850      24.10485
      25.78870      24.10455
      25.79890      24.10426
      25.80900      24.10396
      25.81920      24.10367
      25.82940      24.10337
      25.83950      24.10308
      25.84970      24.10279
      25.85990      24.10250
      25.87000      24.10222
      25.88020      24.10193
      25.89030      24.10164
      25.90050      24.10136
      25.91070      24.10108
      25.92080      24.10080
      25.93100      24.10051
      25.94120      24.10023
      25.95130      24.09996
      25.96150      24.09968
      25.97170      24.09940
      25.98180      24.09913
      25.99200      24.09885
      26.00220      24.09858
      26.01230      24.09831
      26.02250      24.09804
      26.03260      24.09777
      26.04280      24.09750
      26.05300      24.09723
      26.06310      24.09697
      26.07330      24.09670
      26.08350      24.09644
      26.09360      24.09618
      26.10380      24.09592
      26.11400      24.09566
      26.12410      24.09540
      26.13430      24.09514
      26.14450      24.09488
      26.15460      24.09462
      26.16480      24.09437
      26.17500      24.09411
      26.18510      24.09386
      26.19530      24.09361
      26.20540      24.09336
      26.21560      24.09311
      26.22580      24.09286
      26.23590      24.09261
      26.24610      24.09236
      26.25630      24.09212
      26.26640      24.09187
      26.27660      24.09163
      26.28680      24.09138
      26.29690      24.09114
      26.30710      24.09090
      26.31730      24.09066
      26.32740      24.09042
      26.33760      24.09018
      26.34770      24.08994
      26.35790      24.08971
      26.36810      24.08947
      26.37820      24.08924
      26.38840      24.08900
      26.39860      24.08877
      26.40870      24.08854
      26.41890      24.08831
      26.42910      24.08808
      26.43920      24.08785
      26.44940      24.08762
      26.45960      24.08739
      26.46970      24.08716
      26.47990      24.08694
      26.49010      24.08671
      26.50020      24.08649
      26.51040      24.08627
      26.52050      24.08604
      26.53070      24.08582
      26.54090      24.08560
      26.55100      24.08538
      26.56120      24.08516
      26.57140      24.08494
      26.58150      24.08473
      26.59170      24.08451
      26.60190      24.08430
      26.61200      24.08408
      26.62220      24.08387
      26.63240      24.08365
      26.64250      24.08344
      26.65270      24.08323
      26.66280      24.08302
      26.67300      24.08281
      26.68320      24.08260
      26.69330      24.08239
      26.70350      24.08218
      26.71370      24.08198
      26.72380      24.08177
      26.73400      24.08157
      26.74420      24.08136
      26.75430      24.08116
      26.76450      24.08096
      26.77470      24.08075
      26.78480      24.08055
      26.79500      24.08035
      26.80520      24.08015
      26.81530      24.07995
      26.82550      24.07975
      26.83560      24.07956
      26.84580      24.07936
      26.85600      24.07916
      26.86610      24.07897
      26.87630      24.07877
      26.88650      24.07858
      26.89660      24.07839
      26.90680      24.07819
      26.91700      24.07800
      26.92710      24.07781
      26.93730      24.07762
      26.94750      24.07743
      26.95760      24.07724
      26.96780      24.07705
      26.97790      24.07686
      26.98810      24.07668
      26.99830      24.07649
      27.00840      24.07631
      27.01860      24.07612
      27.02880      24.07594
      27.03890      24.07575
      27.04910      24.07557
      27.05930      24.07539
      27.06940      24.07520
      27.07960      24.07502
      27.08980      24.07484
      27.09990      24.07467
      27.11010      24.07449
      27.12020      24.07431
      27.13040      24.07413
      27.14060      24.07395
      27.15070      24.07378
      27.16090      24.07360
      27.17110      24.07342
      27.18120      24.07325
      27.19140      24.07308
      27.20160      24.07290
      27.21170      24.07273
      27.22190      24.07256
      27.23210      24.07239
      27.24220      24.07221
      27.25240      24.07204
      27.26260      24.07187
      27.27270      24.07170
      27.28290      24.07154
      27.29300      24.07137
      27.30320      24.07120
      27.31340      24.07103
      27.32350      24.07087
      27.33370      24.07070
      27.34390      24.07054
      27.35400      24.07037
      27.36420      24.07021
      27.37440      24.07005
      27.38450      24.06988
      27.39470      24.06972
      27.40490      24.06956
      27.41500      24.06940
      27.42520      24.06924
      27.43530      24.06908
      27.44550      24.06892
      27.45570      24.06876
      27.46580      24.06860
      27.47600      24.06844
      27.48620      24.06829
      27.49630      24.06813
      27.50650      24.06797
      27.51670      24.06782
      27.52680      24.06766
      27.53700      24.06751
      27.54720      24.06735
      27.55730      24.06720
      27.56750      24.06705
      27.57770      24.06690
      27.58780      24.06674
      27.59800      24.06659
      27.60810      24.06644
      27.61830      24.06629
      27.62850      24.06614
      27.63860      24.06599
      27.64880      24.06584
      27.65900      24.06569
      27.66910      24.06555
      27.67930      24.06540
      27.68950      24.06525
      27.69960      24.06511
      27.70980      24.06496
      27.72000      24.06482
      27.73010      24.06467
      27.74030      24.06453
      27.75040      24.06438
      27.76060      24.06424
      27.77080      24.06410
      27.78090      24.06396
      27.79110      24.06381
      27.80130      24.06367
      27.81140      24.06353
      27.82160      24.06339
      27.83180      24.06325
      27.84190      24.06311
      27.85210      24.06297
      27.86230      24.06283
      27.87240      24.06269
      27.88260      24.06256
      27.89280      24.06242
      27.90290      24.06228
      27.91310      24.06214
      27.92320      24.06201
      27.93340      24.06187
      27.94360      24.06174
      27.95370      24.06160
      27.96390      24.06147
      27.97410      24.06133
      27.98420      24.06120
      27.99440      24.06107
      28.00460      24.06094
      28.01470      24.06080
      28.02490      24.06067
      28.03510      24.06054
      28.04520      24.06041
      28.05540      24.06028
      28.06550      24.06015
      28.07570      24.06002
      28.08590      24.05989
      28.09600      24.05976
      28.10620      24.05963
      28.11640      24.05951
      28.12650      24.05938
      28.13670      24.05925
      28.14690      24.05912
      28.15700      24.05900
      28.16720      24.05887
      28.17740      24.05875
      28.18750      24.05862
      28.19770      24.05850
      28.20790      24.05837
      28.21800      24.05825
      28.22820      24.05813
      28.23830      24.05800
      28.24850      24.05788
      28.25870      24.05776
      28.26880      24.05764
      28.27900      24.05751
      28.28920      24.05739
      28.29930      24.05727
      28.30950      24.05715
      28.31970      24.05703
      28.32980      24.05691
      28.34000      24.05679
      28.35020      24.05667
      28.36030      24.05656
      28.37050      24.05644
      28.38060      24.05632
      28.39080      24.05620
      28.40100      24.05609
      28.41110      24.05597
      28.42130      24.05585
      28.43150      24.05574
      28.44160      24.05562
      28.45180      24.05551
      28.46200      24.05539
      28.47210      24.05528
      28.48230      24.05516
      28.49250      24.05505
      28.50260      24.05494
      28.51280      24.05482
      28.52300      24.05471
      28.53310      24.05460
      28.54330      24.05449
      28.55340      24.05437
      28.56360      24.05426
      28.57380      24.05415
      28.58390      24.05404
      28.59410      24.05393
      28.60430      24.05382
      28.61440      24.05371
      28.62460      24.05360
      28.63480      24.05349
      28.64490      24.05338
      28.65510      24.05328
      28.66530      24.05317
      28.67540      24.05306
      28.68560      24.05295
      28.69570      24.05285
      28.70590      24.05274
      28.71610      24.05263
      28.72620      24.05253
      28.73640      24.05242
      28.74660      24.05231
      28.75670      24.05221
      28.76690      24.05210
      28.77710      24.05200
      28.78720      24.05190
      28.79740      24.05179
      28.80760      24.05169
      28.81770      24.00000
      28.82790      24.00000
      28.83810      24.00000
      28.84820      24.00000
      28.85840      24.00000
      28.86850      24.00000
      28.87870      24.00000
      28.88890      24.00000
      28.89900      24.00000
      28.90920      24.00000
      28.91940      24.00000
      28.92950      24.00000
      28.93970      24.00000
      28.94990      24.00000
      28.96000      24.00000
      28.97020      24.00000
      28.98040      24.00000
      28.99050      24.00000
      29.00070      24.00000
      29.01080      24.00000
      29.02100      24.00000
      29.03120      24.00000
      29.04130      24.00000
      29.05150      24.00000
      29.06170      24.00000
      29.07180      24.00000
      29.08200      24.00000
      29.09220      24.00000
      29.10230      24.00000
      29.11250      24.00000
      29.12270      24.00000
      29.13280      24.00000
      29.14300      24.00000
      29.15310      24.00000
      29.16330      24.00000
      29.17350      24.00000
      29.18360      24.00000
      29.19380      24.00000
      29.20400      24.00000
      29.21410      24.00000
      29.22430      24.00000
      29.23450      24.00000
      29.24460      24.00000
      29.25480      24.00000
      29.26500      24.00000
      29.27510      24.00000
      29.28530      24.00000
      29.29550      24.00000
      29.30560      24.00000
      29.31580      24.00000
      29.32590      24.00000
      29.33610      24.00000
      29.34630      24.00000
      29.35640      24.00000
      29.36660      24.00000
      29.37680      24.00000
      29.38690      24.00000
      29.39710      24.00000
      29.40730      24.00000
      29.41740      24.00000
      29.42760      24.00000
      29.43780      24.00000
      29.44790      24.00000
      29.45810      24.00000
      29.46820      24.00000
      29.47840      24.00000
      29.48860      24.00000
      29.49870      24.00000
      29.50890      24.00000
      29.51910      24.00000
      29.52920      24.00000
      29.53940      24.00000
      29.54960      24.00000
      29.55970      24.00000
      29.56990      24.00000
      29.58010      24.00000
      29.59020      24.00000
      29.60040      24.00000
      29.61060      24.00000
      29.62070      24.00000
      29.63090      24.00000
      29.64100      24.00000
      29.65120      24.00000
      29.66140      24.00000
      29.67150      24.00000
      29.68170      24.00000
      29.69190      24.00000
      29.70200      24.00000
      29.71220      24.00000
      29.72240      24.00000
      29.73250      24.00000
      29.74270      24.00000
      29.75290      24.00000
      29.76300      24.00000
      29.77320      24.00000
      29.78330      24.00000
      29.79350      24.00000
      29.80370      24.00000
      29.81380      24.00000
      29.82400      24.00000
      29.83420      24.00000
      29.84430      24.00000
      29.85450      24.00000
      29.86470      24.00000
      29.87480      24.00000
      29.88500      24.00000
      29.89520      24.00000
      29.90530      24.00000
      29.91550      24.00000
      29.92570      24.00000
      29.93580      24.00000
      29.94600      24.00000
      29.95610      24.00000
      29.96630      24.00000
      29.97650      24.00000
      29.98660      24.00000
      29.99680      24.00000
      30.00700      24.00000
      30.01710      24.00000
      30.02730      24.00000
      30.03750      24.00000
      30.04760      24.00000
      30.05780      24.00000
      30.06800      24.00000
      30.07810      24.00000
      30.08830      24.00000
      30.09840      24.00000
      30.10860      24.00000
      30.11880      24.00000
      30.12890      24.00000
      30.13910      24.00000
      30.14930      24.00000
      30.15940      24.00000
      30.16960      24.00000
      30.17980      24.00000
      30.18990      24.00000
      30.20010      24.00000
      30.21030      24.00000
      30.22040      24.00000
      30.23060      24.00000
      30.24080      24.00000
      30.25090      24.00000
      30.26110      24.00000
      30.27120      24.00000
      30.28140      24.00000
      30.29160      24.00000
      30.30170      24.00000
      30.31190      24.00000
      30.32210      24.00000
      30.33220      24.00000
      30.34240      24.00000
      30.35260      24.00000
      30.36270      24.00000
      30.37290      24.00000
      30.38310      24.00000
      30.39320      24.00000
      30.40340      24.00000
      30.41350      24.00000
      30.42370      24.00000
      30.43390      24.00000
      30.44400      24.00000
      30.45420      24.00000
      30.46440      24.00000
      30.47450      24.00000
      30.48470      24.00000
      30.49490      24.00000
      30.50500      24.00000
      30.51520      24.00000
      30.52540      24.00000
      30.53550      24.00000
      30.54570      24.00000
      30.55590      24.00000
      30.56600      24.00000
      30.57620      24.00000
      30.58630      24.00000
      30.59650      24.00000
      30.60670      24.00000
      30.61680      24.00000
      30.62700      24.00000
      30.63720      24.00000
      30.64730      24.00000
      30.65750      24.00000
      30.66770      24.00000
      30.67780      24.00000
      30.68800      24.00000
      30.69820      24.00000
      30.70830      24.00000
      30.71850      24.00000
      30.72860      24.00000
      30.73880      24.00000
      30.74900      24.00000
      30.75910      24.00000
      30.76930      24.00000
      30.77950      24.00000
      30.78960      24.00000
      30.79980      24.00000
      30.81000      24.00000
      30.82010      24.00000
      30.83030      24.00000
      30.84050      24.00000
      30.85060      24.00000
      30.86080      24.00000
      30.87100      24.00000
      30.88110      24.00000
      30.89130      24.00000
      30.90140      24.00000
      30.91160      24.00000
      30.92180      24.00000
      30.93190      24.00000
      30.94210      24.00000
      30.95230      24.00000
      30.96240      24.00000
      30.97260      24.00000
      30.98280      24.00000
      30.99290      24.00000
      31.00310      24.00000
      31.01330      24.00000
      31.02340      24.00000
      31.03360      24.00000
      31.04370      24.00000
      31.05390      24.00000
      31.06410      24.00000
      31.07420      24.00000
      31.08440      24.00000
      31.09460      24.00000
      31.10470      24.00000
      31.11490      24.00000
      31.12510      24.00000
      31.13520      24.00000
      31.14540      24.00000
      31.15560      24.00000
      31.16570      24.00000
      31.17590      24.00000
      31.18600      24.00000
      31.19620      24.00000
      31.20640      24.00000
      31.21650      24.00000
      31.22670      24.00000
      31.23690      24.00000
      31.24700      24.00000
      31.25720      24.00000
      31.26740      24.00000
      31.27750      24.00000
      31.28770      24.00000
      31.29790      24.00000
      31.30800      24.00000
      31.31820      24.00000
      31.32840      24.00000
      31.33850      24.00000
      31.34870      24.00000
      31.35880      24.00000
      31.36900      24.00000
      31.37920      24.00000
      31.38930      24.00000
      31.39950      24.00000
      31.40970      24.00000
      31.41980      24.00000
      31.43000      24.00000
      31.44020      24.00000
      31.45030      24.00000
      31.46050      24.00000
      31.47070      24.00000
      31.48080      24.00000
      31.49100      24.00000
      31.50110      24.00000
      31.51130      24.00000
      31.52150      24.00000
      31.53160      24.00000
      31.54180      24.00000
      31.55200      24.00000
      31.56210      24.00000
      31.57230      24.00000
      31.58250      24.00000
      31.59260      24.00000
      31.60280      24.00000
      31.61300      24.00000
      31.62310      24.00000
      31.63330      24.00000
      31.64350      24.00000
      31.65360      24.00000
      31.66380      24.00000
      31.67390      24.00000
      31.68410      24.00000
      31.69430      24.00000
      31.70440      24.00000
      31.71460      24.00000
      31.72480      24.00000
      31.73490      24.00000
      31.74510      24.00000
      31.75530      24.00000
      31.76540      24.00000
      31.77560      24.00000
      31.78580      24.00000
      31.79590      24.00000
      31.80610      24.00000
      31.81620      24.00000
      31.82640      24.00000
      31.83660      24.00000
      31.84670      24.00000
      31.85690      24.00000
      31.86710      24.00000
      31.87720      24.00000
      31.88740      24.00000
      31.89760      24.00000
      31.90770      24.00000
      31.91790      24.00000
      31.92810      24.00000
      31.93820      24.00000
      31.94840      24.00000
      31.95860      24.00000
      31.96870      24.00000
      31.97890      24.00000
      31.98900      24.00000
      31.99920      24.00000
      32.00940      24.00000
      32.01950      24.00000
      32.02970      24.00000
      32.03990      24.00000
      32.05000      24.00000
      32.06020      24.00000
      32.07040      24.00000
      32.08050      24.00000
      32.09070      24.00000
      32.10090      24.00000
      32.11100      24.00000
      32.12120      24.00000
      32.13130      24.00000
      32.14150      24.00000
      32.15170      24.00000
      32.16180      24.00000
      32.17200      24.00000
      32.18220      24.00000
      32.19230      24.00000
      32.20250      24.00000
      32.21270      24.00000
      32.22280      24.00000
      32.23300      24.00000
      32.24320      24.00000
      32.25330      24.00000
      32.26350      24.00000
      32.27370      24.00000
      32.28380      24.00000
      32.29400      24.00000
      32.30410      24.00000
      32.31430      24.00000
      32.32450      24.00000
      32.33460      24.00000
      32.34480      24.00000
      32.35500      24.00000
      32.36510      24.00000
      32.37530      24.00000
      32.38550      24.00000
      32.39560      24.00000
      32.40580      24.00000
      32.41600      24.00000
      32.42610      24.00000
      32.43630      24.00000
      32.44640      24.00000
      32.45660      24.00000
      32.46680      24.00000
      32.47690      24.00000
      32.48710      24.00000
      32.49730      24.00000
      32.50740      24.00000
      32.51760      24.00000
      32.52780      24.00000
      32.53790      24.00000
      32.54810      24.00000
      32.55830      24.00000
      32.56840      24.00000
      32.57860      24.00000
      32.58880      24.00000
      32.59890      24.00000
      32.60910      24.00000
      32.61920      24.00000
      32.62940      24.00000
      32.63960      24.00000
      32.64970      24.00000
      32.65990      24.00000
      32.67010      24.00000
      32.68020      24.00000
      32.69040      24.00000
      32.70060      24.00000
      32.71070      24.00000
      32.72090      24.00000
      32.73110      24.00000
      32.74120      24.00000
      32.75140      24.00000
      32.76150      24.00000
      32.77170      24.00000
      32.78190      24.00000
      32.79200      24.00000
      32.80220      24.00000
      32.81240      24.00000
      32.82250      24.00000
      32.83270      24.00000
      32.84290      24.00000
      32.85300      24.00000
      32.86320      24.00000
      32.87340      24.00000
      32.88350      24.00000
      32.89370      24.00000
      32.90390      24.00000
      32.91400      24.00000
      32.92420      24.00000
      32.93430      24.00000
      32.94450      24.00000
      32.95470      24.00000
      32.96480      24.00000
      32.97500      24.00000
      32.98520      24.00000
      32.99530      24.00000
      33.00550      24.00000
      33.01570      24.00000
      33.02580      24.00000
      33.03600      24.00000
      33.04620      24.00000
      33.05630      24.00000
      33.06650      24.00000
      33.07660      24.00000
      33.08680      24.00000
      33.09700      24.00000
      33.10710      24.00000
      33.11730      24.00000
      33.12750      24.00000
      33.13760      24.00000
      33.14780      24.00000
      33.15800      24.00000
      33.16810      24.00000
      33.17830      24.00000
      33.18850      24.00000
      33.19860      24.00000
      33.20880      24.00000
      33.21890      24.00000
      33.22910      24.00000
      33.23930      24.00000
      33.24940      24.00000
      33.25960      24.00000
      33.26980      24.00000
      33.27990      24.00000
      33.29010      24.00000
      33.30030      24.00000
      33.31040      24.00000
      33.32060      24.00000
      33.33080      24.00000
      33.34090      24.00000
      33.35110      24.00000
      33.36130      24.00000
      33.37140      24.00000
      33.38160      24.00000
      33.39170      24.00000
      33.40190      24.00000
      33.41210      24.00000
      33.42220      24.00000
      33.43240      24.00000
      33.44260      24.00000
      33.45270      24.00000
      33.46290      24.00000
      33.47310      24.00000
      33.48320      24.00000
      33.49340      24.00000
      33.50360      24.00000
      33.51370      24.00000
      33.52390      24.00000
      33.53400      24.00000
      33.54420      24.00000
      33.55440      24.00000
      33.56450      24.00000
      33.57470      24.00000
      33.58490      24.00000
      33.59500      24.00000
      33.60520      24.00000
      33.61540      24.00000
      33.62550      24.00000
      33.63570      24.00000
      33.64590      24.00000
      33.65600      24.00000
      33.66620      24.00000
      33.67640      24.00000
      33.68650      24.00000
      33.69670      24.00000
      33.70680      24.00000
      33.71700      24.00000
      33.72720      24.00000
      33.73730      24.00000
      33.74750      24.00000
      33.75770      24.00000
      33.76780      24.00000
      33.77800      24.00000
      33.78820      24.00000
      33.79830      24.00000
      33.80850      24.00000
      33.81870      24.00000
      33.82880      24.00000
      33.83900      24.00000
      33.84910      24.00000
      33.85930      24.00000
      33.86950      24.00000
      33.87960      24.00000
      33.88980      24.00000
      33.90000      24.00000
      33.91010      24.00000
      33.92030      24.00000
      33.93050      24.00000
      33.94060      24.00000
      33.95080      24.00000
      33.96100      24.00000
      33.97110      24.00000
      33.98130      24.00000
      33.99150      24.00000
      34.00160      24.00000
      34.01180      24.00000
      34.02190      24.00000
      34.03210      24.00000
      34.04230      24.00000
      34.05240      24.00000
      34.06260      24.00000
      34.07280      24.00000
      34.08290      24.00000
      34.09310      24.00000
      34.10330      24.00000
      34.11340      24.00000
      34.12360      24.00000
      34.13380      24.00000
      34.14390      24.00000
      34.15410      24.00000
      34.16420      24.00000
      34.17440      24.00000
      34.18460      24.00000
      34.19470      24.00000
      34.20490      24.00000
      34.21510      24.00000
      34.22520      24.00000
      34.23540      24.00000
      34.24560      24.00000
      34.25570      24.00000
      34.26590      24.00000
      34.27610      24.00000
      34.28620      24.00000
      34.29640      24.00000
      34.30660      24.00000
      34.31670      24.00000
      34.32690      24.00000
      34.33700      24.00000
      34.34720      24.00000
      34.35740      24.00000
      34.36750      24.00000
      34.37770      24.00000
      34.38790      24.00000
      34.39800      24.00000
      34.40820      24.00000
      34.41840      24.00000
      34.42850      24.00000
      34.43870      24.00000
      34.44890      24.00000
      34.45900      24.00000
      34.46920      24.00000
      34.47930      24.00000
      34.48950      24.00000
      34.49970      24.00000
      34.50980      24.00000
      34.52000      24.00000
      34.53020      24.00000
      34.54030      24.00000
      34.55050      24.00000
      34.56070      24.00000
      34.57080      24.00000
      34.58100      24.00000
      34.59120      24.00000
      34.60130      24.00000
      34.61150      24.00000
      34.62170      24.00000
      34.63180      24.00000
      34.64200      24.00000
      34.65210      24.00000
      34.66230      24.00000
      34.67250      24.00000
      34.68260      24.00000
      34.69280      24.00000
      34.70300      24.00000
      34.71310      24.00000
      34.72330      24.00000
      34.73350      24.00000
      34.74360      24.00000
      34.75380      24.00000
      34.76400      24.00000
      34.77410      24.00000
      34.78430      24.00000
      34.79440      24.00000
      34.80460      24.00000
      34.81480      24.00000
      34.82490      24.00000
      34.83510      24.00000
      34.84530      24.00000
      34.85540      24.00000
      34.86560      24.00000
      34.87580      24.00000
      34.88590      24.00000
      34.89610      24.00000
      34.90630      24.00000
      34.91640      24.00000
      34.92660      24.00000
      34.93670      24.00000
      34.94690      24.00000
      34.95710      24.00000
      34.96720      24.00000
      34.97740      24.00000
      34.98760      24.00000
      34.99770      24.00000
      35.00790      24.00000
      35.01810      24.00000
      35.02820      24.00000
      35.03840      24.00000
      35.04860      24.00000
      35.05870      24.00000
      35.06890      24.00000
      35.07910      24.00000
      35.08920      24.00000
      35.09940      24.00000
      35.10950      24.00000
      35.11970      24.00000
      35.12990      24.00000
      35.14000      24.00000
      35.15020      24.00000
      35.16040      24.00000
      35.17050      24.00000
      35.18070      24.00000
      35.19090      24.00000
      35.20100      24.00000
      35.21120      24.00000
      35.22140      24.00000
      35.23150      24.00000
      35.24170      24.00000
      35.25180      24.00000
      35.26200      24.00000
      35.27220      24.00000
      35.28230      24.00000
      35.29250      24.00000
      35.30270      24.00000
      35.31280      24.00000
      35.32300      24.00000
      35.33320      24.00000
      35.34330      24.00000
      35.35350      24.00000
      35.36370      24.00000
      35.37380      24.00000
      35.38400      24.00000
      35.39420      24.00000
      35.40430      24.00000
      35.41450      24.00000
      35.42460      24.00000
      35.43480      24.00000
      35.44500      24.00000
      35.45510      24.00000
      35.46530      24.00000
      35.47550      24.00000
      35.48560      24.00000
      35.49580      24.00000
      35.50600      24.00000
      35.51610      24.00000
      35.52630      24.00000
      35.53650      24.00000
      35.54660      24.00000
      35.55680      24.00000
      35.56690      24.00000
      35.57710      24.00000
      35.58730      24.00000
      35.59740      24.00000
      35.60760      24.00000
      35.61780      24.00000
      35.62790      24.00000
      35.63810      24.00000
      35.64830      24.00000
      35.65840      24.00000
      35.66860      24.00000
      35.67880      24.00000
      35.68890      24.00000
      35.69910      24.00000
      35.70930      24.00000
      35.71940      24.00000
      35.72960      24.00000
      35.73970      24.00000
      35.74990      24.00000
      35.76010      24.00000
      35.77020      24.00000
      35.78040      24.00000
      35.79060      24.00000
      35.80070      24.00000
      35.81090      24.00000
      35.82110      24.00000
      35.83120      24.00000
      35.84140      24.00000
      35.85160      24.00000
      35.86170      24.00000
      35.87190      24.00000
      35.88200      24.00000
      35.89220      24.00000
      35.90240      24.00000
      35.91250      24.00000
      35.92270      24.00000
      35.93290      24.00000
      35.94300      24.00000
      35.95320      24.00000
      35.96340      24.00000
      35.97350      24.00000
      35.98370      24.00000
      35.99390      24.00000
