! TITLE: Yobs                                                                                                                                                                                                                                                            
! Peak:  7
       6.00860      24.66494
       6.01870      24.67174
       6.02890      24.67864
       6.03910      24.68555
       6.04920      24.69242
       6.05940      24.69936
       6.06960      24.70633
       6.07970      24.71325
       6.08990      24.72025
       6.10010      24.72728
       6.11020      24.73425
       6.12040      24.74131
       6.13060      24.74839
       6.14070      24.75542
       6.15090      24.76254
       6.16110      24.76967
       6.17120      24.77676
       6.18140      24.78393
       6.19150      24.79105
       6.20170      24.79827
       6.21190      24.80550
       6.22200      24.81268
       6.23220      24.81995
       6.24240      24.82725
       6.25250      24.83449
       6.26270      24.84182
       6.27290      24.84917
       6.28300      24.85647
       6.29320      24.86386
       6.30340      24.87127
       6.31350      24.87863
       6.32370      24.88609
       6.33380      24.89349
       6.34400      24.90098
       6.35420      24.90850
       6.36430      24.91596
       6.37450      24.92351
       6.38470      24.93109
       6.39480      24.93862
       6.40500      24.94624
       6.41520      24.95388
       6.42530      24.96147
       6.43550      24.96915
       6.44570      24.97686
       6.45580      24.98451
       6.46600      24.99226
       6.47620      25.00003
       6.48630      25.00775
       6.49650      25.01556
       6.50660      25.02332
       6.51680      25.03118
       6.52700      25.03906
       6.53710      25.04689
       6.54730      25.05482
       6.55750      25.06277
       6.56760      25.07066
       6.57780      25.07866
       6.58800      25.08668
       6.59810      25.09464
       6.60830      25.10271
       6.61850      25.11079
       6.62860      25.11883
       6.63880      25.12696
       6.64890      25.13504
       6.65910      25.14322
       6.66930      25.15143
       6.67940      25.15958
       6.68960      25.16783
       6.69980      25.17611
       6.70990      25.18433
       6.72010      25.19266
       6.73030      25.20101
       6.74040      25.20931
       6.75060      25.21771
       6.76080      25.22614
       6.77090      25.23450
       6.78110      25.24298
       6.79130      25.25148
       6.80140      25.25993
       6.81160      25.26848
       6.82170      25.27697
       6.83190      25.28557
       6.84210      25.29420
       6.85220      25.30277
       6.86240      25.31145
       6.87260      25.32016
       6.88270      25.32881
       6.89290      25.33757
       6.90310      25.34636
       6.91320      25.35508
       6.92340      25.36392
       6.93360      25.37279
       6.94370      25.38160
       6.95390      25.39052
       6.96400      25.39938
       6.97420      25.40835
       6.98440      25.41735
       6.99450      25.42630
       7.00470      25.43536
       7.01490      25.44444
       7.02500      25.45347
       7.03520      25.46261
       7.04540      25.47178
       7.05550      25.48089
       7.06570      25.49012
       7.07590      25.49937
       7.08600      25.50857
       7.09620      25.51788
       7.10640      25.52723
       7.11650      25.53651
       7.12670      25.54591
       7.13680      25.55525
       7.14700      25.56471
       7.15720      25.57420
       7.16730      25.58363
       7.17750      25.59318
       7.18770      25.60276
       7.19780      25.61228
       7.20800      25.62192
       7.21820      25.63159
       7.22830      25.64120
       7.23850      25.65093
       7.24870      25.66070
       7.25880      25.67040
       7.26900      25.68023
       7.27910      25.68999
       7.28930      25.69988
       7.29950      25.70980
       7.30960      25.71966
       7.31980      25.72965
       7.33000      25.73967
       7.34010      25.74962
       7.35030      25.75970
       7.36050      25.76982
       7.37060      25.77987
       7.38080      25.79005
       7.39100      25.80027
       7.40110      25.81042
       7.41130      25.82070
       7.42150      25.83102
       7.43160      25.84127
       7.44180      25.85165
       7.45190      25.86197
       7.46210      25.87242
       7.47230      25.88291
       7.48240      25.89332
       7.49260      25.90388
       7.50280      25.91447
       7.51290      25.92499
       7.52310      25.93565
       7.53330      25.94635
       7.54340      25.95698
       7.55360      25.96775
       7.56380      25.97855
       7.57390      25.98929
       7.58410      26.00016
       7.59420      26.01097
       7.60440      26.02192
       7.61460      26.03291
       7.62470      26.04382
       7.63490      26.05488
       7.64510      26.06598
       7.65520      26.07701
       7.66540      26.08818
       7.67560      26.09939
       7.68570      26.11053
       7.69590      26.12181
       7.70610      26.13314
       7.71620      26.14439
       7.72640      26.15580
       7.73650      26.16713
       7.74670      26.17861
       7.75690      26.19013
       7.76700      26.20157
       7.77720      26.21317
       7.78740      26.22481
       7.79750      26.23638
       7.80770      26.24809
       7.81790      26.25986
       7.82800      26.27154
       7.83820      26.28338
       7.84840      26.29526
       7.85850      26.30707
       7.86870      26.31903
       7.87890      26.33104
       7.88900      26.34297
       7.89920      26.35506
       7.90930      26.36707
       7.91950      26.37925
       7.92970      26.39147
       7.93980      26.40360
       7.95000      26.41591
       7.96020      26.42825
       7.97030      26.44052
       7.98050      26.45296
       7.99070      26.46543
       8.00080      26.47783
       8.01100      26.49039
       8.02120      26.50300
       8.03130      26.51553
       8.04150      26.52823
       8.05160      26.54085
       8.06180      26.55364
       8.07200      26.56647
       8.08210      26.57923
       8.09230      26.59215
       8.10250      26.60512
       8.11260      26.61802
       8.12280      26.63108
       8.13300      26.64419
       8.14310      26.65722
       8.15330      26.67043
       8.16350      26.68368
       8.17360      26.69685
       8.18380      26.71020
       8.19400      26.72359
       8.20410      26.73691
       8.21430      26.75040
       8.22440      26.76381
       8.23460      26.77740
       8.24480      26.79104
       8.25490      26.80460
       8.26510      26.81833
       8.27530      26.83212
       8.28540      26.84583
       8.29560      26.85972
       8.30580      26.87366
       8.31590      26.88751
       8.32610      26.90155
       8.33630      26.91564
       8.34640      26.92965
       8.35660      26.94385
       8.36670      26.95796
       8.37690      26.97226
       8.38710      26.98661
       8.39720      27.00087
       8.40740      27.01533
       8.41760      27.02984
       8.42770      27.04427
       8.43790      27.05888
       8.44810      27.07356
       8.45820      27.08814
       8.46840      27.10292
       8.47860      27.11776
       8.48870      27.13250
       8.49890      27.14745
       8.50910      27.16245
       8.51920      27.17736
       8.52940      27.19248
       8.53950      27.20750
       8.54970      27.22272
       8.55990      27.23800
       8.57000      27.25319
       8.58020      27.26859
       8.59040      27.28405
       8.60050      27.29941
       8.61070      27.31498
       8.62090      27.33061
       8.63100      27.34614
       8.64120      27.36189
       8.65140      27.37769
       8.66150      27.39340
       8.67170      27.40932
       8.68180      27.42515
       8.69200      27.44120
       8.70220      27.45730
       8.71230      27.47331
       8.72250      27.48953
       8.73270      27.50582
       8.74280      27.52201
       8.75300      27.53842
       8.76320      27.55489
       8.77330      27.57127
       8.78350      27.58786
       8.79370      27.60453
       8.80380      27.62109
       8.81400      27.63787
       8.82420      27.65473
       8.83430      27.67148
       8.84450      27.68846
       8.85460      27.70533
       8.86480      27.72244
       8.87500      27.73962
       8.88510      27.75669
       8.89530      27.77400
       8.90550      27.79137
       8.91560      27.80864
       8.92580      27.82614
       8.93600      27.84372
       8.94610      27.86118
       8.95630      27.87889
       8.96650      27.89667
       8.97660      27.91433
       8.98680      27.93225
       8.99690      27.95005
       9.00710      27.96810
       9.01730      27.98622
       9.02740      28.00423
       9.03760      28.02249
       9.04780      28.04082
       9.05790      28.05904
       9.06810      28.07751
       9.07830      28.09605
       9.08840      28.11448
       9.09860      28.13317
       9.10880      28.15193
       9.11890      28.17057
       9.12910      28.18948
       9.13930      28.20845
       9.14940      28.22732
       9.15960      28.24644
       9.16970      28.26545
       9.17990      28.28472
       9.19010      28.30407
       9.20020      28.32330
       9.21040      28.34280
       9.22060      28.36237
       9.23070      28.38183
       9.24090      28.40155
       9.25110      28.42136
       9.26120      28.44104
       9.27140      28.46100
       9.28160      28.48103
       9.29170      28.50095
       9.30190      28.52114
       9.31200      28.54121
       9.32220      28.56156
       9.33240      28.58199
       9.34250      28.60229
       9.35270      28.62288
       9.36290      28.64355
       9.37300      28.66410
       9.38320      28.68493
       9.39340      28.70584
       9.40350      28.72663
       9.41370      28.74770
       9.42390      28.76886
       9.43400      28.78989
       9.44420      28.81122
       9.45440      28.83262
       9.46450      28.85391
       9.47470      28.87548
       9.48480      28.89693
       9.49500      28.91867
       9.50520      28.94050
       9.51530      28.96221
       9.52550      28.98421
       9.53570      29.00630
       9.54580      29.02825
       9.55600      29.05052
       9.56620      29.07287
       9.57630      29.09508
       9.58650      29.11761
       9.59670      29.14022
       9.60680      29.16270
       9.61700      29.18550
       9.62710      29.20815
       9.63730      29.23112
       9.64750      29.25419
       9.65760      29.27711
       9.66780      29.30036
       9.67800      29.32370
       9.68810      29.34689
       9.69830      29.37041
       9.70850      29.39402
       9.71860      29.41750
       9.72880      29.44130
       9.73900      29.46519
       9.74910      29.48894
       9.75930      29.51302
       9.76940      29.53696
       9.77960      29.56123
       9.78980      29.58560
       9.79990      29.60982
       9.81010      29.63438
       9.82030      29.65904
       9.83040      29.68355
       9.84060      29.70840
       9.85080      29.73335
       9.86090      29.75815
       9.87110      29.78330
       9.88130      29.80854
       9.89140      29.83364
       9.90160      29.85908
       9.91180      29.88463
       9.92190      29.91002
       9.93210      29.93577
       9.94220      29.96136
       9.95240      29.98731
       9.96260      30.01336
       9.97270      30.03926
       9.98290      30.06552
       9.99310      30.09188
      10.00320      30.11809
      10.01340      30.14466
      10.02360      30.17133
      10.03370      30.19785
      10.04390      30.22473
      10.05410      30.25173
      10.06420      30.27856
      10.07440      30.30576
      10.08450      30.33281
      10.09470      30.36023
      10.10490      30.38775
      10.11500      30.41512
      10.12520      30.44286
      10.13540      30.47072
      10.14550      30.49841
      10.15570      30.52648
      10.16590      30.55466
      10.17600      30.58268
      10.18620      30.61109
      10.19640      30.63960
      10.20650      30.66795
      10.21670      30.69670
      10.22690      30.72555
      10.23700      30.75424
      10.24720      30.78332
      10.25730      30.81223
      10.26750      30.84154
      10.27770      30.87097
      10.28780      30.90022
      10.29800      30.92988
      10.30820      30.95966
      10.31830      30.98926
      10.32850      31.01926
      10.33870      31.04939
      10.34880      31.07934
      10.35900      31.10970
      10.36920      31.14018
      10.37930      31.17049
      10.38950      31.20121
      10.39960      31.23175
      10.40980      31.26271
      10.42000      31.29379
      10.43010      31.32470
      10.44030      31.35602
      10.45050      31.38747
      10.46060      31.41874
      10.47080      31.45043
      10.48100      31.48225
      10.49110      31.51389
      10.50130      31.54595
      10.51150      31.57815
      10.52160      31.61015
      10.53180      31.64260
      10.54200      31.67517
      10.55210      31.70755
      10.56230      31.74037
      10.57240      31.77300
      10.58260      31.80609
      10.59280      31.83930
      10.60290      31.87231
      10.61310      31.90578
      10.62330      31.93938
      10.63340      31.97278
      10.64360      32.00665
      10.65380      32.04063
      10.66390      32.07443
      10.67410      32.10868
      10.68430      32.14307
      10.69440      32.17726
      10.70460      32.21191
      10.71470      32.24636
      10.72490      32.28129
      10.73510      32.31635
      10.74520      32.35120
      10.75540      32.38653
      10.76560      32.42200
      10.77570      32.45725
      10.78590      32.49300
      10.79610      32.52888
      10.80620      32.56454
      10.81640      32.60070
      10.82660      32.63700
      10.83670      32.67308
      10.84690      32.70965
      10.85710      32.74636
      10.86720      32.78286
      10.87740      32.81986
      10.88750      32.85664
      10.89770      32.89392
      10.90790      32.93134
      10.91800      32.96854
      10.92820      33.00626
      10.93840      33.04412
      10.94850      33.08174
      10.95870      33.11989
      10.96890      33.15818
      10.97900      33.19624
      10.98920      33.23483
      10.99940      33.27356
      11.00950      33.31206
      11.01970      33.35109
      11.02980      33.38988
      11.04000      33.42920
      11.05020      33.46868
      11.06030      33.50791
      11.07050      33.54769
      11.08070      33.58761
      11.09080      33.62729
      11.10100      33.66752
      11.11120      33.70790
      11.12130      33.74804
      11.13150      33.78872
      11.14170      33.82956
      11.15180      33.87015
      11.16200      33.91130
      11.17220      33.95260
      11.18230      33.99365
      11.19250      34.03526
      11.20260      34.07662
      11.21280      34.11855
      11.22300      34.16063
      11.23310      34.20246
      11.24330      34.24487
      11.25350      34.28742
      11.26360      34.32972
      11.27380      34.37260
      11.28400      34.41564
      11.29410      34.45841
      11.30430      34.50177
      11.31450      34.54529
      11.32460      34.58854
      11.33480      34.63239
      11.34490      34.67596
      11.35510      34.72013
      11.36530      34.76447
      11.37540      34.80853
      11.38560      34.85320
      11.39580      34.89803
      11.40590      34.94258
      11.41610      34.98774
      11.42630      35.03307
      11.43640      35.07812
      11.44660      35.12378
      11.45680      35.16962
      11.46690      35.21516
      11.47710      35.26133
      11.48730      35.30767
      11.49740      35.35372
      11.50760      35.40039
      11.51770      35.44678
      11.52790      35.49380
      11.53810      35.54100
      11.54820      35.58789
      11.55840      35.63543
      11.56860      35.68314
      11.57870      35.73056
      11.58890      35.77861
      11.59910      35.82685
      11.60920      35.87477
      11.61940      35.92336
      11.62960      35.97212
      11.63970      36.02058
      11.64990      36.06969
      11.66000      36.11849
      11.67020      36.16796
      11.68040      36.21761
      11.69050      36.26694
      11.70070      36.31694
      11.71090      36.36713
      11.72100      36.41699
      11.73120      36.46754
      11.74140      36.51826
      11.75150      36.56867
      11.76170      36.61975
      11.77190      36.67103
      11.78200      36.72197
      11.79220      36.77361
      11.80230      36.82492
      11.81250      36.87692
      11.82270      36.92911
      11.83280      36.98097
      11.84300      37.03353
      11.85320      37.08627
      11.86330      37.13869
      11.87350      37.19180
      11.88370      37.24511
      11.89380      37.29808
      11.90400      37.35176
      11.91420      37.40563
      11.92430      37.45916
      11.93450      37.51340
      11.94470      37.56785
      11.95480      37.62194
      11.96500      37.67676
      11.97510      37.73123
      11.98530      37.78643
      11.99550      37.84182
      12.00560      37.89687
      12.01580      37.95265
      12.02600      38.00862
      12.03610      38.06424
      12.04630      38.12060
      12.05650      38.17716
      12.06660      38.23335
      12.07680      38.29030
      12.08700      38.34744
      12.09710      38.40422
      12.10730      38.46176
      12.11740      38.51892
      12.12760      38.57685
      12.13780      38.63499
      12.14790      38.69274
      12.15810      38.75127
      12.16830      38.80999
      12.17840      38.86834
      12.18860      38.92747
      12.19880      38.98680
      12.20890      39.04575
      12.21910      39.10547
      12.22930      39.16540
      12.23940      39.22495
      12.24960      39.28529
      12.25980      39.34583
      12.26990      39.40598
      12.28010      39.46692
      12.29020      39.52747
      12.30040      39.58883
      12.31060      39.65039
      12.32070      39.71155
      12.33090      39.77353
      12.34110      39.83570
      12.35120      39.89748
      12.36140      39.96007
      12.37160      40.02287
      12.38170      40.08526
      12.39190      40.14848
      12.40210      40.21190
      12.41220      40.27491
      12.42240      40.33876
      12.43250      40.40218
      12.44270      40.46645
      12.45290      40.53092
      12.46300      40.59497
      12.47320      40.65987
      12.48340      40.72498
      12.49350      40.78965
      12.50370      40.85519
      12.51390      40.92093
      12.52400      40.98625
      12.53420      41.05242
      12.54440      41.11881
      12.55450      41.18475
      12.56470      41.25157
      12.57490      41.31860
      12.58500      41.38519
      12.59520      41.45264
      12.60530      41.51966
      12.61550      41.58755
      12.62570      41.65566
      12.63580      41.72332
      12.64600      41.79186
      12.65620      41.86063
      12.66630      41.92893
      12.67650      41.99813
      12.68670      42.06755
      12.69680      42.13651
      12.70700      42.20636
      12.71720      42.27644
      12.72730      42.34604
      12.73750      42.41656
      12.74760      42.48660
      12.75780      42.55756
      12.76800      42.62873
      12.77810      42.69944
      12.78830      42.77106
      12.79850      42.84291
      12.80860      42.91427
      12.81880      42.98656
      12.82900      43.05908
      12.83910      43.13110
      12.84930      43.20406
      12.85950      43.27724
      12.86960      43.34994
      12.87980      43.42357
      12.89000      43.49743
      12.90010      43.57079
      12.91030      43.64510
      12.92040      43.71891
      12.93060      43.79367
      12.94080      43.86866
      12.95090      43.94314
      12.96110      44.01857
      12.97130      44.09425
      12.98140      44.16940
      12.99160      44.24553
      13.00180      44.32188
      13.01190      44.39771
      13.02210      44.47453
      13.03230      44.55156
      13.04240      44.62807
      13.05260      44.70557
      13.06270      44.78254
      13.07290      44.86049
      13.08310      44.93868
      13.09320      45.01632
      13.10340      45.09497
      13.11360      45.17385
      13.12370      45.25219
      13.13390      45.33152
      13.14410      45.41110
      13.15420      45.49011
      13.16440      45.57015
      13.17460      45.65042
      13.18470      45.73013
      13.19490      45.81086
      13.20510      45.89183
      13.21520      45.97223
      13.22540      46.05366
      13.23550      46.13453
      13.24570      46.21642
      13.25590      46.29855
      13.26600      46.38011
      13.27620      46.46271
      13.28640      46.54554
      13.29650      46.62780
      13.30670      46.71109
      13.31690      46.79464
      13.32700      46.87758
      13.33720      46.96159
      13.34740      47.04583
      13.35750      47.12949
      13.36770      47.21420
      13.37780      47.29831
      13.38800      47.38349
      13.39820      47.46892
      13.40830      47.55374
      13.41850      47.63963
      13.42870      47.72576
      13.43880      47.81127
      13.44900      47.89788
      13.45920      47.98471
      13.46930      48.07094
      13.47950      48.15825
      13.48970      48.24581
      13.49980      48.33273
      13.51000      48.42076
      13.52010      48.50815
      13.53030      48.59665
      13.54050      48.68539
      13.55060      48.77349
      13.56080      48.86270
      13.57100      48.95216
      13.58110      49.04097
      13.59130      49.13089
      13.60150      49.22105
      13.61160      49.31058
      13.62180      49.40122
      13.63200      49.49210
      13.64210      49.58232
      13.65230      49.67368
      13.66250      49.76528
      13.67260      49.85621
      13.68280      49.94829
      13.69290      50.03968
      13.70310      50.13224
      13.71330      50.22503
      13.72340      50.31714
      13.73360      50.41040
      13.74380      50.50391
      13.75390      50.59673
      13.76410      50.69072
      13.77430      50.78493
      13.78440      50.87847
      13.79460      50.97316
      13.80480      51.06811
      13.81490      51.16235
      13.82510      51.25776
      13.83520      51.35248
      13.84540      51.44837
      13.85560      51.54450
      13.86570      51.63992
      13.87590      51.73653
      13.88610      51.83338
      13.89620      51.92951
      13.90640      52.02683
      13.91660      52.12440
      13.92670      52.22123
      13.93690      52.31927
      13.94710      52.41755
      13.95720      52.51509
      13.96740      52.61385
      13.97760      52.71284
      13.98770      52.81110
      13.99790      52.91056
      14.00800      53.00929
      14.01820      53.10923
      14.02840      53.20941
      14.03850      53.30883
      14.04870      53.40949
      14.05890      53.51038
      14.06900      53.61052
      14.07920      53.71187
      14.08940      53.81348
      14.09950      53.91431
      14.10970      54.01639
      14.11990      54.11869
      14.13000      54.22024
      14.14020      54.32302
      14.15030      54.42503
      14.16050      54.52827
      14.17070      54.63177
      14.18080      54.73448
      14.19100      54.83843
      14.20120      54.94262
      14.21130      55.04603
      14.22150      55.15069
      14.23170      55.25558
      14.24180      55.35969
      14.25200      55.46505
      14.26220      55.57065
      14.27230      55.67544
      14.28250      55.78151
      14.29270      55.88781
      14.30280      55.99329
      14.31300      56.10006
      14.32310      56.20600
      14.33330      56.31322
      14.34350      56.42068
      14.35360      56.52731
      14.36380      56.63524
      14.37400      56.74339
      14.38410      56.85071
      14.39430      56.95933
      14.40450      57.06817
      14.41460      57.17617
      14.42480      57.28547
      14.43500      57.39501
      14.44510      57.50368
      14.45530      57.61368
      14.46540      57.72281
      14.47560      57.83326
      14.48580      57.94392
      14.49590      58.05373
      14.50610      58.16485
      14.51630      58.27621
      14.52640      58.38668
      14.53660      58.49849
      14.54680      58.61052
      14.55690      58.72167
      14.56710      58.83414
      14.57730      58.94685
      14.58740      59.05867
      14.59760      59.17181
      14.60780      59.28518
      14.61790      59.39766
      14.62810      59.51148
      14.63820      59.62439
      14.64840      59.73865
      14.65860      59.85313
      14.66870      59.96670
      14.67890      60.08162
      14.68910      60.19676
      14.69920      60.31097
      14.70940      60.42655
      14.71960      60.54234
      14.72970      60.65722
      14.73990      60.77344
      14.75010      60.88988
      14.76020      61.00539
      14.77040      61.12227
      14.78050      61.23821
      14.79070      61.35551
      14.80090      61.47303
      14.81100      61.58960
      14.82120      61.70755
      14.83140      61.82570
      14.84150      61.94291
      14.85170      62.06148
      14.86190      62.18027
      14.87200      62.29809
      14.88220      62.41730
      14.89240      62.53671
      14.90250      62.65516
      14.91270      62.77499
      14.92290      62.89503
      14.93300      63.01409
      14.94320      63.13454
      14.95330      63.25402
      14.96350      63.37486
      14.97370      63.49592
      14.98380      63.61600
      14.99400      63.73747
      15.00420      63.85913
      15.01430      63.97980
      15.02450      64.10187
      15.03470      64.22414
      15.04480      64.34541
      15.05500      64.46807
      15.06520      64.59093
      15.07530      64.71278
      15.08550      64.83604
      15.09560      64.95827
      15.10580      65.08191
      15.11600      65.20576
      15.12610      65.32857
      15.13630      65.45279
      15.14650      65.57720
      15.15660      65.70059
      15.16680      65.82538
      15.17700      65.95037
      15.18710      66.07432
      15.19730      66.19967
      15.20750      66.32522
      15.21760      66.44971
      15.22780      66.57563
      15.23800      66.70173
      15.24810      66.82678
      15.25830      66.95323
      15.26840      67.07864
      15.27860      67.20547
      15.28880      67.33248
      15.29890      67.45841
      15.30910      67.58578
      15.31930      67.71332
      15.32940      67.83978
      15.33960      67.96767
      15.34980      68.09574
      15.35990      68.22272
      15.37010      68.35113
      15.38030      68.47971
      15.39040      68.60720
      15.40060      68.73613
      15.41070      68.86395
      15.42090      68.99321
      15.43110      69.12263
      15.44120      69.25095
      15.45140      69.38070
      15.46160      69.51063
      15.47170      69.63942
      15.48190      69.76967
      15.49210      69.90005
      15.50220      70.02934
      15.51240      70.16005
      15.52260      70.29094
      15.53270      70.42067
      15.54290      70.55186
      15.55300      70.68192
      15.56320      70.81340
      15.57340      70.94504
      15.58350      71.07554
      15.59370      71.20749
      15.60390      71.33957
      15.61400      71.47052
      15.62420      71.60290
      15.63440      71.73543
      15.64450      71.86679
      15.65470      71.99960
      15.66490      72.13255
      15.67500      72.26434
      15.68520      72.39756
      15.69540      72.53094
      15.70550      72.66312
      15.71570      72.79677
      15.72580      72.92921
      15.73600      73.06313
      15.74620      73.19715
      15.75630      73.33000
      15.76650      73.46429
      15.77670      73.59871
      15.78680      73.73194
      15.79700      73.86660
      15.80720      74.00139
      15.81730      74.13497
      15.82750      74.27000
      15.83770      74.40516
      15.84780      74.53910
      15.85800      74.67447
      15.86810      74.80865
      15.87830      74.94425
      15.88850      75.07998
      15.89860      75.21447
      15.90880      75.35042
      15.91900      75.48646
      15.92910      75.62128
      15.93930      75.75753
      15.94950      75.89390
      15.95960      76.02903
      15.96980      76.16558
      15.98000      76.30224
      15.99010      76.43765
      16.00030      76.57450
      16.01050      76.71145
      16.02060      76.84714
      16.03080      76.98427
      16.04090      77.12013
      16.05110      77.25744
      16.06130      77.39484
      16.07140      77.53096
      16.08160      77.66852
      16.09180      77.80616
      16.10190      77.94252
      16.11210      78.08032
      16.12230      78.21817
      16.13240      78.35477
      16.14260      78.49277
      16.15280      78.63087
      16.16290      78.76768
      16.17310      78.90589
      16.18320      79.04283
      16.19340      79.18117
      16.20360      79.31959
      16.21370      79.45669
      16.22390      79.59523
      16.23410      79.73382
      16.24420      79.87110
      16.25440      80.00980
      16.26460      80.14856
      16.27470      80.28598
      16.28490      80.42484
      16.29510      80.56371
      16.30520      80.70129
      16.31540      80.84024
      16.32560      80.97926
      16.33570      81.11695
      16.34590      81.25604
      16.35600      81.39381
      16.36620      81.53295
      16.37640      81.67213
      16.38650      81.80997
      16.39670      81.94922
      16.40690      82.08849
      16.41700      82.22639
      16.42720      82.36571
      16.43740      82.50504
      16.44750      82.64300
      16.45770      82.78236
      16.46790      82.92171
      16.47800      83.05973
      16.48820      83.19909
      16.49830      83.33713
      16.50850      83.47649
      16.51870      83.61589
      16.52880      83.75391
      16.53900      83.89330
      16.54920      84.03268
      16.55930      84.17068
      16.56950      84.31006
      16.57970      84.44942
      16.58980      84.58738
      16.60000      84.72671
      16.61020      84.86602
      16.62030      85.00393
      16.63050      85.14320
      16.64070      85.28241
      16.65080      85.42027
      16.66100      85.55943
      16.67110      85.69722
      16.68130      85.83631
      16.69150      85.97539
      16.70160      86.11305
      16.71180      86.25204
      16.72200      86.39100
      16.73210      86.52853
      16.74230      86.66738
      16.75250      86.80619
      16.76260      86.94357
      16.77280      87.08226
      16.78300      87.22090
      16.79310      87.35810
      16.80330      87.49661
      16.81340      87.63369
      16.82360      87.77206
      16.83380      87.91034
      16.84390      88.04723
      16.85410      88.18535
      16.86430      88.32343
      16.87440      88.46005
      16.88460      88.59796
      16.89480      88.73579
      16.90490      88.87215
      16.91510      89.00980
      16.92530      89.14735
      16.93540      89.28342
      16.94560      89.42078
      16.95580      89.55799
      16.96590      89.69380
      16.97610      89.83083
      16.98620      89.96640
      16.99640      90.10321
      17.00660      90.23987
      17.01670      90.37511
      17.02690      90.51154
      17.03710      90.64787
      17.04720      90.78271
      17.05740      90.91878
      17.06760      91.05471
      17.07770      91.18917
      17.08790      91.32482
      17.09810      91.46035
      17.10820      91.59437
      17.11840      91.72960
      17.12850      91.86333
      17.13870      91.99826
      17.14890      92.13300
      17.15900      92.26630
      17.16920      92.40074
      17.17940      92.53500
      17.18950      92.66780
      17.19970      92.80171
      17.20990      92.93549
      17.22000      93.06776
      17.23020      93.20116
      17.24040      93.33438
      17.25050      93.46610
      17.26070      93.59896
      17.27090      93.73161
      17.28100      93.86277
      17.29120      93.99504
      17.30130      94.12579
      17.31150      94.25764
      17.32170      94.38927
      17.33180      94.51944
      17.34200      94.65064
      17.35220      94.78165
      17.36230      94.91116
      17.37250      95.04171
      17.38270      95.17204
      17.39280      95.30087
      17.40300      95.43075
      17.41320      95.56039
      17.42330      95.68851
      17.43350      95.81767
      17.44360      95.94530
      17.45380      96.07396
      17.46400      96.20237
      17.47410      96.32926
      17.48430      96.45716
      17.49450      96.58476
      17.50460      96.71089
      17.51480      96.83797
      17.52500      96.96480
      17.53510      97.09012
      17.54530      97.21637
      17.55550      97.34236
      17.56560      97.46682
      17.57580      97.59223
      17.58590      97.71612
      17.59610      97.84093
      17.60630      97.96547
      17.61640      98.08846
      17.62660      98.21239
      17.63680      98.33600
      17.64690      98.45807
      17.65710      98.58105
      17.66730      98.70369
      17.67740      98.82484
      17.68760      98.94684
      17.69780      99.06851
      17.70790      99.18866
      17.71810      99.30967
      17.72830      99.43034
      17.73840      99.54948
      17.74860      99.66946
      17.75870      99.78790
      17.76890      99.90717
      17.77910     100.02609
      17.78920     100.14347
      17.79940     100.26167
      17.80960     100.37949
      17.81970     100.49577
      17.82990     100.61285
      17.84010     100.72952
      17.85020     100.84470
      17.86040     100.96060
      17.87060     101.07614
      17.88070     101.19015
      17.89090     101.30489
      17.90100     101.41810
      17.91120     101.53205
      17.92140     101.64558
      17.93150     101.75758
      17.94170     101.87030
      17.95190     101.98259
      17.96200     102.09335
      17.97220     102.20480
      17.98240     102.31581
      17.99250     102.42530
      18.00270     102.53545
      18.01290     102.64513
      18.02300     102.75334
      18.03320     102.86213
      18.04340     102.97050
      18.05350     103.07734
      18.06370     103.18479
      18.07380     103.29073
      18.08400     103.39726
      18.09420     103.50333
      18.10430     103.60786
      18.11450     103.71299
      18.12470     103.81763
      18.13480     103.92075
      18.14500     104.02441
      18.15520     104.12756
      18.16530     104.22926
      18.17550     104.33144
      18.18570     104.43311
      18.19580     104.53331
      18.20600     104.63398
      18.21610     104.73316
      18.22630     104.83280
      18.23650     104.93193
      18.24660     105.02957
      18.25680     105.12766
      18.26700     105.22521
      18.27710     105.32129
      18.28730     105.41778
      18.29750     105.51373
      18.30760     105.60819
      18.31780     105.70306
      18.32800     105.79736
      18.33810     105.89021
      18.34830     105.98341
      18.35850     106.07604
      18.36860     106.16723
      18.37880     106.25873
      18.38890     106.34879
      18.39910     106.43915
      18.40930     106.52895
      18.41940     106.61727
      18.42960     106.70591
      18.43980     106.79395
      18.44990     106.88055
      18.46010     106.96741
      18.47030     107.05367
      18.48040     107.13850
      18.49060     107.22356
      18.50080     107.30799
      18.51090     107.39102
      18.52110     107.47424
      18.53120     107.55605
      18.54140     107.63805
      18.55160     107.71941
      18.56170     107.79938
      18.57190     107.87948
      18.58210     107.95896
      18.59220     108.03703
      18.60240     108.11524
      18.61260     108.19280
      18.62270     108.26897
      18.63290     108.34525
      18.64310     108.42086
      18.65320     108.49509
      18.66340     108.56940
      18.67360     108.64304
      18.68370     108.71532
      18.69390     108.78762
      18.70400     108.85858
      18.71420     108.92956
      18.72440     108.99985
      18.73450     109.06881
      18.74470     109.13774
      18.75490     109.20600
      18.76500     109.27290
      18.77520     109.33980
      18.78540     109.40599
      18.79550     109.47084
      18.80570     109.53564
      18.81590     109.59974
      18.82600     109.66251
      18.83620     109.72520
      18.84630     109.78657
      18.85650     109.84784
      18.86670     109.90839
      18.87680     109.96765
      18.88700     110.02676
      18.89720     110.08517
      18.90730     110.14229
      18.91750     110.19923
      18.92770     110.25546
      18.93780     110.31039
      18.94800     110.36514
      18.95820     110.41917
      18.96830     110.47192
      18.97850     110.52447
      18.98870     110.57626
      18.99880     110.62682
      19.00900     110.67712
      19.01910     110.72619
      19.02930     110.77499
      19.03950     110.82304
      19.04960     110.86987
      19.05980     110.91640
      19.07000     110.96218
      19.08010     111.00674
      19.09030     111.05100
      19.10050     111.09448
      19.11060     111.13676
      19.12080     111.17871
      19.13100     111.21989
      19.14110     111.25988
      19.15130     111.29951
      19.16140     111.33797
      19.17160     111.37605
      19.18180     111.41333
      19.19190     111.44947
      19.20210     111.48519
      19.21230     111.52012
      19.22240     111.55392
      19.23260     111.58728
      19.24280     111.61984
      19.25290     111.65131
      19.26310     111.68229
      19.27330     111.71247
      19.28340     111.74157
      19.29360     111.77016
      19.30380     111.79796
      19.31390     111.82469
      19.32410     111.85088
      19.33420     111.87602
      19.34440     111.90060
      19.35460     111.92439
      19.36470     111.94713
      19.37490     111.96931
      19.38510     111.99067
      19.39520     112.01102
      19.40540     112.03075
      19.41560     112.04969
      19.42570     112.06763
      19.43590     112.08494
      19.44610     112.10143
      19.45620     112.11695
      19.46640     112.13182
      19.47650     112.14573
      19.48670     112.15896
      19.49690     112.17139
      19.50700     112.18287
      19.51720     112.19365
      19.52740     112.20362
      19.53750     112.21268
      19.54770     112.22100
      19.55790     112.22849
      19.56800     112.23512
      19.57820     112.24098
      19.58840     112.24603
      19.59850     112.25021
      19.60870     112.25361
      19.61880     112.25617
      19.62900     112.25793
      19.63920     112.25887
      19.64930     112.25900
      19.65950     112.25829
      19.66970     112.25676
      19.67980     112.25444
      19.69000     112.25127
      19.70020     112.24729
      19.71030     112.24252
      19.72050     112.23690
      19.73070     112.23045
      19.74080     112.22324
      19.75100     112.21516
      19.76120     112.20625
      19.77130     112.19662
      19.78150     112.18607
      19.79160     112.17482
      19.80180     112.16265
      19.81200     112.14964
      19.82210     112.13597
      19.83230     112.12134
      19.84250     112.10589
      19.85260     112.08979
      19.86280     112.07272
      19.87300     112.05483
      19.88310     112.03632
      19.89330     112.01682
      19.90350     111.99649
      19.91360     111.97556
      19.92380     111.95364
      19.93390     111.93111
      19.94410     111.90758
      19.95430     111.88322
      19.96440     111.85831
      19.97460     111.83235
      19.98480     111.80558
      19.99490     111.77829
      20.00510     111.74993
      20.01530     111.72076
      20.02540     111.69111
      20.03560     111.66035
      20.04580     111.62881
      20.05590     111.59679
      20.06610     111.56367
      20.07630     111.52974
      20.08640     111.49538
      20.09660     111.45988
      20.10670     111.42396
      20.11690     111.38691
      20.12710     111.34907
      20.13720     111.31082
      20.14740     111.27142
      20.15760     111.23125
      20.16770     111.19070
      20.17790     111.14898
      20.18810     111.10649
      20.19820     111.06365
      20.20840     111.01963
      20.21860     110.97484
      20.22870     110.92972
      20.23890     110.88341
      20.24900     110.83680
      20.25920     110.78897
      20.26940     110.74038
      20.27950     110.69153
      20.28970     110.64144
      20.29990     110.59060
      20.31000     110.53953
      20.32020     110.48720
      20.33040     110.43414
      20.34050     110.38085
      20.35070     110.32631
      20.36090     110.27102
      20.37100     110.21556
      20.38120     110.15883
      20.39140     110.10136
      20.40150     110.04374
      20.41170     109.98483
      20.42180     109.92577
      20.43200     109.86544
      20.44220     109.80436
      20.45230     109.74320
      20.46250     109.68071
      20.47270     109.61752
      20.48280     109.55425
      20.49300     109.48965
      20.50320     109.42435
      20.51330     109.35901
      20.52350     109.29233
      20.53370     109.22495
      20.54380     109.15756
      20.55400     109.08881
      20.56410     109.02007
      20.57430     108.94995
      20.58450     108.87918
      20.59460     108.80841
      20.60480     108.73631
      20.61500     108.66351
      20.62510     108.59077
      20.63530     108.51665
      20.64550     108.44187
      20.65560     108.36718
      20.66580     108.29109
      20.67600     108.21436
      20.68610     108.13773
      20.69630     108.05972
      20.70650     107.98106
      20.71660     107.90253
      20.72680     107.82260
      20.73690     107.74283
      20.74710     107.66164
      20.75730     107.57983
      20.76740     107.49821
      20.77760     107.41516
      20.78780     107.33150
      20.79790     107.24805
      20.80810     107.16316
      20.81830     107.07767
      20.82840     106.99242
      20.83860     106.90574
      20.84880     106.81845
      20.85890     106.73144
      20.86910     106.64297
      20.87920     106.55482
      20.88940     106.46519
      20.89960     106.37499
      20.90970     106.28510
      20.91990     106.19374
      20.93010     106.10183
      20.94020     106.01025
      20.95040     105.91722
      20.96060     105.82362
      20.97070     105.73040
      20.98090     105.63569
      20.99110     105.54044
      21.00120     105.44559
      21.01140     105.34926
      21.02160     105.25238
      21.03170     105.15594
      21.04190     105.05799
      21.05200     104.96051
      21.06220     104.86153
      21.07240     104.76205
      21.08250     104.66300
      21.09270     104.56248
      21.10290     104.46145
      21.11300     104.36089
      21.12320     104.25887
      21.13340     104.15633
      21.14350     104.05431
      21.15370     103.95078
      21.16390     103.84676
      21.17400     103.74330
      21.18420     103.63833
      21.19430     103.53392
      21.20450     103.42799
      21.21470     103.32159
      21.22480     103.21579
      21.23500     103.10847
      21.24520     103.00071
      21.25530     102.89352
      21.26550     102.78486
      21.27570     102.67572
      21.28580     102.56721
      21.29600     102.45720
      21.30620     102.34675
      21.31630     102.23695
      21.32650     102.12563
      21.33660     102.01499
      21.34680     101.90282
      21.35700     101.79023
      21.36710     101.67835
      21.37730     101.56493
      21.38750     101.45110
      21.39760     101.33801
      21.40780     101.22337
      21.41800     101.10837
      21.42810     100.99406
      21.43830     100.87827
      21.44850     100.76207
      21.45860     100.64664
      21.46880     100.52968
      21.47900     100.41234
      21.48910     100.29578
      21.49930     100.17770
      21.50940     100.06042
      21.51960      99.94160
      21.52980      99.82244
      21.53990      99.70410
      21.55010      99.58421
      21.56030      99.46398
      21.57040      99.34461
      21.58060      99.22370
      21.59080      99.10247
      21.60090      98.98206
      21.61110      98.86017
      21.62130      98.73792
      21.63140      98.61657
      21.64160      98.49368
      21.65170      98.37170
      21.66190      98.24818
      21.67210      98.12434
      21.68220      98.00144
      21.69240      97.87699
      21.70260      97.75226
      21.71270      97.62846
      21.72290      97.50313
      21.73310      97.37750
      21.74320      97.25285
      21.75340      97.12665
      21.76360      97.00021
      21.77370      96.87469
      21.78390      96.74769
      21.79410      96.62040
      21.80420      96.49410
      21.81440      96.36629
      21.82450      96.23947
      21.83470      96.11114
      21.84490      95.98254
      21.85500      95.85498
      21.86520      95.72589
      21.87540      95.59656
      21.88550      95.46827
      21.89570      95.33846
      21.90590      95.20844
      21.91600      95.07943
      21.92620      94.94894
      21.93640      94.81824
      21.94650      94.68856
      21.95670      94.55742
      21.96680      94.42731
      21.97700      94.29575
      21.98720      94.16395
      21.99730      94.03326
      22.00750      93.90105
      22.01770      93.76864
      22.02780      93.63735
      22.03800      93.50456
      22.04820      93.37157
      22.05830      93.23972
      22.06850      93.10636
      22.07870      92.97285
      22.08880      92.84043
      22.09900      92.70654
      22.10920      92.57250
      22.11930      92.43958
      22.12950      92.30521
      22.13960      92.17195
      22.14980      92.03725
      22.16000      91.90237
      22.17010      91.76868
      22.18030      91.63351
      22.19050      91.49818
      22.20060      91.36404
      22.21080      91.22842
      22.22100      91.09267
      22.23110      90.95811
      22.24130      90.82209
      22.25150      90.68595
      22.26160      90.55099
      22.27180      90.41460
      22.28190      90.27939
      22.29210      90.14273
      22.30230      90.00598
      22.31240      89.87042
      22.32260      89.73345
      22.33280      89.59635
      22.34290      89.46049
      22.35310      89.32317
      22.36330      89.18575
      22.37340      89.04959
      22.38360      88.91198
      22.39380      88.77427
      22.40390      88.63784
      22.41410      88.49996
      22.42430      88.36201
      22.43440      88.22530
      22.44460      88.08720
      22.45470      87.95033
      22.46490      87.81207
      22.47510      87.67372
      22.48520      87.53664
      22.49540      87.39818
      22.50560      87.25961
      22.51570      87.12238
      22.52590      86.98370
      22.53610      86.84496
      22.54620      86.70754
      22.55640      86.56870
      22.56660      86.42981
      22.57670      86.29224
      22.58690      86.15326
      22.59700      86.01562
      22.60720      85.87654
      22.61740      85.73746
      22.62750      85.59968
      22.63770      85.46053
      22.64790      85.32133
      22.65800      85.18345
      22.66820      85.04421
      22.67840      84.90494
      22.68850      84.76701
      22.69870      84.62769
      22.70890      84.48834
      22.71900      84.35037
      22.72920      84.21101
      22.73940      84.07162
      22.74950      83.93362
      22.75970      83.79423
      22.76980      83.65621
      22.78000      83.51682
      22.79020      83.37745
      22.80030      83.23941
      22.81050      83.10004
      22.82070      82.96066
      22.83080      82.82267
      22.84100      82.68331
      22.85120      82.54397
      22.86130      82.40601
      22.87150      82.26669
      22.88170      82.12740
      22.89180      81.98950
      22.90200      81.85025
      22.91210      81.71240
      22.92230      81.57321
      22.93250      81.43404
      22.94260      81.29628
      22.95280      81.15717
      22.96300      81.01814
      22.97310      80.88046
      22.98330      80.74149
      22.99350      80.60254
      23.00360      80.46500
      23.01380      80.32614
      23.02400      80.18732
      23.03410      80.04993
      23.04430      79.91122
      23.05450      79.77255
      23.06460      79.63531
      23.07480      79.49677
      23.08490      79.35963
      23.09510      79.22120
      23.10530      79.08282
      23.11540      78.94588
      23.12560      78.80763
      23.13580      78.66948
      23.14590      78.53271
      23.15610      78.39469
      23.16630      78.25672
      23.17640      78.12019
      23.18660      77.98238
      23.19680      77.84463
      23.20690      77.70833
      23.21710      77.57075
      23.22720      77.43460
      23.23740      77.29718
      23.24760      77.15985
      23.25770      77.02396
      23.26790      76.88680
      23.27810      76.74976
      23.28820      76.61411
      23.29840      76.47722
      23.30860      76.34045
      23.31870      76.20509
      23.32890      76.06852
      23.33910      75.93202
      23.34920      75.79698
      23.35940      75.66069
      23.36950      75.52585
      23.37970      75.38976
      23.38990      75.25378
      23.40000      75.11926
      23.41020      74.98351
      23.42040      74.84785
      23.43050      74.71365
      23.44070      74.57824
      23.45090      74.44296
      23.46100      74.30908
      23.47120      74.17401
      23.48140      74.03908
      23.49150      73.90556
      23.50170      73.77088
      23.51190      73.63629
      23.52200      73.50317
      23.53220      73.36884
      23.54230      73.23596
      23.55250      73.10188
      23.56270      72.96793
      23.57280      72.83545
      23.58300      72.70177
      23.59320      72.56821
      23.60330      72.43613
      23.61350      72.30286
      23.62370      72.16975
      23.63380      72.03803
      23.64400      71.90520
      23.65420      71.77248
      23.66430      71.64120
      23.67450      71.50880
      23.68460      71.37780
      23.69480      71.24569
      23.70500      71.11369
      23.71510      70.98316
      23.72530      70.85147
      23.73550      70.71992
      23.74560      70.58984
      23.75580      70.45860
      23.76600      70.32752
      23.77610      70.19790
      23.78630      70.06713
      23.79650      69.93654
      23.80660      69.80736
      23.81680      69.67709
      23.82700      69.54696
      23.83710      69.41828
      23.84730      69.28847
      23.85740      69.16009
      23.86760      69.03063
      23.87780      68.90132
      23.88790      68.77346
      23.89810      68.64448
      23.90830      68.51568
      23.91840      68.38831
      23.92860      68.25984
      23.93880      68.13155
      23.94890      68.00469
      23.95910      67.87675
      23.96930      67.74900
      23.97940      67.62264
      23.98960      67.49525
      23.99970      67.36925
      24.00990      67.24220
      24.02010      67.11532
      24.03020      66.98987
      24.04040      66.86334
      24.05060      66.73700
      24.06070      66.61209
      24.07090      66.48611
      24.08110      66.36033
      24.09120      66.23597
      24.10140      66.11055
      24.11160      65.98531
      24.12170      65.86152
      24.13190      65.73666
      24.14210      65.61201
      24.15220      65.48875
      24.16240      65.36449
      24.17250      65.24161
      24.18270      65.11773
      24.19290      64.99403
      24.20300      64.87173
      24.21320      64.74842
      24.22340      64.62531
      24.23350      64.50359
      24.24370      64.38087
      24.25390      64.25834
      24.26400      64.13722
      24.27420      64.01508
      24.28440      63.89316
      24.29450      63.77263
      24.30470      63.65110
      24.31480      63.53098
      24.32500      63.40985
      24.33520      63.28895
      24.34530      63.16941
      24.35550      63.04892
      24.36570      62.92861
      24.37580      62.80970
      24.38600      62.68980
      24.39620      62.57012
      24.40630      62.45182
      24.41650      62.33255
      24.42670      62.21349
      24.43680      62.09582
      24.44700      61.97717
      24.45720      61.85876
      24.46730      61.74170
      24.47750      61.62368
      24.48760      61.50706
      24.49780      61.38947
      24.50800      61.27213
      24.51810      61.15611
      24.52830      61.03919
      24.53850      60.92247
      24.54860      60.80711
      24.55880      60.69081
      24.56900      60.57474
      24.57910      60.46003
      24.58930      60.34439
      24.59950      60.22896
      24.60960      60.11490
      24.61980      59.99991
      24.62990      59.88628
      24.64010      59.77174
      24.65030      59.65743
      24.66040      59.54444
      24.67060      59.43055
      24.68080      59.31691
      24.69090      59.20457
      24.70110      59.09138
      24.71130      58.97838
      24.72140      58.86673
      24.73160      58.75418
      24.74180      58.64186
      24.75190      58.53088
      24.76210      58.41900
      24.77230      58.30736
      24.78240      58.19704
      24.79260      58.08585
      24.80270      57.97598
      24.81290      57.86523
      24.82310      57.75474
      24.83320      57.64553
      24.84340      57.53549
      24.85360      57.42566
      24.86370      57.31712
      24.87390      57.20777
      24.88410      57.09863
      24.89420      56.99080
      24.90440      56.88211
      24.91460      56.77365
      24.92470      56.66650
      24.93490      56.55851
      24.94500      56.45182
      24.95520      56.34429
      24.96540      56.23699
      24.97550      56.13098
      24.98570      56.02415
      24.99590      55.91756
      25.00600      55.81223
      25.01620      55.70611
      25.02640      55.60020
      25.03650      55.49556
      25.04670      55.39014
      25.05690      55.28495
      25.06700      55.18101
      25.07720      55.07628
      25.08740      54.97178
      25.09750      54.86855
      25.10770      54.76451
      25.11780      54.66174
      25.12800      54.55819
      25.13820      54.45486
      25.14830      54.35279
      25.15850      54.24994
      25.16870      54.14734
      25.17880      54.04595
      25.18900      53.94382
      25.19920      53.84191
      25.20930      53.74125
      25.21950      53.63981
      25.22970      53.53861
      25.23980      53.43865
      25.25000      53.33792
      25.26010      53.23843
      25.27030      53.13818
      25.28050      53.03817
      25.29060      52.93938
      25.30080      52.83984
      25.31100      52.74054
      25.32110      52.64246
      25.33130      52.54363
      25.34150      52.44506
      25.35160      52.34767
      25.36180      52.24958
      25.37200      52.15170
      25.38210      52.05503
      25.39230      51.95764
      25.40240      51.86145
      25.41260      51.76452
      25.42280      51.66784
      25.43290      51.57236
      25.44310      51.47615
      25.45330      51.38019
      25.46340      51.28541
      25.47360      51.18992
      25.48380      51.09467
      25.49390      51.00060
      25.50410      50.90583
      25.51430      50.81132
      25.52440      50.71794
      25.53460      50.62390
      25.54480      50.53009
      25.55490      50.43744
      25.56510      50.34410
      25.57520      50.25192
      25.58540      50.15906
      25.59560      50.06643
      25.60570      49.97496
      25.61590      49.88282
      25.62610      49.79091
      25.63620      49.70015
      25.64640      49.60872
      25.65660      49.51753
      25.66670      49.42748
      25.67690      49.33677
      25.68710      49.24630
      25.69720      49.15694
      25.70740      49.06696
      25.71750      48.97807
      25.72770      48.88856
      25.73790      48.79927
      25.74800      48.71111
      25.75820      48.62230
      25.76840      48.53373
      25.77850      48.44627
      25.78870      48.35817
      25.79890      48.27031
      25.80900      48.18356
      25.81920      48.09617
      25.82940      48.00903
      25.83950      47.92297
      25.84970      47.83629
      25.85990      47.74987
      25.87000      47.66451
      25.88020      47.57856
      25.89030      47.49366
      25.90050      47.40818
      25.91070      47.32293
      25.92080      47.23875
      25.93100      47.15396
      25.94120      47.06942
      25.95130      46.98594
      25.96150      46.90186
      25.97170      46.81802
      25.98180      46.73523
      25.99200      46.65186
      26.00220      46.56874
      26.01230      46.48664
      26.02250      46.40398
      26.03260      46.32235
      26.04280      46.24015
      26.05300      46.15820
      26.06310      46.07725
      26.07330      45.99577
      26.08350      45.91450
      26.09360      45.83426
      26.10380      45.75346
      26.11400      45.67289
      26.12410      45.59335
      26.13430      45.51324
      26.14450      45.43337
      26.15460      45.35452
      26.16480      45.27510
      26.17500      45.19594
      26.18510      45.11776
      26.19530      45.03906
      26.20540      44.96133
      26.21560      44.88309
      26.22580      44.80507
      26.23590      44.72802
      26.24610      44.65047
      26.25630      44.57313
      26.26640      44.49679
      26.27660      44.41991
      26.28680      44.34326
      26.29690      44.26759
      26.30710      44.19140
      26.31730      44.11543
      26.32740      44.04044
      26.33760      43.96493
      26.34770      43.89039
      26.35790      43.81533
      26.36810      43.74052
      26.37820      43.66663
      26.38840      43.59227
      26.39860      43.51812
      26.40870      43.44491
      26.41890      43.37122
      26.42910      43.29774
      26.43920      43.22521
      26.44940      43.15218
      26.45960      43.07938
      26.46970      43.00751
      26.47990      42.93515
      26.49010      42.86302
      26.50020      42.79182
      26.51040      42.72013
      26.52050      42.64937
      26.53070      42.57812
      26.54090      42.50711
      26.55100      42.43699
      26.56120      42.36642
      26.57140      42.29606
      26.58150      42.22661
      26.59170      42.15669
      26.60190      42.08699
      26.61200      42.01819
      26.62220      41.94893
      26.63240      41.87988
      26.64250      41.81173
      26.65270      41.74312
      26.66280      41.67541
      26.67300      41.60723
      26.68320      41.53927
      26.69330      41.47220
      26.70350      41.40467
      26.71370      41.33738
      26.72380      41.27093
      26.73400      41.20406
      26.74420      41.13740
      26.75430      41.07161
      26.76450      41.00537
      26.77470      40.93935
      26.78480      40.87419
      26.79500      40.80859
      26.80520      40.74321
      26.81530      40.67868
      26.82550      40.61372
      26.83560      40.54961
      26.84580      40.48507
      26.85600      40.42075
      26.86610      40.35727
      26.87630      40.29335
      26.88650      40.22967
      26.89660      40.16680
      26.90680      40.10353
      26.91700      40.04046
      26.92710      39.97822
      26.93730      39.91557
      26.94750      39.85312
      26.95760      39.79149
      26.96780      39.72945
      26.97790      39.66824
      26.98810      39.60661
      26.99830      39.54520
      27.00840      39.48459
      27.01860      39.42358
      27.02880      39.36279
      27.03890      39.30278
      27.04910      39.24238
      27.05930      39.18219
      27.06940      39.12278
      27.07960      39.06300
      27.08980      39.00341
      27.09990      38.94461
      27.11010      38.88543
      27.12020      38.82702
      27.13040      38.76823
      27.14060      38.70965
      27.15070      38.65184
      27.16090      38.59365
      27.17110      38.53566
      27.18120      38.47844
      27.19140      38.42084
      27.20160      38.36345
      27.21170      38.30680
      27.22190      38.24980
      27.23210      38.19300
      27.24220      38.13694
      27.25240      38.08052
      27.26260      38.02430
      27.27270      37.96882
      27.28290      37.91298
      27.29300      37.85789
      27.30320      37.80243
      27.31340      37.74718
      27.32350      37.69265
      27.33370      37.63778
      27.34390      37.58309
      27.35400      37.52913
      27.36420      37.47483
      27.37440      37.42072
      27.38450      37.36732
      27.39470      37.31359
      27.40490      37.26004
      27.41500      37.20720
      27.42520      37.15403
      27.43530      37.10156
      27.44550      37.04877
      27.45570      36.99615
      27.46580      36.94424
      27.47600      36.89200
      27.48620      36.83994
      27.49630      36.78858
      27.50650      36.73689
      27.51670      36.68538
      27.52680      36.63457
      27.53700      36.58342
      27.54720      36.53247
      27.55730      36.48219
      27.56750      36.43160
      27.57770      36.38118
      27.58780      36.33144
      27.59800      36.28139
      27.60810      36.23199
      27.61830      36.18230
      27.62850      36.13279
      27.63860      36.08393
      27.64880      36.03476
      27.65900      35.98577
      27.66910      35.93745
      27.67930      35.88881
      27.68950      35.84035
      27.69960      35.79255
      27.70980      35.74444
      27.72000      35.69651
      27.73010      35.64921
      27.74030      35.60163
      27.75040      35.55468
      27.76060      35.50744
      27.77080      35.46037
      27.78090      35.41393
      27.79110      35.36721
      27.80130      35.32065
      27.81140      35.27472
      27.82160      35.22850
      27.83180      35.18245
      27.84190      35.13702
      27.85210      35.09131
      27.86230      35.04576
      27.87240      35.00084
      27.88260      34.95562
      27.89280      34.91059
      27.90290      34.86614
      27.91310      34.82144
      27.92320      34.77732
      27.93340      34.73294
      27.94360      34.68873
      27.95370      34.64510
      27.96390      34.60121
      27.97410      34.55748
      27.98420      34.51434
      27.99440      34.47094
      28.00460      34.42769
      28.01470      34.38503
      28.02490      34.34211
      28.03510      34.29934
      28.04520      34.25716
      28.05540      34.21471
      28.06550      34.17284
      28.07570      34.13071
      28.08590      34.08874
      28.09600      34.04733
      28.10620      34.00568
      28.11640      33.96417
      28.12650      33.92323
      28.13670      33.88204
      28.14690      33.84100
      28.15700      33.80052
      28.16720      33.75979
      28.17740      33.71921
      28.18750      33.67918
      28.19770      33.63891
      28.20790      33.59880
      28.21800      33.55922
      28.22820      33.51940
      28.23830      33.48012
      28.24850      33.44060
      28.25870      33.40124
      28.26880      33.36240
      28.27900      33.32333
      28.28920      33.28441
      28.29930      33.24602
      28.30950      33.20739
      28.31970      33.16891
      28.32980      33.13095
      28.34000      33.09276
      28.35020      33.05472
      28.36030      33.01719
      28.37050      32.97943
      28.38060      32.94220
      28.39080      32.90473
      28.40100      32.86741
      28.41110      32.83059
      28.42130      32.79354
      28.43150      32.75665
      28.44160      32.72025
      28.45180      32.68364
      28.46200      32.64716
      28.47210      32.61119
      28.48230      32.57499
      28.49250      32.53893
      28.50260      32.50336
      28.51280      32.46758
      28.52300      32.43193
      28.53310      32.39678
      28.54330      32.36140
      28.55340      32.32652
      28.56360      32.29142
      28.57380      32.25645
      28.58390      32.22196
      28.59410      32.18727
      28.60430      32.15271
      28.61440      32.11861
      28.62460      32.08432
      28.63480      32.05016
      28.64490      32.01646
      28.65510      31.98256
      28.66530      31.94879
      28.67540      31.91549
      28.68560      31.88198
      28.69570      31.84893
      28.70590      31.81568
      28.71610      31.78256
      28.72620      31.74989
      28.73640      31.71703
      28.74660      31.68430
      28.75670      31.65200
      28.76690      31.61952
      28.77710      31.58717
      28.78720      31.55525
      28.79740      31.52315
      28.80760      31.49117
      28.81770      31.45963
      28.82790      31.42789
      28.83810      31.39628
      28.84820      31.36511
      28.85840      31.33374
      28.86850      31.30281
      28.87870      31.27169
      28.88890      31.24069
      28.89900      31.21012
      28.90920      31.17936
      28.91940      31.14873
      28.92950      31.11851
      28.93970      31.08811
      28.94990      31.05783
      28.96000      31.02797
      28.97020      30.99792
      28.98040      30.96800
      28.99050      30.93848
      29.00070      30.90879
      29.01080      30.87951
      29.02100      30.85004
      29.03120      30.82070
      29.04130      30.79176
      29.05150      30.76264
      29.06170      30.73363
      29.07180      30.70503
      29.08200      30.67625
      29.09220      30.64760
      29.10230      30.61932
      29.11250      30.59089
      29.12270      30.56256
      29.13280      30.53462
      29.14300      30.50652
      29.15310      30.47880
      29.16330      30.45091
      29.17350      30.42313
      29.18360      30.39574
      29.19380      30.36818
      29.20400      30.34073
      29.21410      30.31365
      29.22430      30.28642
      29.23450      30.25929
      29.24460      30.23253
      29.25480      30.20561
      29.26500      30.17881
      29.27510      30.15236
      29.28530      30.12576
      29.29550      30.09927
      29.30560      30.07314
      29.31580      30.04685
      29.32590      30.02092
      29.33610      29.99484
      29.34630      29.96886
      29.35640      29.94324
      29.36660      29.91746
      29.37680      29.89178
      29.38690      29.86646
      29.39710      29.84098
      29.40730      29.81561
      29.41740      29.79058
      29.42760      29.76541
      29.43780      29.74034
      29.44790      29.71560
      29.45810      29.69073
      29.46820      29.66619
      29.47840      29.64150
      29.48860      29.61692
      29.49870      29.59267
      29.50890      29.56827
      29.51910      29.54397
      29.52920      29.52001
      29.53940      29.49590
      29.54960      29.47188
      29.55970      29.44820
      29.56990      29.42437
      29.58010      29.40064
      29.59020      29.37723
      29.60040      29.35368
      29.61060      29.33023
      29.62070      29.30710
      29.63090      29.28383
      29.64100      29.26088
      29.65120      29.23779
      29.66140      29.21479
      29.67150      29.19211
      29.68170      29.16929
      29.69190      29.14656
      29.70200      29.12414
      29.71220      29.10159
      29.72240      29.07913
      29.73250      29.05697
      29.74270      29.03468
      29.75290      29.01249
      29.76300      28.99059
      29.77320      28.96856
      29.78330      28.94683
      29.79350      28.92498
      29.80370      28.90321
      29.81380      28.88174
      29.82400      28.86014
      29.83420      28.83862
      29.84430      28.81740
      29.85450      28.79605
      29.86470      28.77479
      29.87480      28.75381
      29.88500      28.73271
      29.89520      28.71169
      29.90530      28.69097
      29.91550      28.67011
      29.92570      28.64934
      29.93580      28.62885
      29.94600      28.60824
      29.95610      28.58791
      29.96630      28.56746
      29.97650      28.54709
      29.98660      28.52699
      29.99680      28.50678
      30.00700      28.48665
      30.01710      28.46679
      30.02730      28.44681
      30.03750      28.42690
      30.04760      28.40728
      30.05780      28.38753
      30.06800      28.36786
      30.07810      28.34845
      30.08830      28.32893
      30.09840      28.30968
      30.10860      28.29031
      30.11880      28.27102
      30.12890      28.25199
      30.13910      28.23284
      30.14930      28.21377
      30.15940      28.19496
      30.16960      28.17603
      30.17980      28.15718
      30.18990      28.13859
      30.20010      28.11988
      30.21030      28.10125
      30.22040      28.08287
      30.23060      28.06437
      30.24080      28.04595
      30.25090      28.02778
      30.26110      28.00950
      30.27120      27.99147
      30.28140      27.97333
      30.29160      27.95527
      30.30170      27.93744
      30.31190      27.91951
      30.32210      27.90165
      30.33220      27.88403
      30.34240      27.86630
      30.35260      27.84864
      30.36270      27.83122
      30.37290      27.81369
      30.38310      27.79624
      30.39320      27.77902
      30.40340      27.76169
      30.41350      27.74460
      30.42370      27.72741
      30.43390      27.71028
      30.44400      27.69338
      30.45420      27.67638
      30.46440      27.65945
      30.47450      27.64274
      30.48470      27.62594
      30.49490      27.60919
      30.50500      27.59268
      30.51520      27.57606
      30.52540      27.55951
      30.53550      27.54318
      30.54570      27.52675
      30.55590      27.51038
      30.56600      27.49424
      30.57620      27.47799
      30.58630      27.46197
      30.59650      27.44585
      30.60670      27.42978
      30.61680      27.41394
      30.62700      27.39800
      30.63720      27.38212
      30.64730      27.36645
      30.65750      27.35069
      30.66770      27.33498
      30.67780      27.31949
      30.68800      27.30391
      30.69820      27.28838
      30.70830      27.27306
      30.71850      27.25764
      30.72860      27.24244
      30.73880      27.22714
      30.74900      27.21189
      30.75910      27.19686
      30.76930      27.18173
      30.77950      27.16665
      30.78960      27.15178
      30.79980      27.13682
      30.81000      27.12192
      30.82010      27.10721
      30.83030      27.09241
      30.84050      27.07767
      30.85060      27.06313
      30.86080      27.04849
      30.87100      27.03391
      30.88110      27.01952
      30.89130      27.00505
      30.90140      26.99077
      30.91160      26.97640
      30.92180      26.96209
      30.93190      26.94796
      30.94210      26.93375
      30.95230      26.91959
      30.96240      26.90562
      30.97260      26.89157
      30.98280      26.87756
      30.99290      26.86374
      31.00310      26.84984
      31.01330      26.83599
      31.02340      26.82232
      31.03360      26.80857
      31.04370      26.79500
      31.05390      26.78134
      31.06410      26.76773
      31.07420      26.75431
      31.08440      26.74080
      31.09460      26.72735
      31.10470      26.71407
      31.11490      26.70070
      31.12510      26.68739
      31.13520      26.67425
      31.14540      26.66104
      31.15560      26.64787
      31.16570      26.63487
      31.17590      26.62179
      31.18600      26.60888
      31.19620      26.59590
      31.20640      26.58296
      31.21650      26.57020
      31.22670      26.55735
      31.23690      26.54454
      31.24700      26.53191
      31.25720      26.51920
      31.26740      26.50653
      31.27750      26.49404
      31.28770      26.48146
      31.29790      26.46893
      31.30800      26.45656
      31.31820      26.44411
      31.32840      26.43171
      31.33850      26.41948
      31.34870      26.40716
      31.35880      26.39501
      31.36900      26.38278
      31.37920      26.37059
      31.38930      26.35857
      31.39950      26.34646
      31.40970      26.33440
      31.41980      26.32250
      31.43000      26.31053
      31.44020      26.29859
      31.45030      26.28681
      31.46050      26.27496
      31.47070      26.26315
      31.48080      26.25149
      31.49100      26.23976
      31.50110      26.22819
      31.51130      26.21654
      31.52150      26.20492
      31.53160      26.19347
      31.54180      26.18194
      31.55200      26.17044
      31.56210      26.15910
      31.57230      26.14769
      31.58250      26.13631
      31.59260      26.12509
      31.60280      26.11379
      31.61300      26.10253
      31.62310      26.09142
      31.63330      26.08023
      31.64350      26.06909
      31.65360      26.05809
      31.66380      26.04702
      31.67390      26.03609
      31.68410      26.02509
      31.69430      26.01413
      31.70440      26.00332
      31.71460      25.99243
      31.72480      25.98158
      31.73490      25.97087
      31.74510      25.96009
      31.75530      25.94935
      31.76540      25.93875
      31.77560      25.92807
      31.78580      25.91744
      31.79590      25.90694
      31.80610      25.89637
      31.81620      25.88595
      31.82640      25.87545
      31.83660      25.86499
      31.84670      25.85466
      31.85690      25.84427
      31.86710      25.83391
      31.87720      25.82368
      31.88740      25.81339
      31.89760      25.80313
      31.90770      25.79301
      31.91790      25.78281
      31.92810      25.77265
      31.93820      25.76263
      31.94840      25.75253
      31.95860      25.74247
      31.96870      25.73254
      31.97890      25.72255
      31.98900      25.71268
      31.99920      25.70275
      32.00940      25.69285
      32.01950      25.68307
      32.02970      25.67324
      32.03990      25.66343
      32.05000      25.65376
      32.06020      25.64401
      32.07040      25.63430
      32.08050      25.62471
      32.09070      25.61506
      32.10090      25.60544
      32.11100      25.59595
      32.12120      25.58639
      32.13130      25.57695
      32.14150      25.56745
      32.15170      25.55798
      32.16180      25.54863
      32.17200      25.53922
      32.18220      25.52984
      32.19230      25.52058
      32.20250      25.51126
      32.21270      25.50197
      32.22280      25.49279
      32.23300      25.48355
      32.24320      25.47435
      32.25330      25.46526
      32.26350      25.45611
      32.27370      25.44699
      32.28380      25.43798
      32.29400      25.42892
      32.30410      25.41997
      32.31430      25.41095
      32.32450      25.40197
      32.33460      25.39310
      32.34480      25.38417
      32.35500      25.37527
      32.36510      25.36648
      32.37530      25.35764
      32.38550      25.34881
      32.39560      25.34011
      32.40580      25.33134
      32.41600      25.32260
      32.42610      25.31397
      32.43630      25.30528
      32.44640      25.29671
      32.45660      25.28807
      32.46680      25.27946
      32.47690      25.27096
      32.48710      25.26240
      32.49730      25.25386
      32.50740      25.24544
      32.51760      25.23695
      32.52780      25.22849
      32.53790      25.22014
      32.54810      25.21173
      32.55830      25.20335
      32.56840      25.19507
      32.57860      25.18674
      32.58880      25.17843
      32.59890      25.17023
      32.60910      25.16196
      32.61920      25.15381
      32.62940      25.14560
      32.63960      25.13741
      32.64970      25.12932
      32.65990      25.12118
      32.67010      25.11306
      32.68020      25.10504
      32.69040      25.09697
      32.70060      25.08892
      32.71070      25.08097
      32.72090      25.07297
      32.73110      25.06500
      32.74120      25.05712
      32.75140      25.04918
      32.76150      25.04135
      32.77170      25.03346
      32.78190      25.02559
      32.79200      25.01783
      32.80220      25.01000
      32.81240      25.00220
      32.82250      24.99450
      32.83270      24.98675
      32.84290      24.97902
      32.85300      24.97138
      32.86320      24.96369
      32.87340      24.95602
      32.88350      24.94845
      32.89370      24.94082
      32.90390      24.93321
      32.91400      24.92570
      32.92420      24.91814
      32.93430      24.91067
      32.94450      24.90315
      32.95470      24.89565
      32.96480      24.88824
      32.97500      24.88079
      32.98520      24.87335
      32.99530      24.86600
      33.00550      24.85860
      33.01570      24.85123
      33.02580      24.84394
      33.03600      24.83661
      33.04620      24.82929
      33.05630      24.82206
      33.06650      24.81478
      33.07660      24.80760
      33.08680      24.80036
      33.09700      24.79314
      33.10710      24.78601
      33.11730      24.77883
      33.12750      24.77167
      33.13760      24.76460
      33.14780      24.75747
      33.15800      24.75037
      33.16810      24.74336
      33.17830      24.73629
      33.18850      24.72924
      33.19860      24.72228
      33.20880      24.71527
      33.21890      24.70835
      33.22910      24.70138
      33.23930      24.69442
      33.24940      24.68755
      33.25960      24.68064
      33.26980      24.67374
      33.27990      24.66692
      33.29010      24.66006
      33.30030      24.65321
      33.31040      24.64645
      33.32060      24.63964
      33.33080      24.63285
      33.34090      24.62614
      33.35110      24.61938
      33.36130      24.61264
      33.37140      24.60599
      33.38160      24.59928
      33.39170      24.59266
      33.40190      24.58598
      33.41210      24.57933
      33.42220      24.57276
      33.43240      24.56614
      33.44260      24.55953
      33.45270      24.55301
      33.46290      24.54644
      33.47310      24.53989
      33.48320      24.53342
      33.49340      24.52690
      33.50360      24.52039
      33.51370      24.51397
      33.52390      24.50750
      33.53400      24.50111
      33.54420      24.49467
      33.55440      24.48825
      33.56450      24.48190
      33.57470      24.47551
      33.58490      24.46914
      33.59500      24.46284
      33.60520      24.45650
      33.61540      24.45017
      33.62550      24.44392
      33.63570      24.43762
      33.64590      24.43134
      33.65600      24.42514
      33.66620      24.41889
      33.67640      24.41265
      33.68650      24.40650
      33.69670      24.40029
      33.70680      24.39416
      33.71700      24.38799
      33.72720      24.38183
      33.73730      24.37575
      33.74750      24.36962
      33.75770      24.36350
      33.76780      24.35746
      33.77800      24.35138
      33.78820      24.34531
      33.79830      24.33931
      33.80850      24.33327
      33.81870      24.32724
      33.82880      24.32129
      33.83900      24.31529
      33.84910      24.30937
      33.85930      24.30340
      33.86950      24.29744
      33.87960      24.29156
      33.88980      24.28563
      33.90000      24.27972
      33.91010      24.27388
      33.92030      24.26799
      33.93050      24.26212
      33.94060      24.25632
      33.95080      24.25048
      33.96100      24.24465
      33.97110      24.23889
      33.98130      24.23308
      33.99150      24.22729
      34.00160      24.22158
      34.01180      24.21581
      34.02190      24.21012
      34.03210      24.20438
      34.04230      24.19866
      34.05240      24.19301
      34.06260      24.18731
      34.07280      24.18163
      34.08290      24.17601
      34.09310      24.17036
      34.10330      24.16471
      34.11340      24.15914
      34.12360      24.15352
      34.13380      24.14791
      34.14390      24.14237
      34.15410      24.13680
      34.16420      24.13128
      34.17440      24.12572
      34.18460      24.12018
      34.19470      24.11471
      34.20490      24.10919
      34.21510      24.10369
      34.22520      24.09825
      34.23540      24.09277
      34.24560      24.08730
      34.25570      24.08190
      34.26590      24.07645
      34.27610      24.07102
      34.28620      24.06565
      34.29640      24.06025
      34.30660      24.05485
      34.31670      24.04952
      34.32690      24.04415
      34.33700      24.03884
      34.34720      24.03349
      34.35740      24.02816
      34.36750      24.02289
      34.37770      24.01757
      34.38790      24.01227
      34.39800      24.00703
      34.40820      24.00176
      34.41840      23.99649
      34.42850      23.99129
      34.43870      23.98604
      34.44890      23.98081
      34.45900      23.97564
      34.46920      23.97043
      34.47930      23.96528
      34.48950      23.96010
      34.49970      23.95492
      34.50980      23.94981
      34.52000      23.94466
      34.53020      23.93951
      34.54030      23.93443
      34.55050      23.92931
      34.56070      23.92420
      34.57080      23.91916
      34.58100      23.91407
      34.59120      23.90899
      34.60130      23.90397
      34.61150      23.89892
      34.62170      23.89387
      34.63180      23.88889
      34.64200      23.88387
      34.65210      23.87890
      34.66230      23.87390
      34.67250      23.86891
      34.68260      23.86398
      34.69280      23.85901
      34.70300      23.85405
      34.71310      23.84915
      34.72330      23.84421
      34.73350      23.83928
      34.74360      23.83441
      34.75380      23.82950
      34.76400      23.82460
      34.77410      23.81976
      34.78430      23.81488
      34.79440      23.81006
      34.80460      23.80520
      34.81480      23.80036
      34.82490      23.79556
      34.83510      23.79074
      34.84530      23.78592
      34.85540      23.78116
      34.86560      23.77636
      34.87580      23.77157
      34.88590      23.76684
      34.89610      23.76207
      34.90630      23.75731
      34.91640      23.75261
      34.92660      23.74787
      34.93670      23.74319
      34.94690      23.73847
      34.95710      23.73376
      34.96720      23.72910
      34.97740      23.72441
      34.98760      23.71973
      34.99770      23.71510
      35.00790      23.71043
      35.01810      23.70578
      35.02820      23.70118
      35.03840      23.69655
      35.04860      23.69192
      35.05870      23.68735
      35.06890      23.68274
      35.07910      23.67814
      35.08920      23.67360
      35.09940      23.66902
      35.10950      23.66449
      35.11970      23.65993
      35.12990      23.65537
      35.14000      23.65088
      35.15020      23.64634
      35.16040      23.64182
      35.17050      23.63734
      35.18070      23.63283
      35.19090      23.62833
      35.20100      23.62389
      35.21120      23.61941
      35.22140      23.61493
      35.23150      23.61051
      35.24170      23.60606
      35.25180      23.60165
      35.26200      23.59722
      35.27220      23.59278
      35.28230      23.58841
      35.29250      23.58400
      35.30270      23.57959
      35.31280      23.57524
      35.32300      23.57085
      35.33320      23.56648
      35.34330      23.56215
      35.35350      23.55779
      35.36370      23.55343
      35.37380      23.54913
      35.38400      23.54480
      35.39420      23.54047
      35.40430      23.53619
      35.41450      23.53188
      35.42460      23.52762
      35.43480      23.52333
      35.44500      23.51904
      35.45510      23.51480
      35.46530      23.51053
      35.47550      23.50627
      35.48560      23.50206
      35.49580      23.49781
      35.50600      23.49357
      35.51610      23.48939
      35.52630      23.48516
      35.53650      23.48095
      35.54660      23.47679
      35.55680      23.47259
      35.56690      23.46844
      35.57710      23.46426
      35.58730      23.46008
      35.59740      23.45596
      35.60760      23.45180
      35.61780      23.44765
      35.62790      23.44355
      35.63810      23.43941
      35.64830      23.43528
      35.65840      23.43120
      35.66860      23.42709
      35.67880      23.42299
      35.68890      23.41893
      35.69910      23.41484
      35.70930      23.41076
      35.71940      23.40672
      35.72960      23.40266
      35.73970      23.39864
      35.74990      23.39459
      35.76010      23.39054
      35.77020      23.38655
      35.78040      23.38252
      35.79060      23.37850
      35.80070      23.37452
      35.81090      23.37051
      35.82110      23.36651
      35.83120      23.36256
      35.84140      23.35858
      35.85160      23.35460
      35.86170      23.35067
      35.87190      23.34670
      35.88200      23.34278
      35.89220      23.33884
      35.90240      23.33489
      35.91250      23.33100
      35.92270      23.32707
      35.93290      23.32315
      35.94300      23.31928
      35.95320      23.31537
      35.96340      23.31147
      35.97350      23.30762
      35.98370      23.30373
      35.99390      23.29986
