! TITLE: Yobs                                                                                                                                                                                                                                                            
! Peak:  1
       6.00860      20.00000
       6.01870      20.00000
       6.02890      20.00000
       6.03910      20.00000
       6.04920      20.00000
       6.05940      20.00000
       6.06960      20.00000
       6.07970      20.00000
       6.08990      20.00000
       6.10010      20.00000
       6.11020      20.00000
       6.12040      20.00000
       6.13060      20.00000
       6.14070      20.00000
       6.15090      20.00000
       6.16110      20.00000
       6.17120      20.00000
       6.18140      20.00000
       6.19150      20.00000
       6.20170      20.00000
       6.21190      20.00000
       6.22200      20.00000
       6.23220      20.00000
       6.24240      20.00000
       6.25250      20.00000
       6.26270      20.00000
       6.27290      20.00000
       6.28300      20.00000
       6.29320      20.00000
       6.30340      20.00000
       6.31350      20.00000
       6.32370      20.00000
       6.33380      20.00000
       6.34400      20.00000
       6.35420      20.00000
       6.36430      20.00000
       6.37450      20.00000
       6.38470      20.00000
       6.39480      20.00000
       6.40500      20.00000
       6.41520      20.00000
       6.42530      20.00000
       6.43550      20.00000
       6.44570      20.00000
       6.45580      20.00000
       6.46600      20.00000
       6.47620      20.00000
       6.48630      20.00000
       6.49650      20.00000
       6.50660      20.00000
       6.51680      20.00000
       6.52700      20.00000
       6.53710      20.00000
       6.54730      20.00000
       6.55750      20.00000
       6.56760      20.00000
       6.57780      20.00000
       6.58800      20.00000
       6.59810      20.00000
       6.60830      20.00000
       6.61850      20.00000
       6.62860      20.00000
       6.63880      20.00000
       6.64890      20.00000
       6.65910      20.00000
       6.66930      20.00000
       6.67940      20.00000
       6.68960      20.00000
       6.69980      20.00000
       6.70990      20.00000
       6.72010      20.00000
       6.73030      20.00000
       6.74040      20.00000
       6.75060      20.00000
       6.76080      20.00000
       6.77090      20.00000
       6.78110      20.00000
       6.79130      20.00000
       6.80140      20.00000
       6.81160      20.00000
       6.82170      20.00000
       6.83190      20.00000
       6.84210      20.00000
       6.85220      20.00000
       6.86240      20.00000
       6.87260      20.00000
       6.88270      20.00000
       6.89290      20.00000
       6.90310      20.00000
       6.91320      20.00000
       6.92340      20.00000
       6.93360      20.00000
       6.94370      20.00000
       6.95390      20.00000
       6.96400      20.00000
       6.97420      20.00000
       6.98440      20.00000
       6.99450      20.00000
       7.00470      20.00000
       7.01490      20.00000
       7.02500      20.00000
       7.03520      20.00000
       7.04540      20.00000
       7.05550      20.00000
       7.06570      20.00000
       7.07590      20.00000
       7.08600      20.00000
       7.09620      20.00000
       7.10640      20.00000
       7.11650      20.00000
       7.12670      20.00000
       7.13680      20.00000
       7.14700      20.00000
       7.15720      20.00000
       7.16730      20.00000
       7.17750      20.00000
       7.18770      20.00000
       7.19780      20.00000
       7.20800      20.00000
       7.21820      20.00000
       7.22830      20.00000
       7.23850      20.00000
       7.24870      20.00000
       7.25880      20.00000
       7.26900      20.00000
       7.27910      20.00000
       7.28930      20.00000
       7.29950      20.00000
       7.30960      20.00000
       7.31980      20.00000
       7.33000      20.00000
       7.34010      20.00000
       7.35030      20.00000
       7.36050      20.00000
       7.37060      20.00000
       7.38080      20.00000
       7.39100      20.00000
       7.40110      20.00000
       7.41130      20.00000
       7.42150      20.00000
       7.43160      20.00000
       7.44180      20.00000
       7.45190      20.00000
       7.46210      20.00000
       7.47230      20.00000
       7.48240      20.00000
       7.49260      20.00000
       7.50280      20.00000
       7.51290      20.00000
       7.52310      20.00000
       7.53330      20.00000
       7.54340      20.00000
       7.55360      20.00000
       7.56380      20.00000
       7.57390      20.00000
       7.58410      20.00000
       7.59420      20.00000
       7.60440      20.00000
       7.61460      20.00000
       7.62470      20.00000
       7.63490      20.00000
       7.64510      20.00000
       7.65520      20.00000
       7.66540      20.00000
       7.67560      20.00000
       7.68570      20.00000
       7.69590      20.00000
       7.70610      20.00000
       7.71620      20.00000
       7.72640      20.00000
       7.73650      20.00000
       7.74670      20.00000
       7.75690      20.00000
       7.76700      20.00000
       7.77720      20.00000
       7.78740      20.00000
       7.79750      20.00000
       7.80770      20.00000
       7.81790      20.00000
       7.82800      20.00000
       7.83820      20.00000
       7.84840      20.00000
       7.85850      20.00000
       7.86870      20.00000
       7.87890      20.00000
       7.88900      20.00000
       7.89920      20.00000
       7.90930      20.00000
       7.91950      20.00000
       7.92970      20.00000
       7.93980      20.00000
       7.95000      20.00000
       7.96020      20.00000
       7.97030      20.00000
       7.98050      20.00000
       7.99070      20.00000
       8.00080      20.00000
       8.01100      20.00000
       8.02120      20.00000
       8.03130      20.00000
       8.04150      20.00000
       8.05160      20.00000
       8.06180      20.00000
       8.07200      20.00000
       8.08210      20.00000
       8.09230      20.00000
       8.10250      20.00000
       8.11260      20.00000
       8.12280      20.00000
       8.13300      20.00000
       8.14310      20.00000
       8.15330      20.00000
       8.16350      20.00000
       8.17360      20.00000
       8.18380      20.00000
       8.19400      20.00000
       8.20410      20.00000
       8.21430      20.00000
       8.22440      20.00000
       8.23460      20.00000
       8.24480      20.00000
       8.25490      20.00000
       8.26510      20.00000
       8.27530      20.00000
       8.28540      20.00000
       8.29560      20.00000
       8.30580      20.00000
       8.31590      20.00000
       8.32610      20.00000
       8.33630      20.00000
       8.34640      20.00000
       8.35660      20.00000
       8.36670      20.00000
       8.37690      20.00000
       8.38710      20.00000
       8.39720      20.00000
       8.40740      20.00000
       8.41760      20.00000
       8.42770      20.00000
       8.43790      20.00000
       8.44810      20.00000
       8.45820      20.00000
       8.46840      20.00000
       8.47860      20.00000
       8.48870      20.00000
       8.49890      20.00000
       8.50910      20.00000
       8.51920      20.00000
       8.52940      20.00000
       8.53950      20.00000
       8.54970      20.00000
       8.55990      20.00000
       8.57000      20.00000
       8.58020      20.00000
       8.59040      20.00000
       8.60050      20.00000
       8.61070      20.00000
       8.62090      20.00000
       8.63100      20.00000
       8.64120      20.00000
       8.65140      20.00000
       8.66150      20.00000
       8.67170      20.00000
       8.68180      20.00000
       8.69200      20.00000
       8.70220      20.00000
       8.71230      20.00000
       8.72250      20.00000
       8.73270      20.00000
       8.74280      20.00000
       8.75300      20.00000
       8.76320      20.00000
       8.77330      20.00000
       8.78350      20.00000
       8.79370      20.00000
       8.80380      20.00000
       8.81400      20.00000
       8.82420      20.00000
       8.83430      20.00000
       8.84450      20.00000
       8.85460      20.00000
       8.86480      20.00000
       8.87500      20.00000
       8.88510      20.00000
       8.89530      20.00000
       8.90550      20.00000
       8.91560      20.00000
       8.92580      20.00000
       8.93600      20.00000
       8.94610      20.00000
       8.95630      20.00000
       8.96650      20.00000
       8.97660      20.00000
       8.98680      20.00000
       8.99690      20.00000
       9.00710      20.00000
       9.01730      20.00000
       9.02740      20.00000
       9.03760      20.00000
       9.04780      20.00000
       9.05790      20.00000
       9.06810      20.00000
       9.07830      20.00000
       9.08840      20.00000
       9.09860      20.00000
       9.10880      20.00000
       9.11890      20.00000
       9.12910      20.00000
       9.13930      20.00000
       9.14940      20.00000
       9.15960      20.00000
       9.16970      20.00000
       9.17990      20.00000
       9.19010      20.00000
       9.20020      20.00000
       9.21040      20.00000
       9.22060      20.00000
       9.23070      20.00000
       9.24090      20.00000
       9.25110      20.00000
       9.26120      20.00000
       9.27140      20.00000
       9.28160      20.00000
       9.29170      20.00000
       9.30190      20.00000
       9.31200      20.00000
       9.32220      20.00000
       9.33240      20.00000
       9.34250      20.00000
       9.35270      20.00000
       9.36290      20.00000
       9.37300      20.00000
       9.38320      20.00000
       9.39340      20.00000
       9.40350      20.00000
       9.41370      20.00000
       9.42390      20.00000
       9.43400      20.00000
       9.44420      20.00000
       9.45440      20.00000
       9.46450      20.00000
       9.47470      20.00000
       9.48480      20.00000
       9.49500      20.00000
       9.50520      20.00000
       9.51530      20.00000
       9.52550      20.00000
       9.53570      20.00000
       9.54580      20.00000
       9.55600      20.00000
       9.56620      20.00000
       9.57630      20.00000
       9.58650      20.00000
       9.59670      20.00000
       9.60680      20.00000
       9.61700      20.00000
       9.62710      20.00000
       9.63730      20.00000
       9.64750      20.00000
       9.65760      20.00000
       9.66780      20.13553
       9.67800      20.13584
       9.68810      20.13615
       9.69830      20.13646
       9.70850      20.13677
       9.71860      20.13708
       9.72880      20.13739
       9.73900      20.13771
       9.74910      20.13802
       9.75930      20.13834
       9.76940      20.13865
       9.77960      20.13897
       9.78980      20.13929
       9.79990      20.13961
       9.81010      20.13993
       9.82030      20.14025
       9.83040      20.14058
       9.84060      20.14090
       9.85080      20.14123
       9.86090      20.14155
       9.87110      20.14188
       9.88130      20.14221
       9.89140      20.14254
       9.90160      20.14287
       9.91180      20.14321
       9.92190      20.14354
       9.93210      20.14387
       9.94220      20.14421
       9.95240      20.14454
       9.96260      20.14488
       9.97270      20.14522
       9.98290      20.14556
       9.99310      20.14591
      10.00320      20.14625
      10.01340      20.14659
      10.02360      20.14694
      10.03370      20.14728
      10.04390      20.14763
      10.05410      20.14798
      10.06420      20.14833
      10.07440      20.14868
      10.08450      20.14903
      10.09470      20.14939
      10.10490      20.14975
      10.11500      20.15010
      10.12520      20.15046
      10.13540      20.15082
      10.14550      20.15118
      10.15570      20.15154
      10.16590      20.15191
      10.17600      20.15227
      10.18620      20.15264
      10.19640      20.15300
      10.20650      20.15337
      10.21670      20.15374
      10.22690      20.15411
      10.23700      20.15448
      10.24720      20.15486
      10.25730      20.15523
      10.26750      20.15561
      10.27770      20.15599
      10.28780      20.15636
      10.29800      20.15675
      10.30820      20.15713
      10.31830      20.15751
      10.32850      20.15790
      10.33870      20.15828
      10.34880      20.15867
      10.35900      20.15906
      10.36920      20.15945
      10.37930      20.15984
      10.38950      20.16023
      10.39960      20.16063
      10.40980      20.16102
      10.42000      20.16142
      10.43010      20.16182
      10.44030      20.16222
      10.45050      20.16263
      10.46060      20.16303
      10.47080      20.16343
      10.48100      20.16384
      10.49110      20.16425
      10.50130      20.16466
      10.51150      20.16507
      10.52160      20.16548
      10.53180      20.16590
      10.54200      20.16632
      10.55210      20.16673
      10.56230      20.16715
      10.57240      20.16757
      10.58260      20.16799
      10.59280      20.16842
      10.60290      20.16884
      10.61310      20.16927
      10.62330      20.16970
      10.63340      20.17013
      10.64360      20.17056
      10.65380      20.17099
      10.66390      20.17143
      10.67410      20.17186
      10.68430      20.17230
      10.69440      20.17274
      10.70460      20.17319
      10.71470      20.17363
      10.72490      20.17407
      10.73510      20.17452
      10.74520      20.17497
      10.75540      20.17542
      10.76560      20.17587
      10.77570      20.17632
      10.78590      20.17678
      10.79610      20.17724
      10.80620      20.17770
      10.81640      20.17816
      10.82660      20.17862
      10.83670      20.17908
      10.84690      20.17955
      10.85710      20.18002
      10.86720      20.18049
      10.87740      20.18096
      10.88750      20.18143
      10.89770      20.18191
      10.90790      20.18239
      10.91800      20.18287
      10.92820      20.18335
      10.93840      20.18384
      10.94850      20.18432
      10.95870      20.18481
      10.96890      20.18530
      10.97900      20.18579
      10.98920      20.18628
      10.99940      20.18678
      11.00950      20.18727
      11.01970      20.18777
      11.02980      20.18827
      11.04000      20.18877
      11.05020      20.18928
      11.06030      20.18978
      11.07050      20.19029
      11.08070      20.19081
      11.09080      20.19132
      11.10100      20.19183
      11.11120      20.19235
      11.12130      20.19287
      11.13150      20.19339
      11.14170      20.19392
      11.15180      20.19444
      11.16200      20.19497
      11.17220      20.19550
      11.18230      20.19603
      11.19250      20.19656
      11.20260      20.19710
      11.21280      20.19764
      11.22300      20.19818
      11.23310      20.19872
      11.24330      20.19927
      11.25350      20.19982
      11.26360      20.20036
      11.27380      20.20092
      11.28400      20.20147
      11.29410      20.20203
      11.30430      20.20259
      11.31450      20.20315
      11.32460      20.20371
      11.33480      20.20428
      11.34490      20.20484
      11.35510      20.20541
      11.36530      20.20599
      11.37540      20.20656
      11.38560      20.20714
      11.39580      20.20772
      11.40590      20.20830
      11.41610      20.20889
      11.42630      20.20948
      11.43640      20.21007
      11.44660      20.21066
      11.45680      20.21126
      11.46690      20.21185
      11.47710      20.21245
      11.48730      20.21306
      11.49740      20.21366
      11.50760      20.21427
      11.51770      20.21488
      11.52790      20.21549
      11.53810      20.21611
      11.54820      20.21672
      11.55840      20.21735
      11.56860      20.21797
      11.57870      20.21860
      11.58890      20.21922
      11.59910      20.21986
      11.60920      20.22049
      11.61940      20.22113
      11.62960      20.22177
      11.63970      20.22241
      11.64990      20.22306
      11.66000      20.22370
      11.67020      20.22436
      11.68040      20.22501
      11.69050      20.22566
      11.70070      20.22633
      11.71090      20.22699
      11.72100      20.22765
      11.73120      20.22832
      11.74140      20.22900
      11.75150      20.22967
      11.76170      20.23035
      11.77190      20.23103
      11.78200      20.23171
      11.79220      20.23240
      11.80230      20.23308
      11.81250      20.23378
      11.82270      20.23448
      11.83280      20.23517
      11.84300      20.23588
      11.85320      20.23658
      11.86330      20.23729
      11.87350      20.23800
      11.88370      20.23872
      11.89380      20.23943
      11.90400      20.24015
      11.91420      20.24088
      11.92430      20.24160
      11.93450      20.24234
      11.94470      20.24307
      11.95480      20.24381
      11.96500      20.24455
      11.97510      20.24529
      11.98530      20.24604
      11.99550      20.24679
      12.00560      20.24754
      12.01580      20.24830
      12.02600      20.24907
      12.03610      20.24983
      12.04630      20.25060
      12.05650      20.25138
      12.06660      20.25215
      12.07680      20.25293
      12.08700      20.25371
      12.09710      20.25450
      12.10730      20.25529
      12.11740      20.25608
      12.12760      20.25688
      12.13780      20.25768
      12.14790      20.25848
      12.15810      20.25929
      12.16830      20.26011
      12.17840      20.26092
      12.18860      20.26174
      12.19880      20.26257
      12.20890      20.26339
      12.21910      20.26423
      12.22930      20.26507
      12.23940      20.26590
      12.24960      20.26675
      12.25980      20.26760
      12.26990      20.26844
      12.28010      20.26930
      12.29020      20.27016
      12.30040      20.27102
      12.31060      20.27190
      12.32070      20.27276
      12.33090      20.27364
      12.34110      20.27453
      12.35120      20.27541
      12.36140      20.27630
      12.37160      20.27719
      12.38170      20.27809
      12.39190      20.27899
      12.40210      20.27990
      12.41220      20.28081
      12.42240      20.28173
      12.43250      20.28264
      12.44270      20.28357
      12.45290      20.28450
      12.46300      20.28543
      12.47320      20.28637
      12.48340      20.28732
      12.49350      20.28826
      12.50370      20.28922
      12.51390      20.29018
      12.52400      20.29113
      12.53420      20.29210
      12.54440      20.29308
      12.55450      20.29405
      12.56470      20.29503
      12.57490      20.29602
      12.58500      20.29701
      12.59520      20.29801
      12.60530      20.29900
      12.61550      20.30001
      12.62570      20.30103
      12.63580      20.30204
      12.64600      20.30306
      12.65620      20.30409
      12.66630      20.30512
      12.67650      20.30616
      12.68670      20.30720
      12.69680      20.30824
      12.70700      20.30930
      12.71720      20.31036
      12.72730      20.31142
      12.73750      20.31249
      12.74760      20.31356
      12.75780      20.31465
      12.76800      20.31574
      12.77810      20.31682
      12.78830      20.31792
      12.79850      20.31903
      12.80860      20.32013
      12.81880      20.32125
      12.82900      20.32237
      12.83910      20.32349
      12.84930      20.32463
      12.85950      20.32577
      12.86960      20.32691
      12.87980      20.32806
      12.89000      20.32922
      12.90010      20.33038
      12.91030      20.33155
      12.92040      20.33272
      12.93060      20.33390
      12.94080      20.33509
      12.95090      20.33628
      12.96110      20.33748
      12.97130      20.33870
      12.98140      20.33990
      12.99160      20.34112
      13.00180      20.34235
      13.01190      20.34358
      13.02210      20.34482
      13.03230      20.34607
      13.04240      20.34732
      13.05260      20.34858
      13.06270      20.34984
      13.07290      20.35112
      13.08310      20.35240
      13.09320      20.35368
      13.10340      20.35498
      13.11360      20.35629
      13.12370      20.35759
      13.13390      20.35891
      13.14410      20.36024
      13.15420      20.36156
      13.16440      20.36290
      13.17460      20.36425
      13.18470      20.36559
      13.19490      20.36696
      13.20510      20.36833
      13.21520      20.36970
      13.22540      20.37108
      13.23550      20.37247
      13.24570      20.37387
      13.25590      20.37528
      13.26600      20.37669
      13.27620      20.37811
      13.28640      20.37955
      13.29650      20.38098
      13.30670      20.38243
      13.31690      20.38389
      13.32700      20.38535
      13.33720      20.38682
      13.34740      20.38831
      13.35750      20.38979
      13.36770      20.39129
      13.37780      20.39279
      13.38800      20.39431
      13.39820      20.39584
      13.40830      20.39736
      13.41850      20.39890
      13.42870      20.40046
      13.43880      20.40201
      13.44900      20.40358
      13.45920      20.40517
      13.46930      20.40674
      13.47950      20.40834
      13.48970      20.40996
      13.49980      20.41156
      13.51000      20.41319
      13.52010      20.41481
      13.53030      20.41646
      13.54050      20.41812
      13.55060      20.41978
      13.56080      20.42146
      13.57100      20.42314
      13.58110      20.42483
      13.59130      20.42654
      13.60150      20.42826
      13.61160      20.42997
      13.62180      20.43171
      13.63200      20.43346
      13.64210      20.43521
      13.65230      20.43698
      13.66250      20.43876
      13.67260      20.44054
      13.68280      20.44234
      13.69290      20.44414
      13.70310      20.44597
      13.71330      20.44781
      13.72340      20.44964
      13.73360      20.45150
      13.74380      20.45337
      13.75390      20.45524
      13.76410      20.45714
      13.77430      20.45904
      13.78440      20.46095
      13.79460      20.46288
      13.80480      20.46482
      13.81490      20.46676
      13.82510      20.46873
      13.83520      20.47069
      13.84540      20.47268
      13.85560      20.47469
      13.86570      20.47669
      13.87590      20.47872
      13.88610      20.48076
      13.89620      20.48280
      13.90640      20.48487
      13.91660      20.48696
      13.92670      20.48903
      13.93690      20.49114
      13.94710      20.49327
      13.95720      20.49538
      13.96740      20.49754
      13.97760      20.49970
      13.98770      20.50186
      13.99790      20.50406
      14.00800      20.50624
      14.01820      20.50847
      14.02840      20.51071
      14.03850      20.51294
      14.04870      20.51520
      14.05890      20.51748
      14.06900      20.51976
      14.07920      20.52207
      14.08940      20.52440
      14.09950      20.52672
      14.10970      20.52908
      14.11990      20.53146
      14.13000      20.53382
      14.14020      20.53623
      14.15030      20.53863
      14.16050      20.54107
      14.17070      20.54353
      14.18080      20.54598
      14.19100      20.54847
      14.20120      20.55097
      14.21130      20.55347
      14.22150      20.55602
      14.23170      20.55857
      14.24180      20.56112
      14.25200      20.56372
      14.26220      20.56633
      14.27230      20.56894
      14.28250      20.57158
      14.29270      20.57425
      14.30280      20.57691
      14.31300      20.57961
      14.32310      20.58231
      14.33330      20.58505
      14.34350      20.58781
      14.35360      20.59057
      14.36380      20.59337
      14.37400      20.59619
      14.38410      20.59900
      14.39430      20.60186
      14.40450      20.60474
      14.41460      20.60762
      14.42480      20.61054
      14.43500      20.61348
      14.44510      20.61642
      14.45530      20.61941
      14.46540      20.62238
      14.47560      20.62541
      14.48580      20.62847
      14.49590      20.63151
      14.50610      20.63461
      14.51630      20.63772
      14.52640      20.64084
      14.53660      20.64400
      14.54680      20.64719
      14.55690      20.65037
      14.56710      20.65361
      14.57730      20.65687
      14.58740      20.66012
      14.59760      20.66343
      14.60780      20.66676
      14.61790      20.67009
      14.62810      20.67347
      14.63820      20.67685
      14.64840      20.68028
      14.65860      20.68374
      14.66870      20.68720
      14.67890      20.69071
      14.68910      20.69425
      14.69920      20.69779
      14.70940      20.70138
      14.71960      20.70501
      14.72970      20.70862
      14.73990      20.71230
      14.75010      20.71601
      14.76020      20.71971
      14.77040      20.72348
      14.78050      20.72724
      14.79070      20.73106
      14.80090      20.73492
      14.81100      20.73877
      14.82120      20.74268
      14.83140      20.74663
      14.84150      20.75057
      14.85170      20.75458
      14.86190      20.75862
      14.87200      20.76266
      14.88220      20.76677
      14.89240      20.77091
      14.90250      20.77504
      14.91270      20.77925
      14.92290      20.78349
      14.93300      20.78773
      14.94320      20.79204
      14.95330      20.79634
      14.96350      20.80073
      14.97370      20.80514
      14.98380      20.80956
      14.99400      20.81405
      15.00420      20.81858
      15.01430      20.82310
      15.02450      20.82770
      15.03470      20.83235
      15.04480      20.83698
      15.05500      20.84170
      15.06520      20.84647
      15.07530      20.85122
      15.08550      20.85606
      15.09560      20.86090
      15.10580      20.86582
      15.11600      20.87079
      15.12610      20.87575
      15.13630      20.88080
      15.14650      20.88590
      15.15660      20.89099
      15.16680      20.89617
      15.17700      20.90140
      15.18710      20.90663
      15.19730      20.91195
      15.20750      20.91732
      15.21760      20.92268
      15.22780      20.92814
      15.23800      20.93365
      15.24810      20.93916
      15.25830      20.94477
      15.26840      20.95038
      15.27860      20.95609
      15.28880      20.96185
      15.29890      20.96761
      15.30910      20.97347
      15.31930      20.97939
      15.32940      20.98531
      15.33960      20.99133
      15.34980      20.99742
      15.35990      21.00349
      15.37010      21.00969
      15.38030      21.01594
      15.39040      21.02219
      15.40060      21.02856
      15.41070      21.03492
      15.42090      21.04141
      15.43110      21.04796
      15.44120      21.05450
      15.45140      21.06117
      15.46160      21.06791
      15.47170      21.07464
      15.48190      21.08150
      15.49210      21.08843
      15.50220      21.09536
      15.51240      21.10242
      15.52260      21.10955
      15.53270      21.11668
      15.54290      21.12395
      15.55300      21.13121
      15.56320      21.13862
      15.57340      21.14611
      15.58350      21.15359
      15.59370      21.16122
      15.60390      21.16893
      15.61400      21.17664
      15.62420      21.18449
      15.63440      21.19243
      15.64450      21.20037
      15.65470      21.20847
      15.66490      21.21665
      15.67500      21.22483
      15.68520      21.23318
      15.69540      21.24161
      15.70550      21.25004
      15.71570      21.25865
      15.72580      21.26726
      15.73600      21.27604
      15.74620      21.28491
      15.75630      21.29379
      15.76650      21.30285
      15.77670      21.31200
      15.78680      21.32116
      15.79700      21.33051
      15.80720      21.33995
      15.81730      21.34940
      15.82750      21.35905
      15.83770      21.36880
      15.84780      21.37856
      15.85800      21.38852
      15.86810      21.39849
      15.87830      21.40866
      15.88850      21.41895
      15.89860      21.42924
      15.90880      21.43975
      15.91900      21.45038
      15.92910      21.46102
      15.93930      21.47188
      15.94950      21.48287
      15.95960      21.49387
      15.96980      21.50509
      15.98000      21.51645
      15.99010      21.52782
      16.00030      21.53943
      16.01050      21.55118
      16.02060      21.56294
      16.03080      21.57496
      16.04090      21.58699
      16.05110      21.59928
      16.06130      21.61171
      16.07140      21.62417
      16.08160      21.63689
      16.09180      21.64977
      16.10190      21.66266
      16.11210      21.67584
      16.12230      21.68917
      16.13240      21.70253
      16.14260      21.71618
      16.15280      21.72999
      16.16290      21.74384
      16.17310      21.75798
      16.18320      21.77216
      16.19340      21.78665
      16.20360      21.80132
      16.21370      21.81602
      16.22390      21.83106
      16.23410      21.84628
      16.24420      21.86153
      16.25440      21.87712
      16.26460      21.89292
      16.27470      21.90875
      16.28490      21.92494
      16.29510      21.94133
      16.30520      21.95778
      16.31540      21.97459
      16.32560      21.99162
      16.33570      22.00870
      16.34590      22.02617
      16.35600      22.04369
      16.36620      22.06161
      16.37640      22.07978
      16.38650      22.09799
      16.39670      22.11664
      16.40690      22.13552
      16.41700      22.15447
      16.42720      22.17387
      16.43740      22.19352
      16.44750      22.21325
      16.45770      22.23343
      16.46790      22.25389
      16.47800      22.27443
      16.48820      22.29545
      16.49830      22.31656
      16.50850      22.33816
      16.51870      22.36007
      16.52880      22.38206
      16.53900      22.40459
      16.54920      22.42743
      16.55930      22.45036
      16.56950      22.47385
      16.57970      22.49768
      16.58980      22.52161
      16.60000      22.54613
      16.61020      22.57100
      16.62030      22.59598
      16.63050      22.62158
      16.64070      22.64755
      16.65080      22.67365
      16.66100      22.70039
      16.67110      22.72727
      16.68130      22.75481
      16.69150      22.78278
      16.70160      22.81088
      16.71180      22.83969
      16.72200      22.86894
      16.73210      22.89835
      16.74230      22.92850
      16.75250      22.95913
      16.76260      22.98992
      16.77280      23.02150
      16.78300      23.05358
      16.79310      23.08584
      16.80330      23.11894
      16.81340      23.15223
      16.82360      23.18639
      16.83380      23.22109
      16.84390      23.25602
      16.85410      23.29186
      16.86430      23.32829
      16.87440      23.36495
      16.88460      23.40259
      16.89480      23.44085
      16.90490      23.47936
      16.91510      23.51892
      16.92530      23.55914
      16.93540      23.59963
      16.94560      23.64122
      16.95580      23.68353
      16.96590      23.72614
      16.97610      23.76992
      16.98620      23.81402
      16.99640      23.85934
      17.00660      23.90545
      17.01670      23.95193
      17.02690      23.99969
      17.03710      24.04832
      17.04720      24.09733
      17.05740      24.14772
      17.06760      24.19904
      17.07770      24.25078
      17.08790      24.30400
      17.09810      24.35821
      17.10820      24.41288
      17.11840      24.46914
      17.12850      24.52589
      17.13870      24.58431
      17.14890      24.64383
      17.15900      24.70392
      17.16920      24.76578
      17.17940      24.82885
      17.18950      24.89254
      17.19970      24.95813
      17.20990      25.02504
      17.22000      25.09263
      17.23020      25.16228
      17.24040      25.23337
      17.25050      25.30520
      17.26070      25.37928
      17.27090      25.45491
      17.28100      25.53140
      17.29120      25.61030
      17.30130      25.69012
      17.31150      25.77251
      17.32170      25.85672
      17.33180      25.94200
      17.34200      26.03005
      17.35220      26.12015
      17.36230      26.21146
      17.37250      26.30582
      17.38270      26.40246
      17.39280      26.50047
      17.40300      26.60191
      17.41320      26.70589
      17.42330      26.81145
      17.43350      26.92083
      17.44360      27.03197
      17.45380      27.14722
      17.46400      27.26563
      17.47410      27.38610
      17.48430      27.51122
      17.49450      27.63994
      17.50460      27.77116
      17.51480      27.90762
      17.52500      28.04828
      17.53510      28.19193
      17.54530      28.34156
      17.55550      28.49611
      17.56560      28.65420
      17.57580      28.81927
      17.58590      28.98836
      17.59610      29.16516
      17.60630      29.34835
      17.61640      29.53639
      17.62660      29.73343
      17.63680      29.93803
      17.64690      30.14849
      17.65710      30.36949
      17.66730      30.59942
      17.67740      30.83652
      17.68760      31.08591
      17.69780      31.34599
      17.70790      31.61461
      17.71810      31.89781
      17.72830      32.19363
      17.73840      32.49971
      17.74860      32.82293
      17.75870      33.15768
      17.76890      33.51151
      17.77910      33.88205
      17.78920      34.26629
      17.79940      34.67290
      17.80960      35.09915
      17.81970      35.54155
      17.82990      36.01007
      17.84010      36.50143
      17.85020      37.01186
      17.86040      37.55242
      17.87060      38.11966
      17.88070      38.70877
      17.89090      39.33284
      17.90100      39.98085
      17.91120      40.66715
      17.92140      41.38684
      17.93150      42.13372
      17.94170      42.92418
      17.95190      43.75241
      17.96200      44.61113
      17.97220      45.51899
      17.98240      46.46913
      17.99250      47.45296
      18.00270      48.49167
      18.01290      49.57692
      18.02300      50.69929
      18.03320      51.88183
      18.04340      53.11560
      18.05350      54.38873
      18.06370      55.72800
      18.07380      57.10808
      18.08400      58.55778
      18.09420      60.06467
      18.10430      61.61396
      18.11450      63.23760
      18.12470      64.92120
      18.13480      66.64790
      18.14500      68.45284
      18.15520      70.31917
      18.16530      72.22885
      18.17550      74.21922
      18.18570      76.27145
      18.19580      78.36530
      18.20600      80.54074
      18.21610      82.75577
      18.22630      85.05228
      18.23650      87.40874
      18.24660      89.79930
      18.25680      92.27039
      18.26700      94.79665
      18.27710      97.35027
      18.28730      99.98013
      18.29750     102.65835
      18.30760     105.35477
      18.31780     108.12016
      18.32800     110.92355
      18.33810     113.73426
      18.34830     116.60253
      18.35850     119.49552
      18.36860     122.38063
      18.37880     125.30763
      18.38890     128.21458
      18.39910     131.15071
      18.40930     134.08128
      18.41940     136.96912
      18.42960     139.86369
      18.43980     142.72705
      18.44990     145.52205
      18.46010     148.29471
      18.47030     151.00638
      18.48040     153.62039
      18.49060     156.17793
      18.50080     158.64038
      18.51090     160.97450
      18.52110     163.21346
      18.53120     165.30286
      18.54140     167.27162
      18.55160     169.08679
      18.56170     170.72279
      18.57190     172.20079
      18.58210     173.49481
      18.59220     174.58594
      18.60240     175.48851
      18.61260     176.18427
      18.62270     176.66451
      18.63290     176.93532
      18.64310     176.98891
      18.65320     176.82755
      18.66340     176.44917
      18.67360     175.85724
      18.68370     175.06458
      18.69390     174.06152
      18.70400     172.87405
      18.71420     171.48740
      18.72440     169.92094
      18.73450     168.20264
      18.74470     166.30974
      18.75490     164.26892
      18.76500     162.11432
      18.77520     159.81459
      18.78540     157.40259
      18.79550     154.91551
      18.80570     152.31522
      18.81590     149.63753
      18.82600     146.92104
      18.83620     144.12195
      18.84630     141.30574
      18.85650     138.42567
      18.86670     135.51950
      18.87680     132.62326
      18.88700     129.68925
      18.89720     126.75230
      18.90730     123.84848
      18.91750     120.92780
      18.92770     118.02374
      18.93780     115.17081
      18.94800     112.31697
      18.95820     109.49552
      18.96830     106.73809
      18.97850     103.99329
      18.98870     101.29234
      18.99880      98.66440
      19.00900      96.05959
      19.01910      93.53194
      19.02930      91.03291
      19.03950      88.59041
      19.04960      86.22799
      19.05980      83.90147
      19.07000      81.63452
      19.08010      79.45001
      19.09030      77.30485
      19.10050      75.22163
      19.11060      73.22034
      19.12080      71.26098
      19.13100      69.36378
      19.14110      67.54639
      19.15130      65.77202
      19.16140      64.07533
      19.17160      62.42167
      19.18180      60.82759
      19.19190      59.30711
      19.20210      57.82883
      19.21230      56.40746
      19.22240      55.05433
      19.23260      53.74218
      19.24280      52.48280
      19.25290      51.28681
      19.26310      50.12893
      19.27330      49.01994
      19.28340      47.96870
      19.29360      46.95271
      19.30380      45.98122
      19.31390      45.06174
      19.32410      44.17435
      19.33420      43.33519
      19.34440      42.52595
      19.35460      41.75374
      19.36470      41.02422
      19.37490      40.32133
      19.38510      39.65124
      19.39520      39.01835
      19.40540      38.40910
      19.41560      37.82829
      19.42570      37.28006
      19.43590      36.75217
      19.44610      36.24900
      19.45620      35.77398
      19.46640      35.31645
      19.47650      34.88438
      19.48670      34.46804
      19.49690      34.07082
      19.50700      33.69540
      19.51720      33.33329
      19.52740      32.98750
      19.53750      32.66016
      19.54770      32.34409
      19.55790      32.04183
      19.56800      31.75526
      19.57820      31.47815
      19.58840      31.21259
      19.59850      30.96045
      19.60870      30.71610
      19.61880      30.48380
      19.62900      30.25835
      19.63920      30.04163
      19.64930      29.83518
      19.65950      29.63440
      19.66970      29.44097
      19.67980      29.25631
      19.69000      29.07635
      19.70020      28.90263
      19.71030      28.73638
      19.72050      28.57405
      19.73070      28.41703
      19.74080      28.26645
      19.75100      28.11915
      19.76120      27.97634
      19.77130      27.83917
      19.78150      27.70470
      19.79160      27.57539
      19.80180      27.44848
      19.81200      27.32510
      19.82210      27.20626
      19.83230      27.08945
      19.84250      26.97572
      19.85260      26.86601
      19.86280      26.75803
      19.87300      26.65277
      19.88310      26.55109
      19.89330      26.45091
      19.90350      26.35311
      19.91360      26.25854
      19.92380      26.16528
      19.93390      26.07503
      19.94410      25.98596
      19.95430      25.89888
      19.96440      25.81456
      19.97460      25.73126
      19.98480      25.64977
      19.99490      25.57080
      20.00510      25.49273
      20.01530      25.41630
      20.02540      25.34220
      20.03560      25.26889
      20.04580      25.19710
      20.05590      25.12742
      20.06610      25.05848
      20.07630      24.99090
      20.08640      24.92531
      20.09660      24.86036
      20.10670      24.79729
      20.11690      24.73483
      20.12710      24.67356
      20.13720      24.61405
      20.14740      24.55508
      20.15760      24.49722
      20.16770      24.44100
      20.17790      24.38526
      20.18810      24.33055
      20.19820      24.27738
      20.20840      24.22464
      20.21860      24.17287
      20.22870      24.12251
      20.23890      24.07258
      20.24900      24.02399
      20.25920      23.97581
      20.26940      23.92846
      20.27950      23.88239
      20.28970      23.83668
      20.29990      23.79175
      20.31000      23.74803
      20.32020      23.70462
      20.33040      23.66195
      20.34050      23.62042
      20.35070      23.57918
      20.36090      23.53863
      20.37100      23.49914
      20.38120      23.45992
      20.39140      23.42135
      20.40150      23.38377
      20.41170      23.34645
      20.42180      23.31007
      20.43200      23.27394
      20.44220      23.23839
      20.45230      23.20374
      20.46250      23.16931
      20.47270      23.13542
      20.48280      23.10239
      20.49300      23.06955
      20.50320      23.03722
      20.51330      23.00571
      20.52350      22.97437
      20.53370      22.94352
      20.54380      22.91343
      20.55400      22.88350
      20.56410      22.85432
      20.57430      22.82529
      20.58450      22.79670
      20.59460      22.76880
      20.60480      22.74105
      20.61500      22.71371
      20.62510      22.68703
      20.63530      22.66048
      20.64550      22.63431
      20.65560      22.60879
      20.66580      22.58337
      20.67600      22.55832
      20.68610      22.53387
      20.69630      22.50953
      20.70650      22.48554
      20.71660      22.46212
      20.72680      22.43879
      20.73690      22.41602
      20.74710      22.39333
      20.75730      22.37097
      20.76740      22.34912
      20.77760      22.32737
      20.78780      22.30591
      20.79790      22.28495
      20.80810      22.26407
      20.81830      22.24347
      20.82840      22.22335
      20.83860      22.20329
      20.84880      22.18351
      20.85890      22.16418
      20.86910      22.14491
      20.87920      22.12609
      20.88940      22.10732
      20.89960      22.08881
      20.90970      22.07070
      20.91990      22.05266
      20.93010      22.03485
      20.94020      22.01744
      20.95040      22.00008
      20.96060      21.98294
      20.97070      21.96619
      20.98090      21.94948
      20.99110      21.93298
      21.00120      21.91685
      21.01140      21.90076
      21.02160      21.88487
      21.03170      21.86933
      21.04190      21.85383
      21.05200      21.83867
      21.06220      21.82355
      21.07240      21.80861
      21.08250      21.79399
      21.09270      21.77942
      21.10290      21.76501
      21.11300      21.75092
      21.12320      21.73685
      21.13340      21.72296
      21.14350      21.70936
      21.15370      21.69579
      21.16390      21.68238
      21.17400      21.66926
      21.18420      21.65616
      21.19430      21.64334
      21.20450      21.63054
      21.21470      21.61789
      21.22480      21.60550
      21.23500      21.59314
      21.24520      21.58092
      21.25530      21.56896
      21.26550      21.55701
      21.27570      21.54520
      21.28580      21.53364
      21.29600      21.52209
      21.30620      21.51067
      21.31630      21.49949
      21.32650      21.48832
      21.33660      21.47738
      21.34680      21.46646
      21.35700      21.45566
      21.36710      21.44508
      21.37730      21.43451
      21.38750      21.42405
      21.39760      21.41381
      21.40780      21.40358
      21.41800      21.39346
      21.42810      21.38354
      21.43830      21.37364
      21.44850      21.36384
      21.45860      21.35423
      21.46880      21.34464
      21.47900      21.33514
      21.48910      21.32584
      21.49930      21.31654
      21.50940      21.30743
      21.51960      21.29832
      21.52980      21.28931
      21.53990      21.28048
      21.55010      21.27165
      21.56030      21.26292
      21.57040      21.25435
      21.58060      21.24579
      21.59080      21.23732
      21.60090      21.22901
      21.61110      21.22071
      21.62130      21.21249
      21.63140      21.20443
      21.64160      21.19637
      21.65170      21.18847
      21.66190      21.18057
      21.67210      21.17275
      21.68220      21.16508
      21.69240      21.15741
      21.70260      21.14982
      21.71270      21.14237
      21.72290      21.13493
      21.73310      21.12755
      21.74320      21.12032
      21.75340      21.11308
      21.76360      21.10592
      21.77370      21.09889
      21.78390      21.09187
      21.79410      21.08491
      21.80420      21.07808
      21.81440      21.07125
      21.82450      21.06455
      21.83470      21.05784
      21.84490      21.05120
      21.85500      21.04469
      21.86520      21.03817
      21.87540      21.03171
      21.88550      21.02538
      21.89570      21.01904
      21.90590      21.01276
      21.91600      21.00660
      21.92620      21.00043
      21.93640      20.99432
      21.94650      20.98833
      21.95670      20.98232
      21.96680      20.97644
      21.97700      20.97054
      21.98720      20.96470
      21.99730      20.95897
      22.00750      20.95324
      22.01770      20.94755
      22.02780      20.94197
      22.03800      20.93639
      22.04820      20.93085
      22.05830      20.92542
      22.06850      20.91998
      22.07870      20.91459
      22.08880      20.90929
      22.09900      20.90400
      22.10920      20.89874
      22.11930      20.89359
      22.12950      20.88842
      22.13960      20.88336
      22.14980      20.87828
      22.16000      20.87325
      22.17010      20.86831
      22.18030      20.86337
      22.19050      20.85846
      22.20060      20.85365
      22.21080      20.84882
      22.22100      20.84404
      22.23110      20.83935
      22.24130      20.83465
      22.25150      20.82998
      22.26160      20.82541
      22.27180      20.82082
      22.28190      20.81632
      22.29210      20.81181
      22.30230      20.80733
      22.31240      20.80294
      22.32260      20.79854
      22.33280      20.79417
      22.34290      20.78989
      22.35310      20.78559
      22.36330      20.78133
      22.37340      20.77715
      22.38360      20.77296
      22.39380      20.76880
      22.40390      20.76472
      22.41410      20.76063
      22.42430      20.75657
      22.43440      20.75258
      22.44460      20.74858
      22.45470      20.74466
      22.46490      20.74073
      22.47510      20.73683
      22.48520      20.73299
      22.49540      20.72915
      22.50560      20.72534
      22.51570      20.72160
      22.52590      20.71785
      22.53610      20.71412
      22.54620      20.71047
      22.55640      20.70680
      22.56660      20.70316
      22.57670      20.69959
      22.58690      20.69601
      22.59700      20.69249
      22.60720      20.68896
      22.61740      20.68546
      22.62750      20.68202
      22.63770      20.67857
      22.64790      20.67515
      22.65800      20.67178
      22.66820      20.66841
      22.67840      20.66507
      22.68850      20.66178
      22.69870      20.65848
      22.70890      20.65521
      22.71900      20.65199
      22.72920      20.64877
      22.73940      20.64557
      22.74950      20.64242
      22.75970      20.63927
      22.76980      20.63617
      22.78000      20.63306
      22.79020      20.62998
      22.80030      20.62694
      22.81050      20.62390
      22.82070      20.62088
      22.83080      20.61792
      22.84100      20.61494
      22.85120      20.61199
      22.86130      20.60908
      22.87150      20.60617
      22.88170      20.60328
      22.89180      20.60044
      22.90200      20.59758
      22.91210      20.59478
      22.92230      20.59197
      22.93250      20.58918
      22.94260      20.58644
      22.95280      20.58368
      22.96300      20.58095
      22.97310      20.57826
      22.98330      20.57557
      22.99350      20.57289
      23.00360      20.57026
      23.01380      20.56762
      23.02400      20.56500
      23.03410      20.56242
      23.04430      20.55984
      23.05450      20.55727
      23.06460      20.55475
      23.07480      20.55221
      23.08490      20.54972
      23.09510      20.54723
      23.10530      20.54474
      23.11540      20.54230
      23.12560      20.53985
      23.13580      20.53742
      23.14590      20.53503
      23.15610      20.53263
      23.16630      20.53025
      23.17640      20.52791
      23.18660      20.52555
      23.19680      20.52322
      23.20690      20.52092
      23.21710      20.51862
      23.22720      20.51635
      23.23740      20.51407
      23.24760      20.51181
      23.25770      20.50959
      23.26790      20.50736
      23.27810      20.50514
      23.28820      20.50296
      23.29840      20.50077
      23.30860      20.49860
      23.31870      20.49646
      23.32890      20.49432
      23.33910      20.49219
      23.34920      20.49009
      23.35940      20.48799
      23.36950      20.48592
      23.37970      20.48384
      23.38990      20.48177
      23.40000      20.47974
      23.41020      20.47771
      23.42040      20.47568
      23.43050      20.47369
      23.44070      20.47169
      23.45090      20.46970
      23.46100      20.46774
      23.47120      20.46578
      23.48140      20.46383
      23.49150      20.46191
      23.50170      20.45999
      23.51190      20.45807
      23.52200      20.45619
      23.53220      20.45430
      23.54230      20.45244
      23.55250      20.45057
      23.56270      20.44872
      23.57280      20.44689
      23.58300      20.44506
      23.59320      20.44324
      23.60330      20.44144
      23.61350      20.43964
      23.62370      20.43785
      23.63380      20.43609
      23.64400      20.43433
      23.65420      20.43257
      23.66430      20.43084
      23.67450      20.42911
      23.68460      20.42740
      23.69480      20.42568
      23.70500      20.42398
      23.71510      20.42230
      23.72530      20.42062
      23.73550      20.41894
      23.74560      20.41730
      23.75580      20.41564
      23.76600      20.41400
      23.77610      20.41238
      23.78630      20.41075
      23.79650      20.40914
      23.80660      20.40755
      23.81680      20.40595
      23.82700      20.40436
      23.83710      20.40280
      23.84730      20.40123
      23.85740      20.39968
      23.86760      20.39813
      23.87780      20.39659
      23.88790      20.39507
      23.89810      20.39355
      23.90830      20.39203
      23.91840      20.39054
      23.92860      20.38904
      23.93880      20.38755
      23.94890      20.38609
      23.95910      20.38461
      23.96930      20.38315
      23.97940      20.38171
      23.98960      20.38026
      23.99970      20.37884
      24.00990      20.37740
      24.02010      20.37598
      24.03020      20.37458
      24.04040      20.37317
      24.05060      20.37177
      24.06070      20.37039
      24.07090      20.36901
      24.08110      20.36763
      24.09120      20.36628
      24.10140      20.36492
      24.11160      20.36356
      24.12170      20.36223
      24.13190      20.36089
      24.14210      20.35956
      24.15220      20.35825
      24.16240      20.35693
      24.17250      20.35563
      24.18270      20.35433
      24.19290      20.35304
      24.20300      20.35176
      24.21320      20.35048
      24.22340      20.34921
      24.23350      20.34795
      24.24370      20.34669
      24.25390      20.34544
      24.26400      20.34420
      24.27420      20.34296
      24.28440      20.34173
      24.29450      20.34051
      24.30470      20.33929
      24.31480      20.33809
      24.32500      20.33688
      24.33520      20.33568
      24.34530      20.33450
      24.35550      20.33331
      24.36570      20.33213
      24.37580      20.33097
      24.38600      20.32980
      24.39620      20.32863
      24.40630      20.32749
      24.41650      20.32634
      24.42670      20.32519
      24.43680      20.32406
      24.44700      20.32293
      24.45720      20.32180
      24.46730      20.32069
      24.47750      20.31958
      24.48760      20.31848
      24.49780      20.31737
      24.50800      20.31627
      24.51810      20.31519
      24.52830      20.31411
      24.53850      20.31302
      24.54860      20.31196
      24.55880      20.31089
      24.56900      20.30982
      24.57910      20.30877
      24.58930      20.30772
      24.59950      20.30667
      24.60960      20.30564
      24.61980      20.30460
      24.62990      20.30358
      24.64010      20.30255
      24.65030      20.30153
      24.66040      20.30052
      24.67060      20.29951
      24.68080      20.29850
      24.69090      20.29751
      24.70110      20.29651
      24.71130      20.29552
      24.72140      20.29454
      24.73160      20.29356
      24.74180      20.29258
      24.75190      20.29162
      24.76210      20.29065
      24.77230      20.28969
      24.78240      20.28874
      24.79260      20.28779
      24.80270      20.28685
      24.81290      20.28590
      24.82310      20.28496
      24.83320      20.28404
      24.84340      20.28311
      24.85360      20.28218
      24.86370      20.28127
      24.87390      20.28035
      24.88410      20.27944
      24.89420      20.27854
      24.90440      20.27764
      24.91460      20.27674
      24.92470      20.27585
      24.93490      20.27496
      24.94500      20.27409
      24.95520      20.27320
      24.96540      20.27233
      24.97550      20.27146
      24.98570      20.27059
      24.99590      20.26973
      25.00600      20.26888
      25.01620      20.26802
      25.02640      20.26716
      25.03650      20.26632
      25.04670      20.26548
      25.05690      20.26464
      25.06700      20.26381
      25.07720      20.26298
      25.08740      20.26215
      25.09750      20.26133
      25.10770      20.26051
      25.11780      20.25970
      25.12800      20.25889
      25.13820      20.25808
      25.14830      20.25728
      25.15850      20.25648
      25.16870      20.25568
      25.17880      20.25489
      25.18900      20.25410
      25.19920      20.25331
      25.20930      20.25254
      25.21950      20.25176
      25.22970      20.25098
      25.23980      20.25022
      25.25000      20.24945
      25.26010      20.24869
      25.27030      20.24792
      25.28050      20.24717
      25.29060      20.24642
      25.30080      20.24567
      25.31100      20.24492
      25.32110      20.24418
      25.33130      20.24344
      25.34150      20.24270
      25.35160      20.24197
      25.36180      20.24124
      25.37200      20.24051
      25.38210      20.23979
      25.39230      20.23907
      25.40240      20.23836
      25.41260      20.23764
      25.42280      20.23693
      25.43290      20.23623
      25.44310      20.23553
      25.45330      20.23482
      25.46340      20.23413
      25.47360      20.23343
      25.48380      20.23274
      25.49390      20.23206
      25.50410      20.23137
      25.51430      20.23068
      25.52440      20.23001
      25.53460      20.22933
      25.54480      20.22865
      25.55490      20.22799
      25.56510      20.22732
      25.57520      20.22666
      25.58540      20.22600
      25.59560      20.22534
      25.60570      20.22469
      25.61590      20.22403
      25.62610      20.22338
      25.63620      20.22273
      25.64640      20.22209
      25.65660      20.22145
      25.66670      20.22081
      25.67690      20.22017
      25.68710      20.21954
      25.69720      20.21891
      25.70740      20.21828
      25.71750      20.21766
      25.72770      20.21704
      25.73790      20.21641
      25.74800      20.21580
      25.75820      20.21519
      25.76840      20.21457
      25.77850      20.21396
      25.78870      20.21336
      25.79890      20.21275
      25.80900      20.21215
      25.81920      20.21155
      25.82940      20.21095
      25.83950      20.21036
      25.84970      20.20977
      25.85990      20.20918
      25.87000      20.20860
      25.88020      20.20801
      25.89030      20.20743
      25.90050      20.20685
      25.91070      20.20627
      25.92080      20.20570
      25.93100      20.20513
      25.94120      20.20456
      25.95130      20.20399
      25.96150      20.20343
      25.97170      20.20286
      25.98180      20.20231
      25.99200      20.20175
      26.00220      20.20119
      26.01230      20.20064
      26.02250      20.20009
      26.03260      20.19954
      26.04280      20.19899
      26.05300      20.19845
      26.06310      20.19791
      26.07330      20.19737
      26.08350      20.19683
      26.09360      20.19630
      26.10380      20.19576
      26.11400      20.19523
      26.12410      20.19470
      26.13430      20.19418
      26.14450      20.19365
      26.15460      20.19313
      26.16480      20.19261
      26.17500      20.19209
      26.18510      20.19157
      26.19530      20.19106
      26.20540      20.19055
      26.21560      20.19004
      26.22580      20.18953
      26.23590      20.18903
      26.24610      20.18852
      26.25630      20.18802
      26.26640      20.18752
      26.27660      20.18702
      26.28680      20.18652
      26.29690      20.18603
      26.30710      20.18554
      26.31730      20.18505
      26.32740      20.18456
      26.33760      20.18407
      26.34770      20.18359
      26.35790      20.18311
      26.36810      20.18263
      26.37820      20.18215
      26.38840      20.18167
      26.39860      20.18120
      26.40870      20.18073
      26.41890      20.18026
      26.42910      20.17978
      26.43920      20.17932
      26.44940      20.17885
      26.45960      20.17839
      26.46970      20.17793
      26.47990      20.17747
      26.49010      20.17701
      26.50020      20.17655
      26.51040      20.17610
      26.52050      20.17565
      26.53070      20.17519
      26.54090      20.17474
      26.55100      20.17430
      26.56120      20.17385
      26.57140      20.17340
      26.58150      20.17296
      26.59170      20.17252
      26.60190      20.17208
      26.61200      20.17165
      26.62220      20.17121
      26.63240      20.17077
      26.64250      20.17034
      26.65270      20.16991
      26.66280      20.16948
      26.67300      20.16905
      26.68320      20.16863
      26.69330      20.16821
      26.70350      20.16778
      26.71370      20.16736
      26.72380      20.16694
      26.73400      20.16652
      26.74420      20.16610
      26.75430      20.16569
      26.76450      20.16528
      26.77470      20.16486
      26.78480      20.16445
      26.79500      20.16404
      26.80520      20.16363
      26.81530      20.16323
      26.82550      20.16282
      26.83560      20.16242
      26.84580      20.16202
      26.85600      20.16162
      26.86610      20.16122
      26.87630      20.16083
      26.88650      20.16043
      26.89660      20.16004
      26.90680      20.15964
      26.91700      20.15925
      26.92710      20.15886
      26.93730      20.15847
      26.94750      20.15809
      26.95760      20.15770
      26.96780      20.15732
      26.97790      20.15694
      26.98810      20.15656
      26.99830      20.15617
      27.00840      20.15580
      27.01860      20.15542
      27.02880      20.15504
      27.03890      20.15467
      27.04910      20.15430
      27.05930      20.15392
      27.06940      20.15355
      27.07960      20.15318
      27.08980      20.15282
      27.09990      20.15245
      27.11010      20.15209
      27.12020      20.15172
      27.13040      20.15136
      27.14060      20.15100
      27.15070      20.15064
      27.16090      20.15028
      27.17110      20.14992
      27.18120      20.14957
      27.19140      20.14921
      27.20160      20.14886
      27.21170      20.14851
      27.22190      20.14816
      27.23210      20.14780
      27.24220      20.14746
      27.25240      20.14711
      27.26260      20.14676
      27.27270      20.14642
      27.28290      20.14607
      27.29300      20.14573
      27.30320      20.14539
      27.31340      20.14505
      27.32350      20.14471
      27.33370      20.14437
      27.34390      20.14404
      27.35400      20.14371
      27.36420      20.14337
      27.37440      20.14304
      27.38450      20.14271
      27.39470      20.14237
      27.40490      20.14204
      27.41500      20.14172
      27.42520      20.14139
      27.43530      20.14107
      27.44550      20.14074
      27.45570      20.14041
      27.46580      20.14009
      27.47600      20.13977
      27.48620      20.13945
      27.49630      20.13913
      27.50650      20.13881
      27.51670      20.13849
      27.52680      20.13818
      27.53700      20.13786
      27.54720      20.13755
      27.55730      20.13724
      27.56750      20.13692
      27.57770      20.13661
      27.58780      20.13630
      27.59800      20.13600
      27.60810      20.13569
      27.61830      20.00000
      27.62850      20.00000
      27.63860      20.00000
      27.64880      20.00000
      27.65900      20.00000
      27.66910      20.00000
      27.67930      20.00000
      27.68950      20.00000
      27.69960      20.00000
      27.70980      20.00000
      27.72000      20.00000
      27.73010      20.00000
      27.74030      20.00000
      27.75040      20.00000
      27.76060      20.00000
      27.77080      20.00000
      27.78090      20.00000
      27.79110      20.00000
      27.80130      20.00000
      27.81140      20.00000
      27.82160      20.00000
      27.83180      20.00000
      27.84190      20.00000
      27.85210      20.00000
      27.86230      20.00000
      27.87240      20.00000
      27.88260      20.00000
      27.89280      20.00000
      27.90290      20.00000
      27.91310      20.00000
      27.92320      20.00000
      27.93340      20.00000
      27.94360      20.00000
      27.95370      20.00000
      27.96390      20.00000
      27.97410      20.00000
      27.98420      20.00000
      27.99440      20.00000
      28.00460      20.00000
      28.01470      20.00000
      28.02490      20.00000
      28.03510      20.00000
      28.04520      20.00000
      28.05540      20.00000
      28.06550      20.00000
      28.07570      20.00000
      28.08590      20.00000
      28.09600      20.00000
      28.10620      20.00000
      28.11640      20.00000
      28.12650      20.00000
      28.13670      20.00000
      28.14690      20.00000
      28.15700      20.00000
      28.16720      20.00000
      28.17740      20.00000
      28.18750      20.00000
      28.19770      20.00000
      28.20790      20.00000
      28.21800      20.00000
      28.22820      20.00000
      28.23830      20.00000
      28.24850      20.00000
      28.25870      20.00000
      28.26880      20.00000
      28.27900      20.00000
      28.28920      20.00000
      28.29930      20.00000
      28.30950      20.00000
      28.31970      20.00000
      28.32980      20.00000
      28.34000      20.00000
      28.35020      20.00000
      28.36030      20.00000
      28.37050      20.00000
      28.38060      20.00000
      28.39080      20.00000
      28.40100      20.00000
      28.41110      20.00000
      28.42130      20.00000
      28.43150      20.00000
      28.44160      20.00000
      28.45180      20.00000
      28.46200      20.00000
      28.47210      20.00000
      28.48230      20.00000
      28.49250      20.00000
      28.50260      20.00000
      28.51280      20.00000
      28.52300      20.00000
      28.53310      20.00000
      28.54330      20.00000
      28.55340      20.00000
      28.56360      20.00000
      28.57380      20.00000
      28.58390      20.00000
      28.59410      20.00000
      28.60430      20.00000
      28.61440      20.00000
      28.62460      20.00000
      28.63480      20.00000
      28.64490      20.00000
      28.65510      20.00000
      28.66530      20.00000
      28.67540      20.00000
      28.68560      20.00000
      28.69570      20.00000
      28.70590      20.00000
      28.71610      20.00000
      28.72620      20.00000
      28.73640      20.00000
      28.74660      20.00000
      28.75670      20.00000
      28.76690      20.00000
      28.77710      20.00000
      28.78720      20.00000
      28.79740      20.00000
      28.80760      20.00000
      28.81770      20.00000
      28.82790      20.00000
      28.83810      20.00000
      28.84820      20.00000
      28.85840      20.00000
      28.86850      20.00000
      28.87870      20.00000
      28.88890      20.00000
      28.89900      20.00000
      28.90920      20.00000
      28.91940      20.00000
      28.92950      20.00000
      28.93970      20.00000
      28.94990      20.00000
      28.96000      20.00000
      28.97020      20.00000
      28.98040      20.00000
      28.99050      20.00000
      29.00070      20.00000
      29.01080      20.00000
      29.02100      20.00000
      29.03120      20.00000
      29.04130      20.00000
      29.05150      20.00000
      29.06170      20.00000
      29.07180      20.00000
      29.08200      20.00000
      29.09220      20.00000
      29.10230      20.00000
      29.11250      20.00000
      29.12270      20.00000
      29.13280      20.00000
      29.14300      20.00000
      29.15310      20.00000
      29.16330      20.00000
      29.17350      20.00000
      29.18360      20.00000
      29.19380      20.00000
      29.20400      20.00000
      29.21410      20.00000
      29.22430      20.00000
      29.23450      20.00000
      29.24460      20.00000
      29.25480      20.00000
      29.26500      20.00000
      29.27510      20.00000
      29.28530      20.00000
      29.29550      20.00000
      29.30560      20.00000
      29.31580      20.00000
      29.32590      20.00000
      29.33610      20.00000
      29.34630      20.00000
      29.35640      20.00000
      29.36660      20.00000
      29.37680      20.00000
      29.38690      20.00000
      29.39710      20.00000
      29.40730      20.00000
      29.41740      20.00000
      29.42760      20.00000
      29.43780      20.00000
      29.44790      20.00000
      29.45810      20.00000
      29.46820      20.00000
      29.47840      20.00000
      29.48860      20.00000
      29.49870      20.00000
      29.50890      20.00000
      29.51910      20.00000
      29.52920      20.00000
      29.53940      20.00000
      29.54960      20.00000
      29.55970      20.00000
      29.56990      20.00000
      29.58010      20.00000
      29.59020      20.00000
      29.60040      20.00000
      29.61060      20.00000
      29.62070      20.00000
      29.63090      20.00000
      29.64100      20.00000
      29.65120      20.00000
      29.66140      20.00000
      29.67150      20.00000
      29.68170      20.00000
      29.69190      20.00000
      29.70200      20.00000
      29.71220      20.00000
      29.72240      20.00000
      29.73250      20.00000
      29.74270      20.00000
      29.75290      20.00000
      29.76300      20.00000
      29.77320      20.00000
      29.78330      20.00000
      29.79350      20.00000
      29.80370      20.00000
      29.81380      20.00000
      29.82400      20.00000
      29.83420      20.00000
      29.84430      20.00000
      29.85450      20.00000
      29.86470      20.00000
      29.87480      20.00000
      29.88500      20.00000
      29.89520      20.00000
      29.90530      20.00000
      29.91550      20.00000
      29.92570      20.00000
      29.93580      20.00000
      29.94600      20.00000
      29.95610      20.00000
      29.96630      20.00000
      29.97650      20.00000
      29.98660      20.00000
      29.99680      20.00000
      30.00700      20.00000
      30.01710      20.00000
      30.02730      20.00000
      30.03750      20.00000
      30.04760      20.00000
      30.05780      20.00000
      30.06800      20.00000
      30.07810      20.00000
      30.08830      20.00000
      30.09840      20.00000
      30.10860      20.00000
      30.11880      20.00000
      30.12890      20.00000
      30.13910      20.00000
      30.14930      20.00000
      30.15940      20.00000
      30.16960      20.00000
      30.17980      20.00000
      30.18990      20.00000
      30.20010      20.00000
      30.21030      20.00000
      30.22040      20.00000
      30.23060      20.00000
      30.24080      20.00000
      30.25090      20.00000
      30.26110      20.00000
      30.27120      20.00000
      30.28140      20.00000
      30.29160      20.00000
      30.30170      20.00000
      30.31190      20.00000
      30.32210      20.00000
      30.33220      20.00000
      30.34240      20.00000
      30.35260      20.00000
      30.36270      20.00000
      30.37290      20.00000
      30.38310      20.00000
      30.39320      20.00000
      30.40340      20.00000
      30.41350      20.00000
      30.42370      20.00000
      30.43390      20.00000
      30.44400      20.00000
      30.45420      20.00000
      30.46440      20.00000
      30.47450      20.00000
      30.48470      20.00000
      30.49490      20.00000
      30.50500      20.00000
      30.51520      20.00000
      30.52540      20.00000
      30.53550      20.00000
      30.54570      20.00000
      30.55590      20.00000
      30.56600      20.00000
      30.57620      20.00000
      30.58630      20.00000
      30.59650      20.00000
      30.60670      20.00000
      30.61680      20.00000
      30.62700      20.00000
      30.63720      20.00000
      30.64730      20.00000
      30.65750      20.00000
      30.66770      20.00000
      30.67780      20.00000
      30.68800      20.00000
      30.69820      20.00000
      30.70830      20.00000
      30.71850      20.00000
      30.72860      20.00000
      30.73880      20.00000
      30.74900      20.00000
      30.75910      20.00000
      30.76930      20.00000
      30.77950      20.00000
      30.78960      20.00000
      30.79980      20.00000
      30.81000      20.00000
      30.82010      20.00000
      30.83030      20.00000
      30.84050      20.00000
      30.85060      20.00000
      30.86080      20.00000
      30.87100      20.00000
      30.88110      20.00000
      30.89130      20.00000
      30.90140      20.00000
      30.91160      20.00000
      30.92180      20.00000
      30.93190      20.00000
      30.94210      20.00000
      30.95230      20.00000
      30.96240      20.00000
      30.97260      20.00000
      30.98280      20.00000
      30.99290      20.00000
      31.00310      20.00000
      31.01330      20.00000
      31.02340      20.00000
      31.03360      20.00000
      31.04370      20.00000
      31.05390      20.00000
      31.06410      20.00000
      31.07420      20.00000
      31.08440      20.00000
      31.09460      20.00000
      31.10470      20.00000
      31.11490      20.00000
      31.12510      20.00000
      31.13520      20.00000
      31.14540      20.00000
      31.15560      20.00000
      31.16570      20.00000
      31.17590      20.00000
      31.18600      20.00000
      31.19620      20.00000
      31.20640      20.00000
      31.21650      20.00000
      31.22670      20.00000
      31.23690      20.00000
      31.24700      20.00000
      31.25720      20.00000
      31.26740      20.00000
      31.27750      20.00000
      31.28770      20.00000
      31.29790      20.00000
      31.30800      20.00000
      31.31820      20.00000
      31.32840      20.00000
      31.33850      20.00000
      31.34870      20.00000
      31.35880      20.00000
      31.36900      20.00000
      31.37920      20.00000
      31.38930      20.00000
      31.39950      20.00000
      31.40970      20.00000
      31.41980      20.00000
      31.43000      20.00000
      31.44020      20.00000
      31.45030      20.00000
      31.46050      20.00000
      31.47070      20.00000
      31.48080      20.00000
      31.49100      20.00000
      31.50110      20.00000
      31.51130      20.00000
      31.52150      20.00000
      31.53160      20.00000
      31.54180      20.00000
      31.55200      20.00000
      31.56210      20.00000
      31.57230      20.00000
      31.58250      20.00000
      31.59260      20.00000
      31.60280      20.00000
      31.61300      20.00000
      31.62310      20.00000
      31.63330      20.00000
      31.64350      20.00000
      31.65360      20.00000
      31.66380      20.00000
      31.67390      20.00000
      31.68410      20.00000
      31.69430      20.00000
      31.70440      20.00000
      31.71460      20.00000
      31.72480      20.00000
      31.73490      20.00000
      31.74510      20.00000
      31.75530      20.00000
      31.76540      20.00000
      31.77560      20.00000
      31.78580      20.00000
      31.79590      20.00000
      31.80610      20.00000
      31.81620      20.00000
      31.82640      20.00000
      31.83660      20.00000
      31.84670      20.00000
      31.85690      20.00000
      31.86710      20.00000
      31.87720      20.00000
      31.88740      20.00000
      31.89760      20.00000
      31.90770      20.00000
      31.91790      20.00000
      31.92810      20.00000
      31.93820      20.00000
      31.94840      20.00000
      31.95860      20.00000
      31.96870      20.00000
      31.97890      20.00000
      31.98900      20.00000
      31.99920      20.00000
      32.00940      20.00000
      32.01950      20.00000
      32.02970      20.00000
      32.03990      20.00000
      32.05000      20.00000
      32.06020      20.00000
      32.07040      20.00000
      32.08050      20.00000
      32.09070      20.00000
      32.10090      20.00000
      32.11100      20.00000
      32.12120      20.00000
      32.13130      20.00000
      32.14150      20.00000
      32.15170      20.00000
      32.16180      20.00000
      32.17200      20.00000
      32.18220      20.00000
      32.19230      20.00000
      32.20250      20.00000
      32.21270      20.00000
      32.22280      20.00000
      32.23300      20.00000
      32.24320      20.00000
      32.25330      20.00000
      32.26350      20.00000
      32.27370      20.00000
      32.28380      20.00000
      32.29400      20.00000
      32.30410      20.00000
      32.31430      20.00000
      32.32450      20.00000
      32.33460      20.00000
      32.34480      20.00000
      32.35500      20.00000
      32.36510      20.00000
      32.37530      20.00000
      32.38550      20.00000
      32.39560      20.00000
      32.40580      20.00000
      32.41600      20.00000
      32.42610      20.00000
      32.43630      20.00000
      32.44640      20.00000
      32.45660      20.00000
      32.46680      20.00000
      32.47690      20.00000
      32.48710      20.00000
      32.49730      20.00000
      32.50740      20.00000
      32.51760      20.00000
      32.52780      20.00000
      32.53790      20.00000
      32.54810      20.00000
      32.55830      20.00000
      32.56840      20.00000
      32.57860      20.00000
      32.58880      20.00000
      32.59890      20.00000
      32.60910      20.00000
      32.61920      20.00000
      32.62940      20.00000
      32.63960      20.00000
      32.64970      20.00000
      32.65990      20.00000
      32.67010      20.00000
      32.68020      20.00000
      32.69040      20.00000
      32.70060      20.00000
      32.71070      20.00000
      32.72090      20.00000
      32.73110      20.00000
      32.74120      20.00000
      32.75140      20.00000
      32.76150      20.00000
      32.77170      20.00000
      32.78190      20.00000
      32.79200      20.00000
      32.80220      20.00000
      32.81240      20.00000
      32.82250      20.00000
      32.83270      20.00000
      32.84290      20.00000
      32.85300      20.00000
      32.86320      20.00000
      32.87340      20.00000
      32.88350      20.00000
      32.89370      20.00000
      32.90390      20.00000
      32.91400      20.00000
      32.92420      20.00000
      32.93430      20.00000
      32.94450      20.00000
      32.95470      20.00000
      32.96480      20.00000
      32.97500      20.00000
      32.98520      20.00000
      32.99530      20.00000
      33.00550      20.00000
      33.01570      20.00000
      33.02580      20.00000
      33.03600      20.00000
      33.04620      20.00000
      33.05630      20.00000
      33.06650      20.00000
      33.07660      20.00000
      33.08680      20.00000
      33.09700      20.00000
      33.10710      20.00000
      33.11730      20.00000
      33.12750      20.00000
      33.13760      20.00000
      33.14780      20.00000
      33.15800      20.00000
      33.16810      20.00000
      33.17830      20.00000
      33.18850      20.00000
      33.19860      20.00000
      33.20880      20.00000
      33.21890      20.00000
      33.22910      20.00000
      33.23930      20.00000
      33.24940      20.00000
      33.25960      20.00000
      33.26980      20.00000
      33.27990      20.00000
      33.29010      20.00000
      33.30030      20.00000
      33.31040      20.00000
      33.32060      20.00000
      33.33080      20.00000
      33.34090      20.00000
      33.35110      20.00000
      33.36130      20.00000
      33.37140      20.00000
      33.38160      20.00000
      33.39170      20.00000
      33.40190      20.00000
      33.41210      20.00000
      33.42220      20.00000
      33.43240      20.00000
      33.44260      20.00000
      33.45270      20.00000
      33.46290      20.00000
      33.47310      20.00000
      33.48320      20.00000
      33.49340      20.00000
      33.50360      20.00000
      33.51370      20.00000
      33.52390      20.00000
      33.53400      20.00000
      33.54420      20.00000
      33.55440      20.00000
      33.56450      20.00000
      33.57470      20.00000
      33.58490      20.00000
      33.59500      20.00000
      33.60520      20.00000
      33.61540      20.00000
      33.62550      20.00000
      33.63570      20.00000
      33.64590      20.00000
      33.65600      20.00000
      33.66620      20.00000
      33.67640      20.00000
      33.68650      20.00000
      33.69670      20.00000
      33.70680      20.00000
      33.71700      20.00000
      33.72720      20.00000
      33.73730      20.00000
      33.74750      20.00000
      33.75770      20.00000
      33.76780      20.00000
      33.77800      20.00000
      33.78820      20.00000
      33.79830      20.00000
      33.80850      20.00000
      33.81870      20.00000
      33.82880      20.00000
      33.83900      20.00000
      33.84910      20.00000
      33.85930      20.00000
      33.86950      20.00000
      33.87960      20.00000
      33.88980      20.00000
      33.90000      20.00000
      33.91010      20.00000
      33.92030      20.00000
      33.93050      20.00000
      33.94060      20.00000
      33.95080      20.00000
      33.96100      20.00000
      33.97110      20.00000
      33.98130      20.00000
      33.99150      20.00000
      34.00160      20.00000
      34.01180      20.00000
      34.02190      20.00000
      34.03210      20.00000
      34.04230      20.00000
      34.05240      20.00000
      34.06260      20.00000
      34.07280      20.00000
      34.08290      20.00000
      34.09310      20.00000
      34.10330      20.00000
      34.11340      20.00000
      34.12360      20.00000
      34.13380      20.00000
      34.14390      20.00000
      34.15410      20.00000
      34.16420      20.00000
      34.17440      20.00000
      34.18460      20.00000
      34.19470      20.00000
      34.20490      20.00000
      34.21510      20.00000
      34.22520      20.00000
      34.23540      20.00000
      34.24560      20.00000
      34.25570      20.00000
      34.26590      20.00000
      34.27610      20.00000
      34.28620      20.00000
      34.29640      20.00000
      34.30660      20.00000
      34.31670      20.00000
      34.32690      20.00000
      34.33700      20.00000
      34.34720      20.00000
      34.35740      20.00000
      34.36750      20.00000
      34.37770      20.00000
      34.38790      20.00000
      34.39800      20.00000
      34.40820      20.00000
      34.41840      20.00000
      34.42850      20.00000
      34.43870      20.00000
      34.44890      20.00000
      34.45900      20.00000
      34.46920      20.00000
      34.47930      20.00000
      34.48950      20.00000
      34.49970      20.00000
      34.50980      20.00000
      34.52000      20.00000
      34.53020      20.00000
      34.54030      20.00000
      34.55050      20.00000
      34.56070      20.00000
      34.57080      20.00000
      34.58100      20.00000
      34.59120      20.00000
      34.60130      20.00000
      34.61150      20.00000
      34.62170      20.00000
      34.63180      20.00000
      34.64200      20.00000
      34.65210      20.00000
      34.66230      20.00000
      34.67250      20.00000
      34.68260      20.00000
      34.69280      20.00000
      34.70300      20.00000
      34.71310      20.00000
      34.72330      20.00000
      34.73350      20.00000
      34.74360      20.00000
      34.75380      20.00000
      34.76400      20.00000
      34.77410      20.00000
      34.78430      20.00000
      34.79440      20.00000
      34.80460      20.00000
      34.81480      20.00000
      34.82490      20.00000
      34.83510      20.00000
      34.84530      20.00000
      34.85540      20.00000
      34.86560      20.00000
      34.87580      20.00000
      34.88590      20.00000
      34.89610      20.00000
      34.90630      20.00000
      34.91640      20.00000
      34.92660      20.00000
      34.93670      20.00000
      34.94690      20.00000
      34.95710      20.00000
      34.96720      20.00000
      34.97740      20.00000
      34.98760      20.00000
      34.99770      20.00000
      35.00790      20.00000
      35.01810      20.00000
      35.02820      20.00000
      35.03840      20.00000
      35.04860      20.00000
      35.05870      20.00000
      35.06890      20.00000
      35.07910      20.00000
      35.08920      20.00000
      35.09940      20.00000
      35.10950      20.00000
      35.11970      20.00000
      35.12990      20.00000
      35.14000      20.00000
      35.15020      20.00000
      35.16040      20.00000
      35.17050      20.00000
      35.18070      20.00000
      35.19090      20.00000
      35.20100      20.00000
      35.21120      20.00000
      35.22140      20.00000
      35.23150      20.00000
      35.24170      20.00000
      35.25180      20.00000
      35.26200      20.00000
      35.27220      20.00000
      35.28230      20.00000
      35.29250      20.00000
      35.30270      20.00000
      35.31280      20.00000
      35.32300      20.00000
      35.33320      20.00000
      35.34330      20.00000
      35.35350      20.00000
      35.36370      20.00000
      35.37380      20.00000
      35.38400      20.00000
      35.39420      20.00000
      35.40430      20.00000
      35.41450      20.00000
      35.42460      20.00000
      35.43480      20.00000
      35.44500      20.00000
      35.45510      20.00000
      35.46530      20.00000
      35.47550      20.00000
      35.48560      20.00000
      35.49580      20.00000
      35.50600      20.00000
      35.51610      20.00000
      35.52630      20.00000
      35.53650      20.00000
      35.54660      20.00000
      35.55680      20.00000
      35.56690      20.00000
      35.57710      20.00000
      35.58730      20.00000
      35.59740      20.00000
      35.60760      20.00000
      35.61780      20.00000
      35.62790      20.00000
      35.63810      20.00000
      35.64830      20.00000
      35.65840      20.00000
      35.66860      20.00000
      35.67880      20.00000
      35.68890      20.00000
      35.69910      20.00000
      35.70930      20.00000
      35.71940      20.00000
      35.72960      20.00000
      35.73970      20.00000
      35.74990      20.00000
      35.76010      20.00000
      35.77020      20.00000
      35.78040      20.00000
      35.79060      20.00000
      35.80070      20.00000
      35.81090      20.00000
      35.82110      20.00000
      35.83120      20.00000
      35.84140      20.00000
      35.85160      20.00000
      35.86170      20.00000
      35.87190      20.00000
      35.88200      20.00000
      35.89220      20.00000
      35.90240      20.00000
      35.91250      20.00000
      35.92270      20.00000
      35.93290      20.00000
      35.94300      20.00000
      35.95320      20.00000
      35.96340      20.00000
      35.97350      20.00000
      35.98370      20.00000
      35.99390      20.00000
