! TITLE: Yobs                                                                                                                                                                                                                                                            
! Peak:  3
       6.00860      24.00000
       6.01870      24.00000
       6.02890      24.00000
       6.03910      24.00000
       6.04920      24.00000
       6.05940      24.00000
       6.06960      24.00000
       6.07970      24.00000
       6.08990      24.00000
       6.10010      24.00000
       6.11020      24.00000
       6.12040      24.00000
       6.13060      24.00000
       6.14070      24.00000
       6.15090      24.00000
       6.16110      24.00000
       6.17120      24.00000
       6.18140      24.00000
       6.19150      24.00000
       6.20170      24.00000
       6.21190      24.00000
       6.22200      24.00000
       6.23220      24.00000
       6.24240      24.00000
       6.25250      24.00000
       6.26270      24.00000
       6.27290      24.00000
       6.28300      24.01586
       6.29320      24.01588
       6.30340      24.01590
       6.31350      24.01592
       6.32370      24.01594
       6.33380      24.01596
       6.34400      24.01598
       6.35420      24.01600
       6.36430      24.01602
       6.37450      24.01604
       6.38470      24.01606
       6.39480      24.01608
       6.40500      24.01610
       6.41520      24.01612
       6.42530      24.01614
       6.43550      24.01616
       6.44570      24.01618
       6.45580      24.01620
       6.46600      24.01622
       6.47620      24.01624
       6.48630      24.01626
       6.49650      24.01628
       6.50660      24.01630
       6.51680      24.01632
       6.52700      24.01635
       6.53710      24.01637
       6.54730      24.01639
       6.55750      24.01641
       6.56760      24.01643
       6.57780      24.01645
       6.58800      24.01647
       6.59810      24.01649
       6.60830      24.01651
       6.61850      24.01653
       6.62860      24.01656
       6.63880      24.01658
       6.64890      24.01660
       6.65910      24.01662
       6.66930      24.01664
       6.67940      24.01666
       6.68960      24.01668
       6.69980      24.01670
       6.70990      24.01673
       6.72010      24.01675
       6.73030      24.01677
       6.74040      24.01679
       6.75060      24.01681
       6.76080      24.01683
       6.77090      24.01686
       6.78110      24.01688
       6.79130      24.01690
       6.80140      24.01692
       6.81160      24.01694
       6.82170      24.01696
       6.83190      24.01698
       6.84210      24.01701
       6.85220      24.01703
       6.86240      24.01705
       6.87260      24.01707
       6.88270      24.01710
       6.89290      24.01712
       6.90310      24.01714
       6.91320      24.01716
       6.92340      24.01719
       6.93360      24.01721
       6.94370      24.01723
       6.95390      24.01725
       6.96400      24.01727
       6.97420      24.01730
       6.98440      24.01732
       6.99450      24.01734
       7.00470      24.01736
       7.01490      24.01739
       7.02500      24.01741
       7.03520      24.01743
       7.04540      24.01746
       7.05550      24.01748
       7.06570      24.01750
       7.07590      24.01752
       7.08600      24.01755
       7.09620      24.01757
       7.10640      24.01759
       7.11650      24.01762
       7.12670      24.01764
       7.13680      24.01766
       7.14700      24.01769
       7.15720      24.01771
       7.16730      24.01773
       7.17750      24.01776
       7.18770      24.01778
       7.19780      24.01780
       7.20800      24.01783
       7.21820      24.01785
       7.22830      24.01788
       7.23850      24.01790
       7.24870      24.01792
       7.25880      24.01795
       7.26900      24.01797
       7.27910      24.01799
       7.28930      24.01802
       7.29950      24.01804
       7.30960      24.01807
       7.31980      24.01809
       7.33000      24.01811
       7.34010      24.01814
       7.35030      24.01816
       7.36050      24.01819
       7.37060      24.01821
       7.38080      24.01824
       7.39100      24.01826
       7.40110      24.01828
       7.41130      24.01831
       7.42150      24.01833
       7.43160      24.01836
       7.44180      24.01838
       7.45190      24.01841
       7.46210      24.01843
       7.47230      24.01846
       7.48240      24.01848
       7.49260      24.01851
       7.50280      24.01853
       7.51290      24.01856
       7.52310      24.01858
       7.53330      24.01861
       7.54340      24.01863
       7.55360      24.01866
       7.56380      24.01868
       7.57390      24.01871
       7.58410      24.01873
       7.59420      24.01876
       7.60440      24.01878
       7.61460      24.01881
       7.62470      24.01884
       7.63490      24.01886
       7.64510      24.01889
       7.65520      24.01891
       7.66540      24.01894
       7.67560      24.01896
       7.68570      24.01899
       7.69590      24.01902
       7.70610      24.01904
       7.71620      24.01907
       7.72640      24.01909
       7.73650      24.01912
       7.74670      24.01915
       7.75690      24.01917
       7.76700      24.01920
       7.77720      24.01923
       7.78740      24.01925
       7.79750      24.01928
       7.80770      24.01930
       7.81790      24.01933
       7.82800      24.01936
       7.83820      24.01938
       7.84840      24.01941
       7.85850      24.01944
       7.86870      24.01947
       7.87890      24.01949
       7.88900      24.01952
       7.89920      24.01955
       7.90930      24.01957
       7.91950      24.01960
       7.92970      24.01963
       7.93980      24.01966
       7.95000      24.01968
       7.96020      24.01971
       7.97030      24.01974
       7.98050      24.01977
       7.99070      24.01979
       8.00080      24.01982
       8.01100      24.01985
       8.02120      24.01988
       8.03130      24.01990
       8.04150      24.01993
       8.05160      24.01996
       8.06180      24.01999
       8.07200      24.02002
       8.08210      24.02004
       8.09230      24.02007
       8.10250      24.02010
       8.11260      24.02013
       8.12280      24.02016
       8.13300      24.02019
       8.14310      24.02021
       8.15330      24.02024
       8.16350      24.02027
       8.17360      24.02030
       8.18380      24.02033
       8.19400      24.02036
       8.20410      24.02039
       8.21430      24.02041
       8.22440      24.02044
       8.23460      24.02047
       8.24480      24.02050
       8.25490      24.02053
       8.26510      24.02056
       8.27530      24.02059
       8.28540      24.02062
       8.29560      24.02065
       8.30580      24.02068
       8.31590      24.02071
       8.32610      24.02073
       8.33630      24.02077
       8.34640      24.02079
       8.35660      24.02082
       8.36670      24.02085
       8.37690      24.02088
       8.38710      24.02091
       8.39720      24.02094
       8.40740      24.02098
       8.41760      24.02100
       8.42770      24.02103
       8.43790      24.02106
       8.44810      24.02110
       8.45820      24.02113
       8.46840      24.02116
       8.47860      24.02119
       8.48870      24.02122
       8.49890      24.02125
       8.50910      24.02128
       8.51920      24.02131
       8.52940      24.02134
       8.53950      24.02137
       8.54970      24.02140
       8.55990      24.02143
       8.57000      24.02146
       8.58020      24.02150
       8.59040      24.02153
       8.60050      24.02156
       8.61070      24.02159
       8.62090      24.02162
       8.63100      24.02165
       8.64120      24.02168
       8.65140      24.02172
       8.66150      24.02175
       8.67170      24.02178
       8.68180      24.02181
       8.69200      24.02184
       8.70220      24.02188
       8.71230      24.02191
       8.72250      24.02194
       8.73270      24.02197
       8.74280      24.02200
       8.75300      24.02204
       8.76320      24.02207
       8.77330      24.02210
       8.78350      24.02213
       8.79370      24.02217
       8.80380      24.02220
       8.81400      24.02223
       8.82420      24.02226
       8.83430      24.02230
       8.84450      24.02233
       8.85460      24.02236
       8.86480      24.02240
       8.87500      24.02243
       8.88510      24.02246
       8.89530      24.02250
       8.90550      24.02253
       8.91560      24.02256
       8.92580      24.02260
       8.93600      24.02263
       8.94610      24.02267
       8.95630      24.02270
       8.96650      24.02273
       8.97660      24.02277
       8.98680      24.02280
       8.99690      24.02283
       9.00710      24.02287
       9.01730      24.02290
       9.02740      24.02294
       9.03760      24.02297
       9.04780      24.02301
       9.05790      24.02304
       9.06810      24.02308
       9.07830      24.02311
       9.08840      24.02315
       9.09860      24.02318
       9.10880      24.02322
       9.11890      24.02325
       9.12910      24.02329
       9.13930      24.02332
       9.14940      24.02336
       9.15960      24.02339
       9.16970      24.02343
       9.17990      24.02346
       9.19010      24.02350
       9.20020      24.02353
       9.21040      24.02357
       9.22060      24.02361
       9.23070      24.02364
       9.24090      24.02368
       9.25110      24.02371
       9.26120      24.02375
       9.27140      24.02379
       9.28160      24.02382
       9.29170      24.02386
       9.30190      24.02390
       9.31200      24.02393
       9.32220      24.02397
       9.33240      24.02401
       9.34250      24.02404
       9.35270      24.02408
       9.36290      24.02412
       9.37300      24.02415
       9.38320      24.02419
       9.39340      24.02423
       9.40350      24.02427
       9.41370      24.02430
       9.42390      24.02434
       9.43400      24.02438
       9.44420      24.02442
       9.45440      24.02446
       9.46450      24.02449
       9.47470      24.02453
       9.48480      24.02457
       9.49500      24.02461
       9.50520      24.02464
       9.51530      24.02468
       9.52550      24.02472
       9.53570      24.02476
       9.54580      24.02480
       9.55600      24.02484
       9.56620      24.02488
       9.57630      24.02492
       9.58650      24.02496
       9.59670      24.02499
       9.60680      24.02503
       9.61700      24.02507
       9.62710      24.02511
       9.63730      24.02515
       9.64750      24.02519
       9.65760      24.02523
       9.66780      24.02527
       9.67800      24.02531
       9.68810      24.02535
       9.69830      24.02539
       9.70850      24.02543
       9.71860      24.02547
       9.72880      24.02551
       9.73900      24.02555
       9.74910      24.02559
       9.75930      24.02563
       9.76940      24.02567
       9.77960      24.02571
       9.78980      24.02575
       9.79990      24.02579
       9.81010      24.02584
       9.82030      24.02588
       9.83040      24.02592
       9.84060      24.02596
       9.85080      24.02600
       9.86090      24.02604
       9.87110      24.02608
       9.88130      24.02613
       9.89140      24.02617
       9.90160      24.02621
       9.91180      24.02625
       9.92190      24.02629
       9.93210      24.02634
       9.94220      24.02638
       9.95240      24.02642
       9.96260      24.02646
       9.97270      24.02651
       9.98290      24.02655
       9.99310      24.02659
      10.00320      24.02664
      10.01340      24.02668
      10.02360      24.02672
      10.03370      24.02677
      10.04390      24.02681
      10.05410      24.02685
      10.06420      24.02690
      10.07440      24.02694
      10.08450      24.02698
      10.09470      24.02703
      10.10490      24.02707
      10.11500      24.02712
      10.12520      24.02716
      10.13540      24.02720
      10.14550      24.02725
      10.15570      24.02729
      10.16590      24.02734
      10.17600      24.02738
      10.18620      24.02743
      10.19640      24.02747
      10.20650      24.02752
      10.21670      24.02757
      10.22690      24.02761
      10.23700      24.02765
      10.24720      24.02770
      10.25730      24.02775
      10.26750      24.02779
      10.27770      24.02784
      10.28780      24.02788
      10.29800      24.02793
      10.30820      24.02798
      10.31830      24.02802
      10.32850      24.02807
      10.33870      24.02812
      10.34880      24.02816
      10.35900      24.02821
      10.36920      24.02826
      10.37930      24.02830
      10.38950      24.02835
      10.39960      24.02840
      10.40980      24.02845
      10.42000      24.02849
      10.43010      24.02854
      10.44030      24.02859
      10.45050      24.02864
      10.46060      24.02868
      10.47080      24.02873
      10.48100      24.02878
      10.49110      24.02883
      10.50130      24.02888
      10.51150      24.02893
      10.52160      24.02898
      10.53180      24.02903
      10.54200      24.02907
      10.55210      24.02912
      10.56230      24.02917
      10.57240      24.02922
      10.58260      24.02927
      10.59280      24.02932
      10.60290      24.02937
      10.61310      24.02942
      10.62330      24.02947
      10.63340      24.02952
      10.64360      24.02957
      10.65380      24.02962
      10.66390      24.02967
      10.67410      24.02972
      10.68430      24.02977
      10.69440      24.02983
      10.70460      24.02988
      10.71470      24.02993
      10.72490      24.02998
      10.73510      24.03003
      10.74520      24.03008
      10.75540      24.03013
      10.76560      24.03019
      10.77570      24.03024
      10.78590      24.03029
      10.79610      24.03034
      10.80620      24.03039
      10.81640      24.03045
      10.82660      24.03050
      10.83670      24.03055
      10.84690      24.03061
      10.85710      24.03066
      10.86720      24.03071
      10.87740      24.03077
      10.88750      24.03082
      10.89770      24.03087
      10.90790      24.03093
      10.91800      24.03098
      10.92820      24.03103
      10.93840      24.03109
      10.94850      24.03114
      10.95870      24.03120
      10.96890      24.03125
      10.97900      24.03131
      10.98920      24.03136
      10.99940      24.03142
      11.00950      24.03147
      11.01970      24.03153
      11.02980      24.03158
      11.04000      24.03164
      11.05020      24.03169
      11.06030      24.03175
      11.07050      24.03181
      11.08070      24.03186
      11.09080      24.03192
      11.10100      24.03197
      11.11120      24.03203
      11.12130      24.03209
      11.13150      24.03215
      11.14170      24.03220
      11.15180      24.03226
      11.16200      24.03232
      11.17220      24.03238
      11.18230      24.03243
      11.19250      24.03249
      11.20260      24.03255
      11.21280      24.03261
      11.22300      24.03267
      11.23310      24.03272
      11.24330      24.03278
      11.25350      24.03284
      11.26360      24.03290
      11.27380      24.03296
      11.28400      24.03302
      11.29410      24.03308
      11.30430      24.03314
      11.31450      24.03320
      11.32460      24.03326
      11.33480      24.03332
      11.34490      24.03338
      11.35510      24.03344
      11.36530      24.03350
      11.37540      24.03356
      11.38560      24.03362
      11.39580      24.03368
      11.40590      24.03374
      11.41610      24.03381
      11.42630      24.03387
      11.43640      24.03393
      11.44660      24.03399
      11.45680      24.03405
      11.46690      24.03411
      11.47710      24.03418
      11.48730      24.03424
      11.49740      24.03430
      11.50760      24.03437
      11.51770      24.03443
      11.52790      24.03449
      11.53810      24.03456
      11.54820      24.03462
      11.55840      24.03468
      11.56860      24.03475
      11.57870      24.03481
      11.58890      24.03488
      11.59910      24.03494
      11.60920      24.03501
      11.61940      24.03507
      11.62960      24.03514
      11.63970      24.03520
      11.64990      24.03527
      11.66000      24.03533
      11.67020      24.03540
      11.68040      24.03546
      11.69050      24.03553
      11.70070      24.03560
      11.71090      24.03566
      11.72100      24.03573
      11.73120      24.03580
      11.74140      24.03586
      11.75150      24.03593
      11.76170      24.03600
      11.77190      24.03607
      11.78200      24.03613
      11.79220      24.03620
      11.80230      24.03627
      11.81250      24.03634
      11.82270      24.03641
      11.83280      24.03648
      11.84300      24.03655
      11.85320      24.03662
      11.86330      24.03668
      11.87350      24.03675
      11.88370      24.03683
      11.89380      24.03689
      11.90400      24.03696
      11.91420      24.03703
      11.92430      24.03711
      11.93450      24.03718
      11.94470      24.03725
      11.95480      24.03732
      11.96500      24.03739
      11.97510      24.03746
      11.98530      24.03753
      11.99550      24.03761
      12.00560      24.03768
      12.01580      24.03775
      12.02600      24.03782
      12.03610      24.03790
      12.04630      24.03797
      12.05650      24.03804
      12.06660      24.03812
      12.07680      24.03819
      12.08700      24.03827
      12.09710      24.03834
      12.10730      24.03841
      12.11740      24.03849
      12.12760      24.03856
      12.13780      24.03864
      12.14790      24.03871
      12.15810      24.03879
      12.16830      24.03886
      12.17840      24.03894
      12.18860      24.03902
      12.19880      24.03909
      12.20890      24.03917
      12.21910      24.03925
      12.22930      24.03932
      12.23940      24.03940
      12.24960      24.03948
      12.25980      24.03956
      12.26990      24.03963
      12.28010      24.03971
      12.29020      24.03979
      12.30040      24.03987
      12.31060      24.03995
      12.32070      24.04003
      12.33090      24.04011
      12.34110      24.04019
      12.35120      24.04027
      12.36140      24.04035
      12.37160      24.04043
      12.38170      24.04051
      12.39190      24.04059
      12.40210      24.04067
      12.41220      24.04075
      12.42240      24.04083
      12.43250      24.04091
      12.44270      24.04099
      12.45290      24.04108
      12.46300      24.04116
      12.47320      24.04124
      12.48340      24.04133
      12.49350      24.04141
      12.50370      24.04149
      12.51390      24.04158
      12.52400      24.04166
      12.53420      24.04174
      12.54440      24.04183
      12.55450      24.04191
      12.56470      24.04200
      12.57490      24.04209
      12.58500      24.04217
      12.59520      24.04226
      12.60530      24.04234
      12.61550      24.04243
      12.62570      24.04251
      12.63580      24.04260
      12.64600      24.04269
      12.65620      24.04278
      12.66630      24.04286
      12.67650      24.04295
      12.68670      24.04304
      12.69680      24.04313
      12.70700      24.04322
      12.71720      24.04331
      12.72730      24.04340
      12.73750      24.04349
      12.74760      24.04358
      12.75780      24.04367
      12.76800      24.04376
      12.77810      24.04385
      12.78830      24.04394
      12.79850      24.04403
      12.80860      24.04412
      12.81880      24.04421
      12.82900      24.04431
      12.83910      24.04440
      12.84930      24.04449
      12.85950      24.04458
      12.86960      24.04468
      12.87980      24.04477
      12.89000      24.04486
      12.90010      24.04496
      12.91030      24.04505
      12.92040      24.04515
      12.93060      24.04524
      12.94080      24.04534
      12.95090      24.04543
      12.96110      24.04553
      12.97130      24.04563
      12.98140      24.04572
      12.99160      24.04582
      13.00180      24.04592
      13.01190      24.04601
      13.02210      24.04611
      13.03230      24.04621
      13.04240      24.04631
      13.05260      24.04641
      13.06270      24.04651
      13.07290      24.04661
      13.08310      24.04671
      13.09320      24.04681
      13.10340      24.04691
      13.11360      24.04701
      13.12370      24.04711
      13.13390      24.04721
      13.14410      24.04731
      13.15420      24.04741
      13.16440      24.04752
      13.17460      24.04762
      13.18470      24.04772
      13.19490      24.04782
      13.20510      24.04793
      13.21520      24.04803
      13.22540      24.04814
      13.23550      24.04824
      13.24570      24.04835
      13.25590      24.04845
      13.26600      24.04856
      13.27620      24.04866
      13.28640      24.04877
      13.29650      24.04888
      13.30670      24.04898
      13.31690      24.04909
      13.32700      24.04920
      13.33720      24.04931
      13.34740      24.04942
      13.35750      24.04952
      13.36770      24.04963
      13.37780      24.04974
      13.38800      24.04985
      13.39820      24.04996
      13.40830      24.05007
      13.41850      24.05018
      13.42870      24.05030
      13.43880      24.05041
      13.44900      24.05052
      13.45920      24.05063
      13.46930      24.05075
      13.47950      24.05086
      13.48970      24.05097
      13.49980      24.05109
      13.51000      24.05120
      13.52010      24.05132
      13.53030      24.05143
      13.54050      24.05155
      13.55060      24.05166
      13.56080      24.05178
      13.57100      24.05190
      13.58110      24.05201
      13.59130      24.05213
      13.60150      24.05225
      13.61160      24.05237
      13.62180      24.05248
      13.63200      24.05260
      13.64210      24.05272
      13.65230      24.05285
      13.66250      24.05297
      13.67260      24.05309
      13.68280      24.05321
      13.69290      24.05333
      13.70310      24.05345
      13.71330      24.05357
      13.72340      24.05370
      13.73360      24.05382
      13.74380      24.05394
      13.75390      24.05407
      13.76410      24.05419
      13.77430      24.05432
      13.78440      24.05444
      13.79460      24.05457
      13.80480      24.05469
      13.81490      24.05482
      13.82510      24.05495
      13.83520      24.05507
      13.84540      24.05520
      13.85560      24.05533
      13.86570      24.05546
      13.87590      24.05559
      13.88610      24.05572
      13.89620      24.05585
      13.90640      24.05598
      13.91660      24.05611
      13.92670      24.05624
      13.93690      24.05638
      13.94710      24.05651
      13.95720      24.05664
      13.96740      24.05678
      13.97760      24.05691
      13.98770      24.05704
      13.99790      24.05718
      14.00800      24.05731
      14.01820      24.05745
      14.02840      24.05759
      14.03850      24.05772
      14.04870      24.05786
      14.05890      24.05800
      14.06900      24.05814
      14.07920      24.05828
      14.08940      24.05842
      14.09950      24.05856
      14.10970      24.05870
      14.11990      24.05884
      14.13000      24.05898
      14.14020      24.05912
      14.15030      24.05926
      14.16050      24.05940
      14.17070      24.05955
      14.18080      24.05969
      14.19100      24.05984
      14.20120      24.05998
      14.21130      24.06013
      14.22150      24.06027
      14.23170      24.06042
      14.24180      24.06057
      14.25200      24.06071
      14.26220      24.06086
      14.27230      24.06101
      14.28250      24.06116
      14.29270      24.06131
      14.30280      24.06146
      14.31300      24.06161
      14.32310      24.06176
      14.33330      24.06192
      14.34350      24.06207
      14.35360      24.06222
      14.36380      24.06238
      14.37400      24.06253
      14.38410      24.06269
      14.39430      24.06284
      14.40450      24.06300
      14.41460      24.06315
      14.42480      24.06331
      14.43500      24.06347
      14.44510      24.06363
      14.45530      24.06379
      14.46540      24.06394
      14.47560      24.06411
      14.48580      24.06427
      14.49590      24.06443
      14.50610      24.06459
      14.51630      24.06475
      14.52640      24.06491
      14.53660      24.06508
      14.54680      24.06524
      14.55690      24.06541
      14.56710      24.06557
      14.57730      24.06574
      14.58740      24.06591
      14.59760      24.06608
      14.60780      24.06624
      14.61790      24.06641
      14.62810      24.06658
      14.63820      24.06675
      14.64840      24.06692
      14.65860      24.06709
      14.66870      24.06727
      14.67890      24.06744
      14.68910      24.06761
      14.69920      24.06779
      14.70940      24.06796
      14.71960      24.06814
      14.72970      24.06831
      14.73990      24.06849
      14.75010      24.06867
      14.76020      24.06885
      14.77040      24.06903
      14.78050      24.06920
      14.79070      24.06938
      14.80090      24.06957
      14.81100      24.06975
      14.82120      24.06993
      14.83140      24.07011
      14.84150      24.07030
      14.85170      24.07048
      14.86190      24.07067
      14.87200      24.07085
      14.88220      24.07104
      14.89240      24.07123
      14.90250      24.07141
      14.91270      24.07160
      14.92290      24.07179
      14.93300      24.07198
      14.94320      24.07218
      14.95330      24.07237
      14.96350      24.07256
      14.97370      24.07275
      14.98380      24.07295
      14.99400      24.07314
      15.00420      24.07334
      15.01430      24.07354
      15.02450      24.07373
      15.03470      24.07393
      15.04480      24.07413
      15.05500      24.07433
      15.06520      24.07453
      15.07530      24.07473
      15.08550      24.07494
      15.09560      24.07514
      15.10580      24.07534
      15.11600      24.07555
      15.12610      24.07575
      15.13630      24.07596
      15.14650      24.07617
      15.15660      24.07637
      15.16680      24.07658
      15.17700      24.07679
      15.18710      24.07700
      15.19730      24.07722
      15.20750      24.07743
      15.21760      24.07764
      15.22780      24.07786
      15.23800      24.07807
      15.24810      24.07829
      15.25830      24.07850
      15.26840      24.07872
      15.27860      24.07894
      15.28880      24.07916
      15.29890      24.07938
      15.30910      24.07960
      15.31930      24.07982
      15.32940      24.08005
      15.33960      24.08027
      15.34980      24.08050
      15.35990      24.08072
      15.37010      24.08095
      15.38030      24.08118
      15.39040      24.08141
      15.40060      24.08164
      15.41070      24.08187
      15.42090      24.08210
      15.43110      24.08233
      15.44120      24.08256
      15.45140      24.08280
      15.46160      24.08304
      15.47170      24.08327
      15.48190      24.08351
      15.49210      24.08375
      15.50220      24.08399
      15.51240      24.08423
      15.52260      24.08447
      15.53270      24.08471
      15.54290      24.08496
      15.55300      24.08520
      15.56320      24.08545
      15.57340      24.08570
      15.58350      24.08595
      15.59370      24.08619
      15.60390      24.08645
      15.61400      24.08670
      15.62420      24.08695
      15.63440      24.08720
      15.64450      24.08746
      15.65470      24.08772
      15.66490      24.08797
      15.67500      24.08823
      15.68520      24.08849
      15.69540      24.08875
      15.70550      24.08901
      15.71570      24.08928
      15.72580      24.08954
      15.73600      24.08980
      15.74620      24.09007
      15.75630      24.09034
      15.76650      24.09060
      15.77670      24.09088
      15.78680      24.09115
      15.79700      24.09142
      15.80720      24.09169
      15.81730      24.09197
      15.82750      24.09224
      15.83770      24.09252
      15.84780      24.09280
      15.85800      24.09308
      15.86810      24.09336
      15.87830      24.09364
      15.88850      24.09393
      15.89860      24.09421
      15.90880      24.09450
      15.91900      24.09478
      15.92910      24.09507
      15.93930      24.09536
      15.94950      24.09566
      15.95960      24.09595
      15.96980      24.09624
      15.98000      24.09654
      15.99010      24.09683
      16.00030      24.09713
      16.01050      24.09743
      16.02060      24.09773
      16.03080      24.09803
      16.04090      24.09834
      16.05110      24.09864
      16.06130      24.09895
      16.07140      24.09925
      16.08160      24.09957
      16.09180      24.09988
      16.10190      24.10019
      16.11210      24.10050
      16.12230      24.10082
      16.13240      24.10113
      16.14260      24.10145
      16.15280      24.10177
      16.16290      24.10209
      16.17310      24.10242
      16.18320      24.10274
      16.19340      24.10307
      16.20360      24.10339
      16.21370      24.10372
      16.22390      24.10405
      16.23410      24.10439
      16.24420      24.10472
      16.25440      24.10505
      16.26460      24.10539
      16.27470      24.10573
      16.28490      24.10607
      16.29510      24.10641
      16.30520      24.10675
      16.31540      24.10710
      16.32560      24.10744
      16.33570      24.10779
      16.34590      24.10814
      16.35600      24.10849
      16.36620      24.10885
      16.37640      24.10920
      16.38650      24.10956
      16.39670      24.10992
      16.40690      24.11028
      16.41700      24.11064
      16.42720      24.11100
      16.43740      24.11137
      16.44750      24.11174
      16.45770      24.11211
      16.46790      24.11248
      16.47800      24.11285
      16.48820      24.11323
      16.49830      24.11360
      16.50850      24.11398
      16.51870      24.11436
      16.52880      24.11474
      16.53900      24.11513
      16.54920      24.11551
      16.55930      24.11590
      16.56950      24.11629
      16.57970      24.11669
      16.58980      24.11708
      16.60000      24.11747
      16.61020      24.11787
      16.62030      24.11827
      16.63050      24.11868
      16.64070      24.11908
      16.65080      24.11948
      16.66100      24.11989
      16.67110      24.12030
      16.68130      24.12071
      16.69150      24.12113
      16.70160      24.12154
      16.71180      24.12197
      16.72200      24.12239
      16.73210      24.12281
      16.74230      24.12324
      16.75250      24.12366
      16.76260      24.12409
      16.77280      24.12453
      16.78300      24.12496
      16.79310      24.12539
      16.80330      24.12583
      16.81340      24.12627
      16.82360      24.12672
      16.83380      24.12716
      16.84390      24.12761
      16.85410      24.12806
      16.86430      24.12852
      16.87440      24.12897
      16.88460      24.12943
      16.89480      24.12989
      16.90490      24.13035
      16.91510      24.13082
      16.92530      24.13128
      16.93540      24.13175
      16.94560      24.13223
      16.95580      24.13270
      16.96590      24.13318
      16.97610      24.13366
      16.98620      24.13414
      16.99640      24.13462
      17.00660      24.13511
      17.01670      24.13560
      17.02690      24.13610
      17.03710      24.13659
      17.04720      24.13709
      17.05740      24.13759
      17.06760      24.13810
      17.07770      24.13860
      17.08790      24.13911
      17.09810      24.13963
      17.10820      24.14014
      17.11840      24.14066
      17.12850      24.14118
      17.13870      24.14170
      17.14890      24.14223
      17.15900      24.14276
      17.16920      24.14329
      17.17940      24.14383
      17.18950      24.14437
      17.19970      24.14491
      17.20990      24.14546
      17.22000      24.14600
      17.23020      24.14655
      17.24040      24.14711
      17.25050      24.14766
      17.26070      24.14822
      17.27090      24.14879
      17.28100      24.14935
      17.29120      24.14993
      17.30130      24.15049
      17.31150      24.15107
      17.32170      24.15165
      17.33180      24.15223
      17.34200      24.15282
      17.35220      24.15341
      17.36230      24.15400
      17.37250      24.15460
      17.38270      24.15520
      17.39280      24.15580
      17.40300      24.15641
      17.41320      24.15702
      17.42330      24.15763
      17.43350      24.15825
      17.44360      24.15887
      17.45380      24.15950
      17.46400      24.16013
      17.47410      24.16076
      17.48430      24.16140
      17.49450      24.16204
      17.50460      24.16268
      17.51480      24.16333
      17.52500      24.16398
      17.53510      24.16463
      17.54530      24.16529
      17.55550      24.16596
      17.56560      24.16662
      17.57580      24.16730
      17.58590      24.16796
      17.59610      24.16865
      17.60630      24.16933
      17.61640      24.17002
      17.62660      24.17071
      17.63680      24.17141
      17.64690      24.17210
      17.65710      24.17281
      17.66730      24.17352
      17.67740      24.17423
      17.68760      24.17495
      17.69780      24.17567
      17.70790      24.17639
      17.71810      24.17713
      17.72830      24.17786
      17.73840      24.17860
      17.74860      24.17935
      17.75870      24.18009
      17.76890      24.18085
      17.77910      24.18161
      17.78920      24.18237
      17.79940      24.18314
      17.80960      24.18391
      17.81970      24.18468
      17.82990      24.18547
      17.84010      24.18626
      17.85020      24.18705
      17.86040      24.18785
      17.87060      24.18865
      17.88070      24.18945
      17.89090      24.19027
      17.90100      24.19108
      17.91120      24.19191
      17.92140      24.19274
      17.93150      24.19357
      17.94170      24.19441
      17.95190      24.19526
      17.96200      24.19610
      17.97220      24.19696
      17.98240      24.19782
      17.99250      24.19869
      18.00270      24.19956
      18.01290      24.20044
      18.02300      24.20132
      18.03320      24.20221
      18.04340      24.20311
      18.05350      24.20401
      18.06370      24.20492
      18.07380      24.20583
      18.08400      24.20675
      18.09420      24.20768
      18.10430      24.20860
      18.11450      24.20955
      18.12470      24.21049
      18.13480      24.21144
      18.14500      24.21240
      18.15520      24.21337
      18.16530      24.21433
      18.17550      24.21531
      18.18570      24.21630
      18.19580      24.21728
      18.20600      24.21828
      18.21610      24.21928
      18.22630      24.22029
      18.23650      24.22132
      18.24660      24.22233
      18.25680      24.22337
      18.26700      24.22441
      18.27710      24.22545
      18.28730      24.22651
      18.29750      24.22757
      18.30760      24.22863
      18.31780      24.22971
      18.32800      24.23080
      18.33810      24.23188
      18.34830      24.23299
      18.35850      24.23410
      18.36860      24.23520
      18.37880      24.23633
      18.38890      24.23745
      18.39910      24.23859
      18.40930      24.23974
      18.41940      24.24089
      18.42960      24.24206
      18.43980      24.24323
      18.44990      24.24440
      18.46010      24.24560
      18.47030      24.24680
      18.48040      24.24799
      18.49060      24.24921
      18.50080      24.25044
      18.51090      24.25166
      18.52110      24.25291
      18.53120      24.25415
      18.54140      24.25541
      18.55160      24.25669
      18.56170      24.25796
      18.57190      24.25925
      18.58210      24.26055
      18.59220      24.26185
      18.60240      24.26317
      18.61260      24.26450
      18.62270      24.26583
      18.63290      24.26718
      18.64310      24.26854
      18.65320      24.26990
      18.66340      24.27128
      18.67360      24.27267
      18.68370      24.27406
      18.69390      24.27547
      18.70400      24.27688
      18.71420      24.27832
      18.72440      24.27977
      18.73450      24.28121
      18.74470      24.28268
      18.75490      24.28416
      18.76500      24.28563
      18.77520      24.28714
      18.78540      24.28865
      18.79550      24.29017
      18.80570      24.29170
      18.81590      24.29326
      18.82600      24.29480
      18.83620      24.29638
      18.84630      24.29795
      18.85650      24.29955
      18.86670      24.30117
      18.87680      24.30278
      18.88700      24.30442
      18.89720      24.30607
      18.90730      24.30772
      18.91750      24.30940
      18.92770      24.31109
      18.93780      24.31278
      18.94800      24.31450
      18.95820      24.31623
      18.96830      24.31797
      18.97850      24.31973
      18.98870      24.32151
      18.99880      24.32328
      19.00900      24.32509
      19.01910      24.32689
      19.02930      24.32873
      19.03950      24.33058
      19.04960      24.33243
      19.05980      24.33431
      19.07000      24.33621
      19.08010      24.33811
      19.09030      24.34004
      19.10050      24.34199
      19.11060      24.34394
      19.12080      24.34592
      19.13100      24.34791
      19.14110      24.34991
      19.15130      24.35194
      19.16140      24.35397
      19.17160      24.35604
      19.18180      24.35812
      19.19190      24.36021
      19.20210      24.36233
      19.21230      24.36447
      19.22240      24.36661
      19.23260      24.36878
      19.24280      24.37098
      19.25290      24.37318
      19.26310      24.37541
      19.27330      24.37767
      19.28340      24.37992
      19.29360      24.38222
      19.30380      24.38453
      19.31390      24.38685
      19.32410      24.38921
      19.33420      24.39157
      19.34440      24.39397
      19.35460      24.39639
      19.36470      24.39881
      19.37490      24.40128
      19.38510      24.40377
      19.39520      24.40626
      19.40540      24.40879
      19.41560      24.41135
      19.42570      24.41391
      19.43590      24.41652
      19.44610      24.41915
      19.45620      24.42178
      19.46640      24.42446
      19.47650      24.42714
      19.48670      24.42987
      19.49690      24.43263
      19.50700      24.43539
      19.51720      24.43820
      19.52740      24.44104
      19.53750      24.44388
      19.54770      24.44677
      19.55790      24.44969
      19.56800      24.45261
      19.57820      24.45559
      19.58840      24.45860
      19.59850      24.46160
      19.60870      24.46467
      19.61880      24.46774
      19.62900      24.47087
      19.63920      24.47403
      19.64930      24.47718
      19.65950      24.48041
      19.66970      24.48366
      19.67980      24.48692
      19.69000      24.49024
      19.70020      24.49360
      19.71030      24.49696
      19.72050      24.50038
      19.73070      24.50385
      19.74080      24.50731
      19.75100      24.51084
      19.76120      24.51442
      19.77130      24.51799
      19.78150      24.52164
      19.79160      24.52529
      19.80180      24.52902
      19.81200      24.53279
      19.82210      24.53656
      19.83230      24.54041
      19.84250      24.54431
      19.85260      24.54821
      19.86280      24.55219
      19.87300      24.55622
      19.88310      24.56026
      19.89330      24.56438
      19.90350      24.56855
      19.91360      24.57273
      19.92380      24.57699
      19.93390      24.58127
      19.94410      24.58564
      19.95430      24.59007
      19.96440      24.59450
      19.97460      24.59904
      19.98480      24.60363
      19.99490      24.60824
      20.00510      24.61295
      20.01530      24.61773
      20.02540      24.62251
      20.03560      24.62741
      20.04580      24.63238
      20.05590      24.63737
      20.06610      24.64247
      20.07630      24.64765
      20.08640      24.65285
      20.09660      24.65818
      20.10670      24.66354
      20.11690      24.66903
      20.12710      24.67460
      20.13720      24.68020
      20.14740      24.68595
      20.15760      24.69179
      20.16770      24.69767
      20.17790      24.70371
      20.18810      24.70985
      20.19820      24.71603
      20.20840      24.72238
      20.21860      24.72885
      20.22870      24.73537
      20.23890      24.74208
      20.24900      24.74885
      20.25920      24.75581
      20.26940      24.76292
      20.27950      24.77010
      20.28970      24.77749
      20.29990      24.78505
      20.31000      24.79268
      20.32020      24.80057
      20.33040      24.80863
      20.34050      24.81679
      20.35070      24.82522
      20.36090      24.83385
      20.37100      24.84260
      20.38120      24.85166
      20.39140      24.86095
      20.40150      24.87038
      20.41170      24.88015
      20.42180      24.89008
      20.43200      24.90038
      20.44220      24.91097
      20.45230      24.92175
      20.46250      24.93294
      20.47270      24.94446
      20.48280      24.95621
      20.49300      24.96842
      20.50320      24.98102
      20.51330      24.99387
      20.52350      25.00726
      20.53370      25.02109
      20.54380      25.03521
      20.55400      25.04996
      20.56410      25.06503
      20.57430      25.08078
      20.58450      25.09707
      20.59460      25.11376
      20.60480      25.13120
      20.61500      25.14926
      20.62510      25.16779
      20.63530      25.18718
      20.64550      25.20728
      20.65560      25.22792
      20.66580      25.24954
      20.67600      25.27197
      20.68610      25.29502
      20.69630      25.31920
      20.70650      25.34430
      20.71660      25.37012
      20.72680      25.39721
      20.73690      25.42508
      20.74710      25.45433
      20.75730      25.48474
      20.76740      25.51605
      20.77760      25.54893
      20.78780      25.58312
      20.79790      25.61834
      20.80810      25.65533
      20.81830      25.69383
      20.82840      25.73348
      20.83860      25.77514
      20.84880      25.81850
      20.85890      25.86316
      20.86910      25.91010
      20.87920      25.95845
      20.88940      26.00926
      20.89960      26.06213
      20.90970      26.11662
      20.91990      26.17385
      20.93010      26.23339
      20.94020      26.29474
      20.95040      26.35917
      20.96060      26.42620
      20.97070      26.49521
      20.98090      26.56769
      20.99110      26.64306
      21.00120      26.72064
      21.01140      26.80207
      21.02160      26.88672
      21.03170      26.97381
      21.04190      27.06518
      21.05200      27.15915
      21.06220      27.25772
      21.07240      27.36006
      21.08250      27.46528
      21.09270      27.57555
      21.10290      27.69000
      21.11300      27.80759
      21.12320      27.93072
      21.13340      28.05844
      21.14350      28.18954
      21.15370      28.32677
      21.16390      28.46899
      21.17400      28.61485
      21.18420      28.76742
      21.19430      28.92381
      21.20450      29.08731
      21.21470      29.25652
      21.22480      29.42982
      21.23500      29.61083
      21.24520      29.79797
      21.25530      29.98955
      21.26550      30.18939
      21.27570      30.39589
      21.28580      30.60704
      21.29600      30.82710
      21.30620      31.05427
      21.31630      31.28630
      21.32650      31.52797
      21.33660      31.77465
      21.34680      32.03142
      21.35700      32.29599
      21.36710      32.56577
      21.37730      32.84629
      21.38750      33.13504
      21.39760      33.42916
      21.40780      33.73468
      21.41800      34.04877
      21.42810      34.36847
      21.43830      34.70009
      21.44850      35.04075
      21.45860      35.38701
      21.46880      35.74590
      21.47900      36.11411
      21.48910      36.48794
      21.49930      36.87497
      21.50940      37.26762
      21.51960      37.67383
      21.52980      38.08978
      21.53990      38.51128
      21.55010      38.94682
      21.56030      39.39228
      21.57040      39.84315
      21.58060      40.30848
      21.59080      40.78375
      21.60090      41.26439
      21.61110      41.75965
      21.62130      42.26505
      21.63140      42.77534
      21.64160      43.30070
      21.65170      43.83069
      21.66190      44.37588
      21.67210      44.93096
      21.68220      45.49021
      21.69240      46.06475
      21.70260      46.64895
      21.71270      47.23677
      21.72290      47.83987
      21.73310      48.45229
      21.74320      49.06767
      21.75340      49.69820
      21.76360      50.33746
      21.77370      50.97918
      21.78390      51.63553
      21.79410      52.30029
      21.80420      52.96641
      21.81440      53.64700
      21.82450      54.32831
      21.83470      55.02375
      21.84490      55.72625
      21.85500      56.42845
      21.86520      57.14413
      21.87540      57.86596
      21.88550      58.58638
      21.89570      59.31948
      21.90590      60.05757
      21.91600      60.79330
      21.92620      61.54062
      21.93640      62.29179
      21.94650      63.03931
      21.95670      63.79715
      21.96680      64.55045
      21.97700      65.31326
      21.98720      66.07802
      21.99730      66.83651
      22.00750      67.60343
      22.01770      68.37071
      22.02780      69.13023
      22.03800      69.89668
      22.04820      70.66193
      22.05830      71.41787
      22.06850      72.17909
      22.07870      72.93732
      22.08880      73.68493
      22.09900      74.43591
      22.10920      75.18214
      22.11930      75.91615
      22.12950      76.65147
      22.13960      77.37347
      22.14980      78.09546
      22.16000      78.80995
      22.17010      79.50923
      22.18030      80.20667
      22.19050      80.89459
      22.20060      81.56570
      22.21080      82.23279
      22.22100      82.88845
      22.23110      83.52573
      22.24130      84.15674
      22.25150      84.77429
      22.26160      85.37220
      22.27180      85.96133
      22.28190      86.52983
      22.29210      87.08815
      22.30230      87.62992
      22.31240      88.14970
      22.32260      88.65694
      22.33280      89.14603
      22.34290      89.61175
      22.35310      90.06287
      22.36330      90.49408
      22.37340      90.90090
      22.38360      91.29097
      22.39380      91.65961
      22.40390      92.00306
      22.41410      92.32773
      22.42430      92.62959
      22.43440      92.90578
      22.44460      93.16126
      22.45470      93.39081
      22.46490      93.59853
      22.47510      93.78188
      22.48520      93.93912
      22.49540      94.07311
      22.50560      94.18205
      22.51570      94.26506
      22.52590      94.32367
      22.53610      94.35687
      22.54620      94.36464
      22.55640      94.34713
      22.56660      94.30418
      22.57670      94.23662
      22.58690      94.14320
      22.59700      94.02592
      22.60720      93.88257
      22.61740      93.71444
      22.62750      93.52368
      22.63770      93.30689
      22.64790      93.06602
      22.65800      92.80412
      22.66820      92.51646
      22.67840      92.20576
      22.68850      91.87589
      22.69870      91.52067
      22.70890      91.14373
      22.71900      90.74963
      22.72920      90.33093
      22.73940      89.89201
      22.74950      89.43804
      22.75970      88.96046
      22.76980      88.46931
      22.78000      87.95531
      22.79020      87.42400
      22.80030      86.88115
      22.81050      86.31693
      22.82070      85.73701
      22.83080      85.14805
      22.84100      84.53892
      22.85120      83.91605
      22.86130      83.28645
      22.87150      82.63815
      22.88170      81.97803
      22.89180      81.31343
      22.90200      80.63168
      22.91210      79.94693
      22.92230      79.24609
      22.93250      78.53661
      22.94260      77.82627
      22.95280      77.10146
      22.96300      76.37000
      22.97310      75.63945
      22.98330      74.89633
      22.99350      74.14813
      23.00360      73.40303
      23.01380      72.64671
      23.02400      71.88718
      23.03410      71.13258
      23.04430      70.36835
      23.05450      69.60258
      23.06460      68.84341
      23.07480      68.07616
      23.08490      67.31656
      23.09510      66.54989
      23.10530      65.78426
      23.11540      65.02770
      23.12560      64.26554
      23.13580      63.50597
      23.14590      62.75648
      23.15610      62.00307
      23.16630      61.25325
      23.17640      60.51493
      23.18660      59.77373
      23.19680      59.03743
      23.20690      58.31362
      23.21710      57.58815
      23.22720      56.87575
      23.23740      56.16246
      23.24760      55.45576
      23.25770      54.76284
      23.26790      54.07011
      23.27810      53.38495
      23.28820      52.71389
      23.29840      52.04414
      23.30860      51.38266
      23.31870      50.73573
      23.32890      50.09110
      23.33910      49.45510
      23.34920      48.83419
      23.35940      48.21610
      23.36950      47.61324
      23.37970      47.01365
      23.38990      46.42355
      23.40000      45.84875
      23.41020      45.27784
      23.42040      44.71671
      23.43050      44.17084
      23.44070      43.62936
      23.45090      43.09794
      23.46100      42.58144
      23.47120      42.06985
      23.48140      41.56839
      23.49150      41.08163
      23.50170      40.60017
      23.51190      40.12866
      23.52200      39.67170
      23.53220      39.22010
      23.54230      38.78278
      23.55250      38.35094
      23.56270      37.92895
      23.57280      37.52078
      23.58300      37.11820
      23.59320      36.72527
      23.60330      36.34565
      23.61350      35.97165
      23.62370      35.60710
      23.63380      35.25517
      23.64400      34.90897
      23.65420      34.57177
      23.66430      34.24666
      23.67450      33.92720
      23.68460      33.61937
      23.69480      33.31710
      23.70500      33.02321
      23.71510      32.74043
      23.72530      32.46294
      23.73550      32.19350
      23.74560      31.93449
      23.75580      31.68060
      23.76600      31.43432
      23.77610      31.19782
      23.78630      30.96622
      23.79650      30.74182
      23.80660      30.52647
      23.81680      30.31586
      23.82700      30.11193
      23.83710      29.91647
      23.84730      29.72542
      23.85740      29.54239
      23.86760      29.36367
      23.87780      29.19087
      23.88790      29.02551
      23.89810      28.86411
      23.90830      28.70822
      23.91840      28.55916
      23.92860      28.41379
      23.93880      28.27351
      23.94890      28.13947
      23.95910      28.00886
      23.96930      27.88293
      23.97940      27.76266
      23.98960      27.64559
      23.99970      27.53382
      24.00990      27.42509
      24.02010      27.32033
      24.03020      27.22042
      24.04040      27.12324
      24.05060      27.02969
      24.06070      26.94052
      24.07090      26.85384
      24.08110      26.77044
      24.09120      26.69098
      24.10140      26.61378
      24.11160      26.53953
      24.12170      26.46883
      24.13190      26.40015
      24.14210      26.33414
      24.15220      26.27128
      24.16240      26.21026
      24.17250      26.15217
      24.18270      26.09579
      24.19290      26.04160
      24.20300      25.99002
      24.21320      25.93996
      24.22340      25.89186
      24.23350      25.84608
      24.24370      25.80165
      24.25390      25.75895
      24.26400      25.71832
      24.27420      25.67887
      24.28440      25.64096
      24.29450      25.60488
      24.30470      25.56984
      24.31480      25.53648
      24.32500      25.50408
      24.33520      25.47293
      24.34530      25.44325
      24.35550      25.41442
      24.36570      25.38669
      24.37580      25.36025
      24.38600      25.33455
      24.39620      25.30981
      24.40630      25.28622
      24.41650      25.26326
      24.42670      25.24114
      24.43680      25.22003
      24.44700      25.19948
      24.45720      25.17966
      24.46730      25.16071
      24.47750      25.14225
      24.48760      25.12460
      24.49780      25.10738
      24.50800      25.09075
      24.51810      25.07483
      24.52830      25.05928
      24.53850      25.04424
      24.54860      25.02983
      24.55880      25.01573
      24.56900      25.00207
      24.57910      24.98897
      24.58930      24.97614
      24.59950      24.96369
      24.60960      24.95173
      24.61980      24.94000
      24.62990      24.92871
      24.64010      24.91764
      24.65030      24.90687
      24.66040      24.89650
      24.67060      24.88630
      24.68080      24.87637
      24.69090      24.86679
      24.70110      24.85736
      24.71130      24.84816
      24.72140      24.83927
      24.73160      24.83051
      24.74180      24.82196
      24.75190      24.81368
      24.76210      24.80551
      24.77230      24.79752
      24.78240      24.78978
      24.79260      24.78213
      24.80270      24.77471
      24.81290      24.76737
      24.82310      24.76018
      24.83320      24.75319
      24.84340      24.74627
      24.85360      24.73949
      24.86370      24.73289
      24.87390      24.72635
      24.88410      24.71993
      24.89420      24.71368
      24.90440      24.70748
      24.91460      24.70138
      24.92470      24.69544
      24.93490      24.68954
      24.94500      24.68379
      24.95520      24.67808
      24.96540      24.67245
      24.97550      24.66696
      24.98570      24.66150
      24.99590      24.65613
      25.00600      24.65088
      25.01620      24.64566
      25.02640      24.64051
      25.03650      24.63548
      25.04670      24.63047
      25.05690      24.62552
      25.06700      24.62070
      25.07720      24.61588
      25.08740      24.61114
      25.09750      24.60649
      25.10770      24.60186
      25.11780      24.59734
      25.12800      24.59282
      25.13820      24.58836
      25.14830      24.58400
      25.15850      24.57965
      25.16870      24.57535
      25.17880      24.57114
      25.18900      24.56694
      25.19920      24.56279
      25.20930      24.55873
      25.21950      24.55467
      25.22970      24.55066
      25.23980      24.54673
      25.25000      24.54281
      25.26010      24.53897
      25.27030      24.53513
      25.28050      24.53134
      25.29060      24.52762
      25.30080      24.52391
      25.31100      24.52024
      25.32110      24.51664
      25.33130      24.51304
      25.34150      24.50948
      25.35160      24.50600
      25.36180      24.50251
      25.37200      24.49906
      25.38210      24.49569
      25.39230      24.49231
      25.40240      24.48900
      25.41260      24.48569
      25.42280      24.48241
      25.43290      24.47920
      25.44310      24.47599
      25.45330      24.47281
      25.46340      24.46969
      25.47360      24.46658
      25.48380      24.46349
      25.49390      24.46046
      25.50410      24.45744
      25.51430      24.45444
      25.52440      24.45151
      25.53460      24.44857
      25.54480      24.44566
      25.55490      24.44280
      25.56510      24.43995
      25.57520      24.43715
      25.58540      24.43435
      25.59560      24.43157
      25.60570      24.42885
      25.61590      24.42613
      25.62610      24.42343
      25.63620      24.42078
      25.64640      24.41814
      25.65660      24.41552
      25.66670      24.41294
      25.67690      24.41037
      25.68710      24.40782
      25.69720      24.40531
      25.70740      24.40281
      25.71750      24.40035
      25.72770      24.39789
      25.73790      24.39546
      25.74800      24.39307
      25.75820      24.39067
      25.76840      24.38830
      25.77850      24.38597
      25.78870      24.38364
      25.79890      24.38133
      25.80900      24.37907
      25.81920      24.37680
      25.82940      24.37455
      25.83950      24.37234
      25.84970      24.37014
      25.85990      24.36795
      25.87000      24.36580
      25.88020      24.36365
      25.89030      24.36153
      25.90050      24.35942
      25.91070      24.35732
      25.92080      24.35526
      25.93100      24.35320
      25.94120      24.35116
      25.95130      24.34915
      25.96150      24.34715
      25.97170      24.34515
      25.98180      24.34320
      25.99200      24.34124
      26.00220      24.33930
      26.01230      24.33739
      26.02250      24.33548
      26.03260      24.33361
      26.04280      24.33173
      26.05300      24.32987
      26.06310      24.32804
      26.07330      24.32621
      26.08350      24.32439
      26.09360      24.32261
      26.10380      24.32082
      26.11400      24.31905
      26.12410      24.31731
      26.13430      24.31557
      26.14450      24.31384
      26.15460      24.31214
      26.16480      24.31044
      26.17500      24.30875
      26.18510      24.30709
      26.19530      24.30543
      26.20540      24.30380
      26.21560      24.30217
      26.22580      24.30054
      26.23590      24.29895
      26.24610      24.29736
      26.25630      24.29577
      26.26640      24.29422
      26.27660      24.29266
      26.28680      24.29111
      26.29690      24.28959
      26.30710      24.28807
      26.31730      24.28656
      26.32740      24.28508
      26.33760      24.28359
      26.34770      24.28213
      26.35790      24.28066
      26.36810      24.27921
      26.37820      24.27778
      26.38840      24.27635
      26.39860      24.27493
      26.40870      24.27353
      26.41890      24.27214
      26.42910      24.27075
      26.43920      24.26938
      26.44940      24.26801
      26.45960      24.26666
      26.46970      24.26533
      26.47990      24.26399
      26.49010      24.26266
      26.50020      24.26136
      26.51040      24.26005
      26.52050      24.25876
      26.53070      24.25748
      26.54090      24.25620
      26.55100      24.25494
      26.56120      24.25368
      26.57140      24.25243
      26.58150      24.25120
      26.59170      24.24997
      26.60190      24.24874
      26.61200      24.24754
      26.62220      24.24633
      26.63240      24.24514
      26.64250      24.24396
      26.65270      24.24278
      26.66280      24.24162
      26.67300      24.24046
      26.68320      24.23930
      26.69330      24.23816
      26.70350      24.23703
      26.71370      24.23590
      26.72380      24.23478
      26.73400      24.23367
      26.74420      24.23256
      26.75430      24.23147
      26.76450      24.23038
      26.77470      24.22930
      26.78480      24.22823
      26.79500      24.22716
      26.80520      24.22610
      26.81530      24.22506
      26.82550      24.22401
      26.83560      24.22298
      26.84580      24.22195
      26.85600      24.22092
      26.86610      24.21991
      26.87630      24.21890
      26.88650      24.21790
      26.89660      24.21691
      26.90680      24.21592
      26.91700      24.21493
      26.92710      24.21397
      26.93730      24.21300
      26.94750      24.21203
      26.95760      24.21108
      26.96780      24.21013
      26.97790      24.20919
      26.98810      24.20825
      26.99830      24.20732
      27.00840      24.20640
      27.01860      24.20548
      27.02880      24.20457
      27.03890      24.20367
      27.04910      24.20277
      27.05930      24.20187
      27.06940      24.20099
      27.07960      24.20010
      27.08980      24.19922
      27.09990      24.19836
      27.11010      24.19749
      27.12020      24.19664
      27.13040      24.19578
      27.14060      24.19493
      27.15070      24.19409
      27.16090      24.19325
      27.17110      24.19242
      27.18120      24.19160
      27.19140      24.19077
      27.20160      24.18996
      27.21170      24.18915
      27.22190      24.18834
      27.23210      24.18754
      27.24220      24.18675
      27.25240      24.18596
      27.26260      24.18517
      27.27270      24.18439
      27.28290      24.18361
      27.29300      24.18285
      27.30320      24.18208
      27.31340      24.18131
      27.32350      24.18056
      27.33370      24.17981
      27.34390      24.17906
      27.35400      24.17832
      27.36420      24.17758
      27.37440      24.17685
      27.38450      24.17612
      27.39470      24.17539
      27.40490      24.17467
      27.41500      24.17396
      27.42520      24.17325
      27.43530      24.17254
      27.44550      24.17184
      27.45570      24.17114
      27.46580      24.17045
      27.47600      24.16976
      27.48620      24.16907
      27.49630      24.16839
      27.50650      24.16771
      27.51670      24.16704
      27.52680      24.16637
      27.53700      24.16570
      27.54720      24.16504
      27.55730      24.16438
      27.56750      24.16373
      27.57770      24.16308
      27.58780      24.16244
      27.59800      24.16179
      27.60810      24.16116
      27.61830      24.16052
      27.62850      24.15989
      27.63860      24.15926
      27.64880      24.15864
      27.65900      24.15802
      27.66910      24.15740
      27.67930      24.15679
      27.68950      24.15618
      27.69960      24.15558
      27.70980      24.15497
      27.72000      24.15437
      27.73010      24.15378
      27.74030      24.15319
      27.75040      24.15260
      27.76060      24.15201
      27.77080      24.15143
      27.78090      24.15086
      27.79110      24.15028
      27.80130      24.14971
      27.81140      24.14914
      27.82160      24.14857
      27.83180      24.14801
      27.84190      24.14745
      27.85210      24.14689
      27.86230      24.14634
      27.87240      24.14579
      27.88260      24.14525
      27.89280      24.14470
      27.90290      24.14416
      27.91310      24.14363
      27.92320      24.14309
      27.93340      24.14256
      27.94360      24.14203
      27.95370      24.14151
      27.96390      24.14098
      27.97410      24.14046
      27.98420      24.13995
      27.99440      24.13943
      28.00460      24.13892
      28.01470      24.13841
      28.02490      24.13791
      28.03510      24.13740
      28.04520      24.13690
      28.05540      24.13640
      28.06550      24.13591
      28.07570      24.13542
      28.08590      24.13493
      28.09600      24.13444
      28.10620      24.13396
      28.11640      24.13347
      28.12650      24.13300
      28.13670      24.13252
      28.14690      24.13204
      28.15700      24.13157
      28.16720      24.13110
      28.17740      24.13064
      28.18750      24.13017
      28.19770      24.12971
      28.20790      24.12925
      28.21800      24.12880
      28.22820      24.12834
      28.23830      24.12789
      28.24850      24.12744
      28.25870      24.12699
      28.26880      24.12655
      28.27900      24.12611
      28.28920      24.12567
      28.29930      24.12523
      28.30950      24.12479
      28.31970      24.12436
      28.32980      24.12393
      28.34000      24.12350
      28.35020      24.12307
      28.36030      24.12265
      28.37050      24.12222
      28.38060      24.12181
      28.39080      24.12139
      28.40100      24.12097
      28.41110      24.12056
      28.42130      24.12015
      28.43150      24.11974
      28.44160      24.11933
      28.45180      24.11893
      28.46200      24.11852
      28.47210      24.11812
      28.48230      24.11772
      28.49250      24.11732
      28.50260      24.11693
      28.51280      24.11653
      28.52300      24.11614
      28.53310      24.11576
      28.54330      24.11537
      28.55340      24.11498
      28.56360      24.11460
      28.57380      24.11422
      28.58390      24.11384
      28.59410      24.11346
      28.60430      24.11308
      28.61440      24.11271
      28.62460      24.11234
      28.63480      24.11197
      28.64490      24.11160
      28.65510      24.11123
      28.66530      24.11086
      28.67540      24.11050
      28.68560      24.11014
      28.69570      24.10978
      28.70590      24.10942
      28.71610      24.10907
      28.72620      24.10871
      28.73640      24.10836
      28.74660      24.10801
      28.75670      24.10766
      28.76690      24.10731
      28.77710      24.10696
      28.78720      24.10662
      28.79740      24.10628
      28.80760      24.10594
      28.81770      24.10560
      28.82790      24.10526
      28.83810      24.10492
      28.84820      24.10459
      28.85840      24.10426
      28.86850      24.10393
      28.87870      24.10360
      28.88890      24.10327
      28.89900      24.10294
      28.90920      24.10262
      28.91940      24.10229
      28.92950      24.10197
      28.93970      24.10165
      28.94990      24.10133
      28.96000      24.10101
      28.97020      24.10070
      28.98040      24.10038
      28.99050      24.10007
      29.00070      24.09976
      29.01080      24.09945
      29.02100      24.09914
      29.03120      24.09883
      29.04130      24.09853
      29.05150      24.09822
      29.06170      24.09792
      29.07180      24.09762
      29.08200      24.09731
      29.09220      24.09702
      29.10230      24.09672
      29.11250      24.09642
      29.12270      24.09613
      29.13280      24.09583
      29.14300      24.09554
      29.15310      24.09525
      29.16330      24.09496
      29.17350      24.09467
      29.18360      24.09439
      29.19380      24.09410
      29.20400      24.09382
      29.21410      24.09353
      29.22430      24.09325
      29.23450      24.09297
      29.24460      24.09269
      29.25480      24.09241
      29.26500      24.09214
      29.27510      24.09186
      29.28530      24.09159
      29.29550      24.09131
      29.30560      24.09104
      29.31580      24.09077
      29.32590      24.09050
      29.33610      24.09023
      29.34630      24.08997
      29.35640      24.08970
      29.36660      24.08944
      29.37680      24.08917
      29.38690      24.08891
      29.39710      24.08865
      29.40730      24.08839
      29.41740      24.08813
      29.42760      24.08787
      29.43780      24.08762
      29.44790      24.08736
      29.45810      24.08711
      29.46820      24.08685
      29.47840      24.08660
      29.48860      24.08635
      29.49870      24.08610
      29.50890      24.08585
      29.51910      24.08560
      29.52920      24.08536
      29.53940      24.08511
      29.54960      24.08487
      29.55970      24.08462
      29.56990      24.08438
      29.58010      24.08414
      29.59020      24.08390
      29.60040      24.08366
      29.61060      24.08342
      29.62070      24.08318
      29.63090      24.08294
      29.64100      24.08271
      29.65120      24.08248
      29.66140      24.08224
      29.67150      24.08201
      29.68170      24.08178
      29.69190      24.08155
      29.70200      24.08132
      29.71220      24.08109
      29.72240      24.08086
      29.73250      24.08064
      29.74270      24.08041
      29.75290      24.08018
      29.76300      24.07996
      29.77320      24.07974
      29.78330      24.07952
      29.79350      24.07930
      29.80370      24.07907
      29.81380      24.07886
      29.82400      24.07864
      29.83420      24.07842
      29.84430      24.07821
      29.85450      24.07799
      29.86470      24.07777
      29.87480      24.07756
      29.88500      24.07735
      29.89520      24.07713
      29.90530      24.07692
      29.91550      24.07671
      29.92570      24.07650
      29.93580      24.07630
      29.94600      24.07609
      29.95610      24.07588
      29.96630      24.07567
      29.97650      24.07547
      29.98660      24.07526
      29.99680      24.07506
      30.00700      24.07486
      30.01710      24.07466
      30.02730      24.07446
      30.03750      24.07425
      30.04760      24.07405
      30.05780      24.07386
      30.06800      24.07366
      30.07810      24.07346
      30.08830      24.07327
      30.09840      24.07307
      30.10860      24.07287
      30.11880      24.07268
      30.12890      24.07249
      30.13910      24.07229
      30.14930      24.07210
      30.15940      24.07191
      30.16960      24.07172
      30.17980      24.07153
      30.18990      24.07134
      30.20010      24.07116
      30.21030      24.07097
      30.22040      24.07078
      30.23060      24.07059
      30.24080      24.07041
      30.25090      24.07023
      30.26110      24.07004
      30.27120      24.06986
      30.28140      24.06968
      30.29160      24.06950
      30.30170      24.06932
      30.31190      24.06914
      30.32210      24.06896
      30.33220      24.06878
      30.34240      24.06860
      30.35260      24.06842
      30.36270      24.06825
      30.37290      24.06807
      30.38310      24.06789
      30.39320      24.06772
      30.40340      24.06755
      30.41350      24.06737
      30.42370      24.06720
      30.43390      24.06703
      30.44400      24.06686
      30.45420      24.06669
      30.46440      24.06652
      30.47450      24.06635
      30.48470      24.06618
      30.49490      24.06601
      30.50500      24.06584
      30.51520      24.06568
      30.52540      24.06551
      30.53550      24.06535
      30.54570      24.06518
      30.55590      24.06502
      30.56600      24.06485
      30.57620      24.06469
      30.58630      24.06453
      30.59650      24.06437
      30.60670      24.06421
      30.61680      24.06404
      30.62700      24.06388
      30.63720      24.06372
      30.64730      24.06357
      30.65750      24.06341
      30.66770      24.06325
      30.67780      24.06309
      30.68800      24.06294
      30.69820      24.06278
      30.70830      24.06263
      30.71850      24.06247
      30.72860      24.06232
      30.73880      24.06216
      30.74900      24.06201
      30.75910      24.06186
      30.76930      24.06171
      30.77950      24.06155
      30.78960      24.06141
      30.79980      24.06125
      30.81000      24.06110
      30.82010      24.06096
      30.83030      24.06081
      30.84050      24.06066
      30.85060      24.06051
      30.86080      24.06036
      30.87100      24.06022
      30.88110      24.06007
      30.89130      24.05993
      30.90140      24.05978
      30.91160      24.05964
      30.92180      24.05949
      30.93190      24.05935
      30.94210      24.05921
      30.95230      24.05906
      30.96240      24.05893
      30.97260      24.05878
      30.98280      24.05864
      30.99290      24.05850
      31.00310      24.05836
      31.01330      24.05822
      31.02340      24.05808
      31.03360      24.05795
      31.04370      24.05781
      31.05390      24.05767
      31.06410      24.05754
      31.07420      24.05740
      31.08440      24.05726
      31.09460      24.05713
      31.10470      24.05699
      31.11490      24.05686
      31.12510      24.05672
      31.13520      24.05659
      31.14540      24.05646
      31.15560      24.05633
      31.16570      24.05619
      31.17590      24.05606
      31.18600      24.05593
      31.19620      24.05580
      31.20640      24.05567
      31.21650      24.05554
      31.22670      24.05541
      31.23690      24.05528
      31.24700      24.05515
      31.25720      24.05503
      31.26740      24.05490
      31.27750      24.05477
      31.28770      24.05465
      31.29790      24.05452
      31.30800      24.05439
      31.31820      24.05427
      31.32840      24.05414
      31.33850      24.05402
      31.34870      24.05389
      31.35880      24.05377
      31.36900      24.05365
      31.37920      24.05353
      31.38930      24.05340
      31.39950      24.05328
      31.40970      24.05316
      31.41980      24.05304
      31.43000      24.05292
      31.44020      24.05280
      31.45030      24.05268
      31.46050      24.05256
      31.47070      24.05244
      31.48080      24.05232
      31.49100      24.05220
      31.50110      24.05209
      31.51130      24.05197
      31.52150      24.05185
      31.53160      24.05173
      31.54180      24.05162
      31.55200      24.05150
      31.56210      24.05139
      31.57230      24.05127
      31.58250      24.05116
      31.59260      24.05104
      31.60280      24.05093
      31.61300      24.05082
      31.62310      24.05070
      31.63330      24.05059
      31.64350      24.05048
      31.65360      24.05037
      31.66380      24.05025
      31.67390      24.05014
      31.68410      24.05003
      31.69430      24.04992
      31.70440      24.04981
      31.71460      24.04970
      31.72480      24.04959
      31.73490      24.04948
      31.74510      24.04937
      31.75530      24.04926
      31.76540      24.04916
      31.77560      24.04905
      31.78580      24.04894
      31.79590      24.04884
      31.80610      24.04873
      31.81620      24.04862
      31.82640      24.04852
      31.83660      24.04841
      31.84670      24.04831
      31.85690      24.04820
      31.86710      24.04810
      31.87720      24.04799
      31.88740      24.04789
      31.89760      24.04778
      31.90770      24.04768
      31.91790      24.04758
      31.92810      24.04748
      31.93820      24.04737
      31.94840      24.04727
      31.95860      24.04717
      31.96870      24.04707
      31.97890      24.04697
      31.98900      24.04687
      31.99920      24.04677
      32.00940      24.04667
      32.01950      24.04657
      32.02970      24.04647
      32.03990      24.04637
      32.05000      24.04627
      32.06020      24.04617
      32.07040      24.04607
      32.08050      24.04598
      32.09070      24.04588
      32.10090      24.04578
      32.11100      24.04569
      32.12120      24.04559
      32.13130      24.04549
      32.14150      24.04540
      32.15170      24.04530
      32.16180      24.04521
      32.17200      24.04511
      32.18220      24.04502
      32.19230      24.04492
      32.20250      24.04483
      32.21270      24.04473
      32.22280      24.04464
      32.23300      24.04455
      32.24320      24.04445
      32.25330      24.04436
      32.26350      24.04427
      32.27370      24.04418
      32.28380      24.04409
      32.29400      24.04399
      32.30410      24.04390
      32.31430      24.04381
      32.32450      24.04372
      32.33460      24.04363
      32.34480      24.04354
      32.35500      24.04345
      32.36510      24.04336
      32.37530      24.04327
      32.38550      24.04318
      32.39560      24.04310
      32.40580      24.04301
      32.41600      24.04292
      32.42610      24.04283
      32.43630      24.04274
      32.44640      24.04266
      32.45660      24.04257
      32.46680      24.04248
      32.47690      24.04240
      32.48710      24.04231
      32.49730      24.04222
      32.50740      24.04214
      32.51760      24.04205
      32.52780      24.04197
      32.53790      24.04188
      32.54810      24.04180
      32.55830      24.04171
      32.56840      24.04163
      32.57860      24.04154
      32.58880      24.04146
      32.59890      24.04138
      32.60910      24.04129
      32.61920      24.04121
      32.62940      24.04113
      32.63960      24.04105
      32.64970      24.04096
      32.65990      24.04088
      32.67010      24.04080
      32.68020      24.04072
      32.69040      24.04064
      32.70060      24.04056
      32.71070      24.04048
      32.72090      24.04040
      32.73110      24.04032
      32.74120      24.04024
      32.75140      24.04016
      32.76150      24.04008
      32.77170      24.04000
      32.78190      24.03992
      32.79200      24.03984
      32.80220      24.03976
      32.81240      24.03968
      32.82250      24.03960
      32.83270      24.03953
      32.84290      24.03945
      32.85300      24.03937
      32.86320      24.03929
      32.87340      24.03922
      32.88350      24.03914
      32.89370      24.03906
      32.90390      24.03899
      32.91400      24.03891
      32.92420      24.03884
      32.93430      24.03876
      32.94450      24.03868
      32.95470      24.03861
      32.96480      24.03853
      32.97500      24.03846
      32.98520      24.03838
      32.99530      24.03831
      33.00550      24.03824
      33.01570      24.03816
      33.02580      24.03809
      33.03600      24.03802
      33.04620      24.03794
      33.05630      24.03787
      33.06650      24.03780
      33.07660      24.03772
      33.08680      24.03765
      33.09700      24.03758
      33.10710      24.03751
      33.11730      24.03744
      33.12750      24.03736
      33.13760      24.03729
      33.14780      24.03722
      33.15800      24.03715
      33.16810      24.03708
      33.17830      24.03701
      33.18850      24.03694
      33.19860      24.03687
      33.20880      24.03680
      33.21890      24.03673
      33.22910      24.03666
      33.23930      24.03659
      33.24940      24.03652
      33.25960      24.03645
      33.26980      24.03638
      33.27990      24.03631
      33.29010      24.03625
      33.30030      24.03618
      33.31040      24.03611
      33.32060      24.03604
      33.33080      24.03597
      33.34090      24.03591
      33.35110      24.03584
      33.36130      24.03577
      33.37140      24.03570
      33.38160      24.03564
      33.39170      24.03557
      33.40190      24.03551
      33.41210      24.03544
      33.42220      24.03537
      33.43240      24.03531
      33.44260      24.03524
      33.45270      24.03518
      33.46290      24.03511
      33.47310      24.03505
      33.48320      24.03498
      33.49340      24.03492
      33.50360      24.03485
      33.51370      24.03479
      33.52390      24.03472
      33.53400      24.03466
      33.54420      24.03460
      33.55440      24.03453
      33.56450      24.03447
      33.57470      24.03440
      33.58490      24.03434
      33.59500      24.03428
      33.60520      24.03422
      33.61540      24.03415
      33.62550      24.03409
      33.63570      24.03403
      33.64590      24.03397
      33.65600      24.03391
      33.66620      24.03384
      33.67640      24.03378
      33.68650      24.03372
      33.69670      24.03366
      33.70680      24.03360
      33.71700      24.03354
      33.72720      24.03348
      33.73730      24.03342
      33.74750      24.03336
      33.75770      24.03329
      33.76780      24.03324
      33.77800      24.03317
      33.78820      24.03312
      33.79830      24.03306
      33.80850      24.03300
      33.81870      24.03294
      33.82880      24.03288
      33.83900      24.03282
      33.84910      24.03276
      33.85930      24.03270
      33.86950      24.03264
      33.87960      24.03259
      33.88980      24.03253
      33.90000      24.03247
      33.91010      24.03241
      33.92030      24.03235
      33.93050      24.03230
      33.94060      24.03224
      33.95080      24.03218
      33.96100      24.03212
      33.97110      24.03207
      33.98130      24.03201
      33.99150      24.03195
      34.00160      24.03190
      34.01180      24.03184
      34.02190      24.03178
      34.03210      24.03173
      34.04230      24.03167
      34.05240      24.03162
      34.06260      24.03156
      34.07280      24.03151
      34.08290      24.03145
      34.09310      24.03139
      34.10330      24.03134
      34.11340      24.03129
      34.12360      24.03123
      34.13380      24.03118
      34.14390      24.03112
      34.15410      24.03107
      34.16420      24.03101
      34.17440      24.03096
      34.18460      24.03090
      34.19470      24.03085
      34.20490      24.03080
      34.21510      24.03074
      34.22520      24.03069
      34.23540      24.03064
      34.24560      24.03058
      34.25570      24.03053
      34.26590      24.03048
      34.27610      24.03043
      34.28620      24.03037
      34.29640      24.03032
      34.30660      24.03027
      34.31670      24.03022
      34.32690      24.03016
      34.33700      24.03011
      34.34720      24.03006
      34.35740      24.03001
      34.36750      24.02996
      34.37770      24.02991
      34.38790      24.02986
      34.39800      24.02981
      34.40820      24.02975
      34.41840      24.02970
      34.42850      24.02965
      34.43870      24.02960
      34.44890      24.02955
      34.45900      24.02950
      34.46920      24.02945
      34.47930      24.02940
      34.48950      24.02935
      34.49970      24.02930
      34.50980      24.02925
      34.52000      24.02920
      34.53020      24.02915
      34.54030      24.02910
      34.55050      24.02905
      34.56070      24.02901
      34.57080      24.02896
      34.58100      24.02891
      34.59120      24.02886
      34.60130      24.02881
      34.61150      24.02876
      34.62170      24.02872
      34.63180      24.02867
      34.64200      24.02862
      34.65210      24.02857
      34.66230      24.02852
      34.67250      24.02847
      34.68260      24.02843
      34.69280      24.02838
      34.70300      24.02833
      34.71310      24.02829
      34.72330      24.02824
      34.73350      24.02819
      34.74360      24.02814
      34.75380      24.02810
      34.76400      24.02805
      34.77410      24.02801
      34.78430      24.02796
      34.79440      24.02791
      34.80460      24.02787
      34.81480      24.02782
      34.82490      24.02777
      34.83510      24.02773
      34.84530      24.02768
      34.85540      24.02764
      34.86560      24.02759
      34.87580      24.02755
      34.88590      24.02750
      34.89610      24.02746
      34.90630      24.02741
      34.91640      24.02737
      34.92660      24.02732
      34.93670      24.02728
      34.94690      24.02723
      34.95710      24.02719
      34.96720      24.02714
      34.97740      24.02710
      34.98760      24.02706
      34.99770      24.02701
      35.00790      24.02697
      35.01810      24.02692
      35.02820      24.02688
      35.03840      24.02684
      35.04860      24.02679
      35.05870      24.02675
      35.06890      24.02671
      35.07910      24.02666
      35.08920      24.02662
      35.09940      24.02658
      35.10950      24.02654
      35.11970      24.02649
      35.12990      24.02645
      35.14000      24.02641
      35.15020      24.02636
      35.16040      24.02632
      35.17050      24.02628
      35.18070      24.02624
      35.19090      24.02620
      35.20100      24.02615
      35.21120      24.02611
      35.22140      24.02607
      35.23150      24.02603
      35.24170      24.02599
      35.25180      24.02595
      35.26200      24.02590
      35.27220      24.02586
      35.28230      24.02582
      35.29250      24.02578
      35.30270      24.02574
      35.31280      24.02570
      35.32300      24.02566
      35.33320      24.02562
      35.34330      24.02558
      35.35350      24.02554
      35.36370      24.02550
      35.37380      24.02546
      35.38400      24.02542
      35.39420      24.02538
      35.40430      24.02534
      35.41450      24.02530
      35.42460      24.02526
      35.43480      24.02522
      35.44500      24.02518
      35.45510      24.02514
      35.46530      24.02510
      35.47550      24.02506
      35.48560      24.02502
      35.49580      24.02498
      35.50600      24.02494
      35.51610      24.02490
      35.52630      24.02486
      35.53650      24.02482
      35.54660      24.02478
      35.55680      24.02475
      35.56690      24.02471
      35.57710      24.02467
      35.58730      24.02463
      35.59740      24.02459
      35.60760      24.02456
      35.61780      24.02452
      35.62790      24.02448
      35.63810      24.02444
      35.64830      24.02440
      35.65840      24.02436
      35.66860      24.02433
      35.67880      24.02429
      35.68890      24.02425
      35.69910      24.02422
      35.70930      24.02418
      35.71940      24.02414
      35.72960      24.02410
      35.73970      24.02407
      35.74990      24.02403
      35.76010      24.02399
      35.77020      24.02396
      35.78040      24.02392
      35.79060      24.02388
      35.80070      24.02385
      35.81090      24.02381
      35.82110      24.02377
      35.83120      24.02374
      35.84140      24.02370
      35.85160      24.02366
      35.86170      24.02363
      35.87190      24.02359
      35.88200      24.02356
      35.89220      24.02352
      35.90240      24.02349
      35.91250      24.02345
      35.92270      24.02341
      35.93290      24.02338
      35.94300      24.02334
      35.95320      24.02331
      35.96340      24.02327
      35.97350      24.02324
      35.98370      24.02320
      35.99390      24.02317
