! TITLE: Yobs                                                                                                                                                                                                                                                            
! peaks position
      18.73053      -1.57500
      20.58249      -1.57500
      22.57642      -1.57500
      28.63292      -1.57500
      30.06475      -1.57500
      33.40644      -1.57500
      17.24624      -1.57500
      19.96136      -1.57500
