! TITLE: Yobs                                                                                                                                                                                                                                                            
! Peak:  6
       6.28300      17.26016
       6.29320      17.25996
       6.30340      17.25976
       6.31350      17.25957
       6.32370      17.25937
       6.33380      17.25918
       6.34400      17.25898
       6.35420      17.25878
       6.36430      17.25859
       6.37450      17.25839
       6.38470      17.25819
       6.39480      17.25800
       6.40500      17.25780
       6.41520      17.25760
       6.42530      17.25741
       6.43550      17.25721
       6.44570      17.25702
       6.45580      17.25682
       6.46600      17.25662
       6.47620      17.25643
       6.48630      17.25623
       6.49650      17.25603
       6.50660      17.25584
       6.51680      17.25564
       6.52700      17.25545
       6.53710      17.25525
       6.54730      17.25505
       6.55750      17.25486
       6.56760      17.25466
       6.57780      17.25446
       6.58800      17.25427
       6.59810      17.25407
       6.60830      17.25388
       6.61850      17.25368
       6.62860      17.25348
       6.63880      17.25329
       6.64890      17.25309
       6.65910      17.25290
       6.66930      17.25270
       6.67940      17.25250
       6.68960      17.25231
       6.69980      17.25211
       6.70990      17.25191
       6.72010      17.25172
       6.73030      17.25152
       6.74040      17.25133
       6.75060      17.25113
       6.76080      17.25093
       6.77090      17.25074
       6.78110      17.25054
       6.79130      17.25035
       6.80140      17.25015
       6.81160      17.24995
       6.82170      17.24976
       6.83190      17.24956
       6.84210      17.24936
       6.85220      17.24917
       6.86240      17.24897
       6.87260      17.24878
       6.88270      17.24858
       6.89290      17.24839
       6.90310      17.24819
       6.91320      17.24800
       6.92340      17.24780
       6.93360      17.24760
       6.94370      17.24741
       6.95390      17.24721
       6.96400      17.24701
       6.97420      17.24682
       6.98440      17.24662
       6.99450      17.24643
       7.00470      17.24623
       7.01490      17.24603
       7.02500      17.24584
       7.03520      17.24564
       7.04540      17.24545
       7.05550      17.24525
       7.06570      17.24506
       7.07590      17.24486
       7.08600      17.24467
       7.09620      17.24447
       7.10640      17.24427
       7.11650      17.24408
       7.12670      17.24388
       7.13680      17.24369
       7.14700      17.24349
       7.15720      17.24329
       7.16730      17.24310
       7.17750      17.24290
       7.18770      17.24271
       7.19780      17.24251
       7.20800      17.24232
       7.21820      17.24212
       7.22830      17.24193
       7.23850      17.24173
       7.24870      17.24153
       7.25880      17.24134
       7.26900      17.24114
       7.27910      17.24095
       7.28930      17.24075
       7.29950      17.24056
       7.30960      17.24036
       7.31980      17.24017
       7.33000      17.23997
       7.34010      17.23977
       7.35030      17.23958
       7.36050      17.23938
       7.37060      17.23919
       7.38080      17.23899
       7.39100      17.23880
       7.40110      17.23860
       7.41130      17.23841
       7.42150      17.23821
       7.43160      17.23801
       7.44180      17.23782
       7.45190      17.23763
       7.46210      17.23743
       7.47230      17.23723
       7.48240      17.23704
       7.49260      17.23684
       7.50280      17.23665
       7.51290      17.23645
       7.52310      17.23626
       7.53330      17.23606
       7.54340      17.23587
       7.55360      17.23567
       7.56380      17.23547
       7.57390      17.23528
       7.58410      17.23508
       7.59420      17.23489
       7.60440      17.23469
       7.61460      17.23450
       7.62470      17.23430
       7.63490      17.23411
       7.64510      17.23391
       7.65520      17.23372
       7.66540      17.23352
       7.67560      17.23333
       7.68570      17.23313
       7.69590      17.23294
       7.70610      17.23274
       7.71620      17.23255
       7.72640      17.23235
       7.73650      17.23216
       7.74670      17.23196
       7.75690      17.23177
       7.76700      17.23157
       7.77720      17.23138
       7.78740      17.23118
       7.79750      17.23099
       7.80770      17.23079
       7.81790      17.23059
       7.82800      17.23040
       7.83820      17.23021
       7.84840      17.23001
       7.85850      17.22982
       7.86870      17.22962
       7.87890      17.22942
       7.88900      17.22923
       7.89920      17.22903
       7.90930      17.22884
       7.91950      17.22865
       7.92970      17.22845
       7.93980      17.22826
       7.95000      17.22806
       7.96020      17.22787
       7.97030      17.22767
       7.98050      17.22748
       7.99070      17.22728
       8.00080      17.22709
       8.01100      17.22689
       8.02120      17.22670
       8.03130      17.22650
       8.04150      17.22631
       8.05160      17.22611
       8.06180      17.22592
       8.07200      17.22572
       8.08210      17.22553
       8.09230      17.22533
       8.10250      17.22514
       8.11260      17.22494
       8.12280      17.22475
       8.13300      17.22455
       8.14310      17.22436
       8.15330      17.22416
       8.16350      17.22397
       8.17360      17.22378
       8.18380      17.22358
       8.19400      17.22338
       8.20410      17.22319
       8.21430      17.22300
       8.22440      17.22280
       8.23460      17.22261
       8.24480      17.22241
       8.25490      17.22222
       8.26510      17.22202
       8.27530      17.22183
       8.28540      17.22163
       8.29560      17.22144
       8.30580      17.22124
       8.31590      17.22105
       8.32610      17.22086
       8.33630      17.22066
       8.34640      17.22047
       8.35660      17.22027
       8.36670      17.22008
       8.37690      17.21988
       8.38710      17.21969
       8.39720      17.21950
       8.40740      17.21930
       8.41760      17.21910
       8.42770      17.21891
       8.43790      17.21872
       8.44810      17.21852
       8.45820      17.21833
       8.46840      17.21813
       8.47860      17.21794
       8.48870      17.21774
       8.49890      17.21755
       8.50910      17.21736
       8.51920      17.21716
       8.52940      17.21697
       8.53950      17.21677
       8.54970      17.21658
       8.55990      17.21638
       8.57000      17.21619
       8.58020      17.21600
       8.59040      17.21580
       8.60050      17.21561
       8.61070      17.21541
       8.62090      17.21522
       8.63100      17.21502
       8.64120      17.21483
       8.65140      17.21464
       8.66150      17.21444
       8.67170      17.21425
       8.68180      17.21406
       8.69200      17.21386
       8.70220      17.21367
       8.71230      17.21347
       8.72250      17.21328
       8.73270      17.21308
       8.74280      17.21289
       8.75300      17.21270
       8.76320      17.21250
       8.77330      17.21231
       8.78350      17.21211
       8.79370      17.21192
       8.80380      17.21173
       8.81400      17.21153
       8.82420      17.21134
       8.83430      17.21114
       8.84450      17.21095
       8.85460      17.21076
       8.86480      17.21056
       8.87500      17.21037
       8.88510      17.21017
       8.89530      17.20998
       8.90550      17.20979
       8.91560      17.20959
       8.92580      17.20940
       8.93600      17.20920
       8.94610      17.20901
       8.95630      17.20882
       8.96650      17.20862
       8.97660      17.20843
       8.98680      17.20823
       8.99690      17.20804
       9.00710      17.20785
       9.01730      17.20765
       9.02740      17.20746
       9.03760      17.20727
       9.04780      17.20707
       9.05790      17.20688
       9.06810      17.20669
       9.07830      17.20649
       9.08840      17.20630
       9.09860      17.20610
       9.10880      17.20591
       9.11890      17.20572
       9.12910      17.20552
       9.13930      17.20533
       9.14940      17.20514
       9.15960      17.20494
       9.16970      17.20475
       9.17990      17.20456
       9.19010      17.20436
       9.20020      17.20417
       9.21040      17.20398
       9.22060      17.20378
       9.23070      17.20359
       9.24090      17.20340
       9.25110      17.20320
       9.26120      17.20301
       9.27140      17.20282
       9.28160      17.20262
       9.29170      17.20243
       9.30190      17.20223
       9.31200      17.20204
       9.32220      17.20185
       9.33240      17.20165
       9.34250      17.20146
       9.35270      17.20127
       9.36290      17.20107
       9.37300      17.20088
       9.38320      17.20069
       9.39340      17.20049
       9.40350      17.20030
       9.41370      17.20011
       9.42390      17.19991
       9.43400      17.19972
       9.44420      17.19953
       9.45440      17.19934
       9.46450      17.19914
       9.47470      17.19895
       9.48480      17.19876
       9.49500      17.19856
       9.50520      17.19837
       9.51530      17.19818
       9.52550      17.19798
       9.53570      17.19779
       9.54580      17.19760
       9.55600      17.19740
       9.56620      17.19721
       9.57630      17.19702
       9.58650      17.19683
       9.59670      17.19663
       9.60680      17.19644
       9.61700      17.19625
       9.62710      17.19605
       9.63730      17.19586
       9.64750      17.19567
       9.65760      17.19548
       9.66780      17.19528
       9.67800      17.19509
       9.68810      17.19490
       9.69830      17.19470
       9.70850      17.19451
       9.71860      17.19432
       9.72880      17.19413
       9.73900      17.19393
       9.74910      17.19374
       9.75930      17.19355
       9.76940      17.19336
       9.77960      17.19316
       9.78980      17.19297
       9.79990      17.19278
       9.81010      17.19258
       9.82030      17.19239
       9.83040      17.19220
       9.84060      17.19201
       9.85080      17.19181
       9.86090      17.19162
       9.87110      17.19143
       9.88130      17.19123
       9.89140      17.19104
       9.90160      17.19085
       9.91180      17.19066
       9.92190      17.19047
       9.93210      17.19027
       9.94220      17.19008
       9.95240      17.18989
       9.96260      17.18970
       9.97270      17.18950
       9.98290      17.18931
       9.99310      17.18912
      10.00320      17.18893
      10.01340      17.18873
      10.02360      17.18854
      10.03370      17.18835
      10.04390      17.18816
      10.05410      17.18796
      10.06420      17.18777
      10.07440      17.18758
      10.08450      17.18739
      10.09470      17.18719
      10.10490      17.18700
      10.11500      17.18681
      10.12520      17.18662
      10.13540      17.18642
      10.14550      17.18623
      10.15570      17.18604
      10.16590      17.18585
      10.17600      17.18566
      10.18620      17.18546
      10.19640      17.18527
      10.20650      17.18508
      10.21670      17.18489
      10.22690      17.18469
      10.23700      17.18450
      10.24720      17.18431
      10.25730      17.18412
      10.26750      17.18393
      10.27770      17.18373
      10.28780      17.18354
      10.29800      17.18335
      10.30820      17.18316
      10.31830      17.18297
      10.32850      17.18278
      10.33870      17.18258
      10.34880      17.18239
      10.35900      17.18220
      10.36920      17.18201
      10.37930      17.18182
      10.38950      17.18163
      10.39960      17.18143
      10.40980      17.18124
      10.42000      17.18105
      10.43010      17.18086
      10.44030      17.18067
      10.45050      17.18047
      10.46060      17.18028
      10.47080      17.18009
      10.48100      17.17990
      10.49110      17.17971
      10.50130      17.17952
      10.51150      17.17932
      10.52160      17.17913
      10.53180      17.17894
      10.54200      17.17875
      10.55210      17.17856
      10.56230      17.17837
      10.57240      17.17817
      10.58260      17.17798
      10.59280      17.17779
      10.60290      17.17760
      10.61310      17.17741
      10.62330      17.17722
      10.63340      17.17703
      10.64360      17.17683
      10.65380      17.17664
      10.66390      17.17645
      10.67410      17.17626
      10.68430      17.17607
      10.69440      17.17588
      10.70460      17.17569
      10.71470      17.17550
      10.72490      17.17530
      10.73510      17.17511
      10.74520      17.17492
      10.75540      17.17473
      10.76560      17.17454
      10.77570      17.17435
      10.78590      17.17416
      10.79610      17.17396
      10.80620      17.17377
      10.81640      17.17358
      10.82660      17.17339
      10.83670      17.17320
      10.84690      17.17301
      10.85710      17.17282
      10.86720      17.17263
      10.87740      17.17244
      10.88750      17.17225
      10.89770      17.17205
      10.90790      17.17186
      10.91800      17.17167
      10.92820      17.17148
      10.93840      17.17129
      10.94850      17.17110
      10.95870      17.17091
      10.96890      17.17072
      10.97900      17.17053
      10.98920      17.17034
      10.99940      17.17014
      11.00950      17.16995
      11.01970      17.16976
      11.02980      17.16957
      11.04000      17.16938
      11.05020      17.16919
      11.06030      17.16900
      11.07050      17.16881
      11.08070      17.16862
      11.09080      17.16843
      11.10100      17.16824
      11.11120      17.16805
      11.12130      17.16786
      11.13150      17.16767
      11.14170      17.16747
      11.15180      17.16728
      11.16200      17.16709
      11.17220      17.16690
      11.18230      17.16671
      11.19250      17.16652
      11.20260      17.16633
      11.21280      17.16614
      11.22300      17.16595
      11.23310      17.16576
      11.24330      17.16557
      11.25350      17.16538
      11.26360      17.16519
      11.27380      17.16500
      11.28400      17.16481
      11.29410      17.16462
      11.30430      17.16443
      11.31450      17.16424
      11.32460      17.16405
      11.33480      17.16386
      11.34490      17.16367
      11.35510      17.16348
      11.36530      17.16329
      11.37540      17.16310
      11.38560      17.16290
      11.39580      17.16271
      11.40590      17.16253
      11.41610      17.16233
      11.42630      17.16214
      11.43640      17.16195
      11.44660      17.16176
      11.45680      17.16157
      11.46690      17.16138
      11.47710      17.16119
      11.48730      17.16100
      11.49740      17.16082
      11.50760      17.16063
      11.51770      17.16044
      11.52790      17.16025
      11.53810      17.16006
      11.54820      17.15987
      11.55840      17.15968
      11.56860      17.15948
      11.57870      17.15930
      11.58890      17.15911
      11.59910      17.15892
      11.60920      17.15873
      11.61940      17.15854
      11.62960      17.15835
      11.63970      17.15816
      11.64990      17.15797
      11.66000      17.15778
      11.67020      17.15759
      11.68040      17.15740
      11.69050      17.15721
      11.70070      17.15702
      11.71090      17.15683
      11.72100      17.15664
      11.73120      17.15645
      11.74140      17.15626
      11.75150      17.15607
      11.76170      17.15588
      11.77190      17.15569
      11.78200      17.15550
      11.79220      17.15532
      11.80230      17.15513
      11.81250      17.15494
      11.82270      17.15475
      11.83280      17.15456
      11.84300      17.15437
      11.85320      17.15418
      11.86330      17.15399
      11.87350      17.15380
      11.88370      17.15361
      11.89380      17.15342
      11.90400      17.15323
      11.91420      17.15304
      11.92430      17.15285
      11.93450      17.15267
      11.94470      17.15248
      11.95480      17.15229
      11.96500      17.15210
      11.97510      17.15191
      11.98530      17.15172
      11.99550      17.15153
      12.00560      17.15134
      12.01580      17.15115
      12.02600      17.15096
      12.03610      17.15078
      12.04630      17.15059
      12.05650      17.15040
      12.06660      17.15021
      12.07680      17.15002
      12.08700      17.14983
      12.09710      17.14964
      12.10730      17.14945
      12.11740      17.14927
      12.12760      17.14908
      12.13780      17.14889
      12.14790      17.14870
      12.15810      17.14851
      12.16830      17.14832
      12.17840      17.14813
      12.18860      17.14795
      12.19880      17.14776
      12.20890      17.14757
      12.21910      17.14738
      12.22930      17.14719
      12.23940      17.14700
      12.24960      17.14681
      12.25980      17.14663
      12.26990      17.14644
      12.28010      17.14625
      12.29020      17.14606
      12.30040      17.14587
      12.31060      17.14569
      12.32070      17.14550
      12.33090      17.14531
      12.34110      17.14512
      12.35120      17.14493
      12.36140      17.14474
      12.37160      17.14456
      12.38170      17.14437
      12.39190      17.14418
      12.40210      17.14399
      12.41220      17.14380
      12.42240      17.14362
      12.43250      17.14343
      12.44270      17.14324
      12.45290      17.14305
      12.46300      17.14286
      12.47320      17.14268
      12.48340      17.14249
      12.49350      17.14230
      12.50370      17.14211
      12.51390      17.14192
      12.52400      17.14174
      12.53420      17.14155
      12.54440      17.14136
      12.55450      17.14117
      12.56470      17.14099
      12.57490      17.14080
      12.58500      17.14061
      12.59520      17.14042
      12.60530      17.14024
      12.61550      17.14005
      12.62570      17.13986
      12.63580      17.13967
      12.64600      17.13948
      12.65620      17.13930
      12.66630      17.13911
      12.67650      17.13892
      12.68670      17.13873
      12.69680      17.13855
      12.70700      17.13836
      12.71720      17.13817
      12.72730      17.13799
      12.73750      17.13780
      12.74760      17.13761
      12.75780      17.13742
      12.76800      17.13724
      12.77810      17.13705
      12.78830      17.13686
      12.79850      17.13667
      12.80860      17.13649
      12.81880      17.13630
      12.82900      17.13611
      12.83910      17.13593
      12.84930      17.13574
      12.85950      17.13555
      12.86960      17.13537
      12.87980      17.13518
      12.89000      17.13499
      12.90010      17.13480
      12.91030      17.13462
      12.92040      17.13443
      12.93060      17.13424
      12.94080      17.13406
      12.95090      17.13387
      12.96110      17.13368
      12.97130      17.13350
      12.98140      17.13331
      12.99160      17.13312
      13.00180      17.13294
      13.01190      17.13275
      13.02210      17.13256
      13.03230      17.13238
      13.04240      17.13219
      13.05260      17.13200
      13.06270      17.13182
      13.07290      17.13163
      13.08310      17.13144
      13.09320      17.13126
      13.10340      17.13107
      13.11360      17.13088
      13.12370      17.13070
      13.13390      17.13051
      13.14410      17.13033
      13.15420      17.13014
      13.16440      17.12995
      13.17460      17.12977
      13.18470      17.12958
      13.19490      17.12939
      13.20510      17.12921
      13.21520      17.12902
      13.22540      17.12884
      13.23550      17.12865
      13.24570      17.12847
      13.25590      17.12828
      13.26600      17.12809
      13.27620      17.12791
      13.28640      17.12772
      13.29650      17.12753
      13.30670      17.12735
      13.31690      17.12716
      13.32700      17.12698
      13.33720      17.12679
      13.34740      17.12661
      13.35750      17.12642
      13.36770      17.12623
      13.37780      17.12605
      13.38800      17.12586
      13.39820      17.12568
      13.40830      17.12549
      13.41850      17.12531
      13.42870      17.12512
      13.43880      17.12494
      13.44900      17.12475
      13.45920      17.12456
      13.46930      17.12438
      13.47950      17.12419
      13.48970      17.12401
      13.49980      17.12382
      13.51000      17.12364
      13.52010      17.12345
      13.53030      17.12327
      13.54050      17.12308
      13.55060      17.12290
      13.56080      17.12271
      13.57100      17.12253
      13.58110      17.12234
      13.59130      17.12216
      13.60150      17.12197
      13.61160      17.12179
      13.62180      17.12160
      13.63200      17.12142
      13.64210      17.12123
      13.65230      17.12105
      13.66250      17.12086
      13.67260      17.12068
      13.68280      17.12049
      13.69290      17.12031
      13.70310      17.12012
      13.71330      17.11994
      13.72340      17.11975
      13.73360      17.11957
      13.74380      17.11938
      13.75390      17.11920
      13.76410      17.11901
      13.77430      17.11883
      13.78440      17.11865
      13.79460      17.11846
      13.80480      17.11828
      13.81490      17.11809
      13.82510      17.11791
      13.83520      17.11772
      13.84540      17.11754
      13.85560      17.11735
      13.86570      17.11717
      13.87590      17.11699
      13.88610      17.11680
      13.89620      17.11662
      13.90640      17.11643
      13.91660      17.11625
      13.92670      17.11607
      13.93690      17.11588
      13.94710      17.11570
      13.95720      17.11551
      13.96740      17.11533
      13.97760      17.11514
      13.98770      17.11496
      13.99790      17.11478
      14.00800      17.11460
      14.01820      17.11441
      14.02840      17.11423
      14.03850      17.11404
      14.04870      17.11386
      14.05890      17.11367
      14.06900      17.11349
      14.07920      17.11331
      14.08940      17.11312
      14.09950      17.11294
      14.10970      17.11276
      14.11990      17.11257
      14.13000      17.11239
      14.14020      17.11221
      14.15030      17.11202
      14.16050      17.11184
      14.17070      17.11166
      14.18080      17.11147
      14.19100      17.11129
      14.20120      17.11111
      14.21130      17.11092
      14.22150      17.11074
      14.23170      17.11056
      14.24180      17.11037
      14.25200      17.11019
      14.26220      17.11001
      14.27230      17.10983
      14.28250      17.10964
      14.29270      17.10946
      14.30280      17.10928
      14.31300      17.10909
      14.32310      17.10891
      14.33330      17.10873
      14.34350      17.10855
      14.35360      17.10836
      14.36380      17.10818
      14.37400      17.10800
      14.38410      17.10781
      14.39430      17.10763
      14.40450      17.10745
      14.41460      17.10727
      14.42480      17.10708
      14.43500      17.10690
      14.44510      17.10672
      14.45530      17.10654
      14.46540      17.10636
      14.47560      17.10617
      14.48580      17.10599
      14.49590      17.10581
      14.50610      17.10563
      14.51630      17.10544
      14.52640      17.10526
      14.53660      17.10508
      14.54680      17.10490
      14.55690      17.10472
      14.56710      17.10453
      14.57730      17.10435
      14.58740      17.10417
      14.59760      17.10399
      14.60780      17.10380
      14.61790      17.10362
      14.62810      17.10344
      14.63820      17.10326
      14.64840      17.10308
      14.65860      17.10290
      14.66870      17.10271
      14.67890      17.10253
      14.68910      17.10235
      14.69920      17.10217
      14.70940      17.10199
      14.71960      17.10181
      14.72970      17.10163
      14.73990      17.10144
      14.75010      17.10126
      14.76020      17.10108
      14.77040      17.10090
      14.78050      17.10072
      14.79070      17.10054
      14.80090      17.10036
      14.81100      17.10018
      14.82120      17.09999
      14.83140      17.09981
      14.84150      17.09963
      14.85170      17.09945
      14.86190      17.09927
      14.87200      17.09909
      14.88220      17.09891
      14.89240      17.09873
      14.90250      17.09855
      14.91270      17.09837
      14.92290      17.09818
      14.93300      17.09801
      14.94320      17.09782
      14.95330      17.09764
      14.96350      17.09746
      14.97370      17.09728
      14.98380      17.09710
      14.99400      17.09692
      15.00420      17.09674
      15.01430      17.09656
      15.02450      17.09638
      15.03470      17.09620
      15.04480      17.09602
      15.05500      17.09584
      15.06520      17.09566
      15.07530      17.09548
      15.08550      17.09530
      15.09560      17.09512
      15.10580      17.09494
      15.11600      17.09476
      15.12610      17.09458
      15.13630      17.09440
      15.14650      17.09422
      15.15660      17.09404
      15.16680      17.09386
      15.17700      17.09368
      15.18710      17.09350
      15.19730      17.09332
      15.20750      17.09314
      15.21760      17.09296
      15.22780      17.09278
      15.23800      17.09260
      15.24810      17.09242
      15.25830      17.09224
      15.26840      17.09207
      15.27860      17.09188
      15.28880      17.09171
      15.29890      17.09153
      15.30910      17.09135
      15.31930      17.09117
      15.32940      17.09099
      15.33960      17.09081
      15.34980      17.09063
      15.35990      17.09045
      15.37010      17.09027
      15.38030      17.09009
      15.39040      17.08992
      15.40060      17.08974
      15.41070      17.08956
      15.42090      17.08938
      15.43110      17.08920
      15.44120      17.08902
      15.45140      17.08884
      15.46160      17.08866
      15.47170      17.08849
      15.48190      17.08831
      15.49210      17.08813
      15.50220      17.08795
      15.51240      17.08777
      15.52260      17.08759
      15.53270      17.08742
      15.54290      17.08724
      15.55300      17.08706
      15.56320      17.08688
      15.57340      17.08670
      15.58350      17.08652
      15.59370      17.08635
      15.60390      17.08617
      15.61400      17.08599
      15.62420      17.08581
      15.63440      17.08563
      15.64450      17.08546
      15.65470      17.08528
      15.66490      17.08510
      15.67500      17.08492
      15.68520      17.08475
      15.69540      17.08457
      15.70550      17.08439
      15.71570      17.08421
      15.72580      17.08404
      15.73600      17.08386
      15.74620      17.08368
      15.75630      17.08351
      15.76650      17.08333
      15.77670      17.08315
      15.78680      17.08297
      15.79700      17.08280
      15.80720      17.08262
      15.81730      17.08244
      15.82750      17.08227
      15.83770      17.08209
      15.84780      17.08191
      15.85800      17.08173
      15.86810      17.08156
      15.87830      17.08138
      15.88850      17.08120
      15.89860      17.08103
      15.90880      17.08085
      15.91900      17.08068
      15.92910      17.08050
      15.93930      17.08032
      15.94950      17.08014
      15.95960      17.07997
      15.96980      17.07979
      15.98000      17.07962
      15.99010      17.07944
      16.00030      17.07926
      16.01050      17.07909
      16.02060      17.07891
      16.03080      17.07874
      16.04090      17.07856
      16.05110      17.07838
      16.06130      17.07821
      16.07140      17.07803
      16.08160      17.07786
      16.09180      17.07768
      16.10190      17.07751
      16.11210      17.07733
      16.12230      17.07715
      16.13240      17.07698
      16.14260      17.07680
      16.15280      17.07663
      16.16290      17.07645
      16.17310      17.07628
      16.18320      17.07610
      16.19340      17.07593
      16.20360      17.07575
      16.21370      17.07558
      16.22390      17.07540
      16.23410      17.07523
      16.24420      17.07505
      16.25440      17.07488
      16.26460      17.07470
      16.27470      17.07453
      16.28490      17.07435
      16.29510      17.07418
      16.30520      17.07401
      16.31540      17.07383
      16.32560      17.07365
      16.33570      17.07348
      16.34590      17.07331
      16.35600      17.07313
      16.36620      17.07296
      16.37640      17.07278
      16.38650      17.07261
      16.39670      17.07244
      16.40690      17.07226
      16.41700      17.07209
      16.42720      17.07191
      16.43740      17.07174
      16.44750      17.07157
      16.45770      17.07139
      16.46790      17.07122
      16.47800      17.07104
      16.48820      17.07087
      16.49830      17.07070
      16.50850      17.07052
      16.51870      17.07035
      16.52880      17.07018
      16.53900      17.07000
      16.54920      17.06983
      16.55930      17.06966
      16.56950      17.06948
      16.57970      17.06931
      16.58980      17.06914
      16.60000      17.06896
      16.61020      17.06879
      16.62030      17.06862
      16.63050      17.06845
      16.64070      17.06827
      16.65080      17.06810
      16.66100      17.06793
      16.67110      17.06775
      16.68130      17.06758
      16.69150      17.06741
      16.70160      17.06724
      16.71180      17.06706
      16.72200      17.06689
      16.73210      17.06672
      16.74230      17.06655
      16.75250      17.06637
      16.76260      17.06620
      16.77280      17.06603
      16.78300      17.06586
      16.79310      17.06569
      16.80330      17.06551
      16.81340      17.06534
      16.82360      17.06517
      16.83380      17.06500
      16.84390      17.06483
      16.85410      17.06466
      16.86430      17.06448
      16.87440      17.06431
      16.88460      17.06414
      16.89480      17.06397
      16.90490      17.06380
      16.91510      17.06363
      16.92530      17.06346
      16.93540      17.06329
      16.94560      17.06311
      16.95580      17.06294
      16.96590      17.06277
      16.97610      17.06260
      16.98620      17.06243
      16.99640      17.06226
      17.00660      17.06209
      17.01670      17.06192
      17.02690      17.06175
      17.03710      17.06158
      17.04720      17.06141
      17.05740      17.06124
      17.06760      17.06107
      17.07770      17.06090
      17.08790      17.06073
      17.09810      17.06055
      17.10820      17.06039
      17.11840      17.06021
      17.12850      17.06005
      17.13870      17.05988
      17.14890      17.05971
      17.15900      17.05954
      17.16920      17.05937
      17.17940      17.05920
      17.18950      17.05903
      17.19970      17.05886
      17.20990      17.05869
      17.22000      17.05852
      17.23020      17.05835
      17.24040      17.05818
      17.25050      17.05801
      17.26070      17.05784
      17.27090      17.05767
      17.28100      17.05750
      17.29120      17.05734
      17.30130      17.05717
      17.31150      17.05700
      17.32170      17.05683
      17.33180      17.05666
      17.34200      17.05649
      17.35220      17.05632
      17.36230      17.05616
      17.37250      17.05599
      17.38270      17.05582
      17.39280      17.05565
      17.40300      17.05548
      17.41320      17.05532
      17.42330      17.05515
      17.43350      17.05498
      17.44360      17.05481
      17.45380      17.05464
      17.46400      17.05448
      17.47410      17.05431
      17.48430      17.05414
      17.49450      17.05397
      17.50460      17.05381
      17.51480      17.05364
      17.52500      17.05347
      17.53510      17.05330
      17.54530      17.05314
      17.55550      17.05297
      17.56560      17.05280
      17.57580      17.05264
      17.58590      17.05247
      17.59610      17.05230
      17.60630      17.05214
      17.61640      17.05197
      17.62660      17.05180
      17.63680      17.05164
      17.64690      17.05147
      17.65710      17.05130
      17.66730      17.05114
      17.67740      17.05097
      17.68760      17.05080
      17.69780      17.05064
      17.70790      17.05047
      17.71810      17.05031
      17.72830      17.05014
      17.73840      17.04997
      17.74860      17.04981
      17.75870      17.04964
      17.76890      17.04948
      17.77910      17.04931
      17.78920      17.04915
      17.79940      17.04898
      17.80960      17.04882
      17.81970      17.04865
      17.82990      17.04849
      17.84010      17.04832
      17.85020      17.04816
      17.86040      17.04799
      17.87060      17.04783
      17.88070      17.04766
      17.89090      17.04750
      17.90100      17.04733
      17.91120      17.04717
      17.92140      17.04700
      17.93150      17.04684
      17.94170      17.04667
      17.95190      17.04651
      17.96200      17.04635
      17.97220      17.04618
      17.98240      17.04602
      17.99250      17.04586
      18.00270      17.04569
      18.01290      17.04553
      18.02300      17.04536
      18.03320      17.04520
      18.04340      17.04504
      18.05350      17.04487
      18.06370      17.04471
      18.07380      17.04455
      18.08400      17.04438
      18.09420      17.04422
      18.10430      17.04406
      18.11450      17.04390
      18.12470      17.04373
      18.13480      17.04357
      18.14500      17.04341
      18.15520      17.04325
      18.16530      17.04308
      18.17550      17.04292
      18.18570      17.04276
      18.19580      17.04260
      18.20600      17.04243
      18.21610      17.04227
      18.22630      17.04211
      18.23650      17.04195
      18.24660      17.04179
      18.25680      17.04162
      18.26700      17.04146
      18.27710      17.04130
      18.28730      17.04114
      18.29750      17.04098
      18.30760      17.04082
      18.31780      17.04066
      18.32800      17.04049
      18.33810      17.04033
      18.34830      17.04017
      18.35850      17.04001
      18.36860      17.03985
      18.37880      17.03969
      18.38890      17.03953
      18.39910      17.03937
      18.40930      17.03921
      18.41940      17.03905
      18.42960      17.03889
      18.43980      17.03873
      18.44990      17.03857
      18.46010      17.03841
      18.47030      17.03825
      18.48040      17.03809
      18.49060      17.03793
      18.50080      17.03777
      18.51090      17.03761
      18.52110      17.03745
      18.53120      17.03729
      18.54140      17.03713
      18.55160      17.03697
      18.56170      17.03682
      18.57190      17.03666
      18.58210      17.03650
      18.59220      17.03634
      18.60240      17.03618
      18.61260      17.03602
      18.62270      17.03586
      18.63290      17.03571
      18.64310      17.03555
      18.65320      17.03539
      18.66340      17.03523
      18.67360      17.03507
      18.68370      17.03492
      18.69390      17.03476
      18.70400      17.03460
      18.71420      17.03444
      18.72440      17.03428
      18.73450      17.03413
      18.74470      17.03397
      18.75490      17.03381
      18.76500      17.03366
      18.77520      17.03350
      18.78540      17.03334
      18.79550      17.03319
      18.80570      17.03303
      18.81590      17.03287
      18.82600      17.03271
      18.83620      17.03256
      18.84630      17.03240
      18.85650      17.03225
      18.86670      17.03209
      18.87680      17.03193
      18.88700      17.03178
      18.89720      17.03162
      18.90730      17.03147
      18.91750      17.03131
      18.92770      17.03115
      18.93780      17.03100
      18.94800      17.03085
      18.95820      17.03069
      18.96830      17.03053
      18.97850      17.03038
      18.98870      17.03022
      18.99880      17.03007
      19.00900      17.02991
      19.01910      17.02976
      19.02930      17.02961
      19.03950      17.02945
      19.04960      17.02930
      19.05980      17.02914
      19.07000      17.02899
      19.08010      17.02884
      19.09030      17.02868
      19.10050      17.02853
      19.11060      17.02838
      19.12080      17.02822
      19.13100      17.02807
      19.14110      17.02792
      19.15130      17.02776
      19.16140      17.02761
      19.17160      17.02746
      19.18180      17.02730
      19.19190      17.02715
      19.20210      17.02700
      19.21230      17.02685
      19.22240      17.02669
      19.23260      17.02654
      19.24280      17.02639
      19.25290      17.02624
      19.26310      17.02608
      19.27330      17.02593
      19.28340      17.02578
      19.29360      17.02563
      19.30380      17.02548
      19.31390      17.02533
      19.32410      17.02518
      19.33420      17.02503
      19.34440      17.02487
      19.35460      17.02472
      19.36470      17.02457
      19.37490      17.02442
      19.38510      17.02427
      19.39520      17.02412
      19.40540      17.02397
      19.41560      17.02382
      19.42570      17.02367
      19.43590      17.02352
      19.44610      17.02337
      19.45620      17.02322
      19.46640      17.02307
      19.47650      17.02292
      19.48670      17.02277
      19.49690      17.02262
      19.50700      17.02247
      19.51720      17.02233
      19.52740      17.02218
      19.53750      17.02203
      19.54770      17.02188
      19.55790      17.02173
      19.56800      17.02158
      19.57820      17.02143
      19.58840      17.02129
      19.59850      17.02114
      19.60870      17.02099
      19.61880      17.02084
      19.62900      17.02069
      19.63920      17.02055
      19.64930      17.02040
      19.65950      17.02025
      19.66970      17.02011
      19.67980      17.01996
      19.69000      17.01981
      19.70020      17.01966
      19.71030      17.01952
      19.72050      17.01937
      19.73070      17.01923
      19.74080      17.01908
      19.75100      17.01893
      19.76120      17.01879
      19.77130      17.01864
      19.78150      17.01850
      19.79160      17.01835
      19.80180      17.01821
      19.81200      17.01806
      19.82210      17.01792
      19.83230      17.01777
      19.84250      17.01762
      19.85260      17.01748
      19.86280      17.01734
      19.87300      17.01719
      19.88310      17.01705
      19.89330      17.01690
      19.90350      17.01676
      19.91360      17.01661
      19.92380      17.01647
      19.93390      17.01633
      19.94410      17.01618
      19.95430      17.01604
      19.96440      17.01590
      19.97460      17.01575
      19.98480      17.01561
      19.99490      17.01547
      20.00510      17.01533
      20.01530      17.01518
      20.02540      17.01504
      20.03560      17.01490
      20.04580      17.01476
      20.05590      17.01462
      20.06610      17.01447
      20.07630      17.01433
      20.08640      17.01419
      20.09660      17.01405
      20.10670      17.01391
      20.11690      17.01377
      20.12710      17.01362
      20.13720      17.01348
      20.14740      17.01334
      20.15760      17.01320
      20.16770      17.01306
      20.17790      17.01292
      20.18810      17.01278
      20.19820      17.01264
      20.20840      17.01250
      20.21860      17.01236
      20.22870      17.01222
      20.23890      17.01208
      20.24900      17.01195
      20.25920      17.01181
      20.26940      17.01167
      20.27950      17.01153
      20.28970      17.01139
      20.29990      17.01125
      20.31000      17.01111
      20.32020      17.01098
      20.33040      17.01084
      20.34050      17.01070
      20.35070      17.01056
      20.36090      17.01043
      20.37100      17.01029
      20.38120      17.01015
      20.39140      17.01001
      20.40150      17.00988
      20.41170      17.00974
      20.42180      17.00961
      20.43200      17.00947
      20.44220      17.00933
      20.45230      17.00920
      20.46250      17.00906
      20.47270      17.00892
      20.48280      17.00879
      20.49300      17.00865
      20.50320      17.00852
      20.51330      17.00838
      20.52350      17.00825
      20.53370      17.00811
      20.54380      17.00798
      20.55400      17.00784
      20.56410      17.00771
      20.57430      17.00758
      20.58450      17.00744
      20.59460      17.00731
      20.60480      17.00718
      20.61500      17.00704
      20.62510      17.00691
      20.63530      17.00677
      20.64550      17.00664
      20.65560      17.00651
      20.66580      17.00638
      20.67600      17.00624
      20.68610      17.00611
      20.69630      17.00598
      20.70650      17.00585
      20.71660      17.00572
      20.72680      17.00559
      20.73690      17.00546
      20.74710      17.00532
      20.75730      17.00519
      20.76740      17.00506
      20.77760      17.00493
      20.78780      17.00480
      20.79790      17.00467
      20.80810      17.00454
      20.81830      17.00441
      20.82840      17.00428
      20.83860      17.00415
      20.84880      17.00402
      20.85890      17.00389
      20.86910      17.00377
      20.87920      17.00364
      20.88940      17.00351
      20.89960      17.00338
      20.90970      17.00325
      20.91990      17.00312
      20.93010      17.00299
      20.94020      17.00287
      20.95040      17.00274
      20.96060      17.00261
      20.97070      17.00249
      20.98090      17.00236
      20.99110      17.00223
      21.00120      17.00211
      21.01140      17.00198
      21.02160      17.00185
      21.03170      17.00173
      21.04190      17.00160
      21.05200      17.00148
      21.06220      17.00135
      21.07240      17.00123
      21.08250      17.00110
      21.09270      17.00098
      21.10290      17.00085
      21.11300      17.00073
      21.12320      17.00060
      21.13340      17.00048
      21.14350      17.00036
      21.15370      17.00023
      21.16390      17.00011
      21.17400      16.99999
      21.18420      16.99986
      21.19430      16.99974
      21.20450      16.99962
      21.21470      16.99950
      21.22480      16.99937
      21.23500      16.99925
      21.24520      16.99913
      21.25530      16.99901
      21.26550      16.99889
      21.27570      16.99877
      21.28580      16.99865
      21.29600      16.99853
      21.30620      16.99841
      21.31630      16.99829
      21.32650      16.99817
      21.33660      16.99805
      21.34680      16.99793
      21.35700      16.99781
      21.36710      16.99769
      21.37730      16.99757
      21.38750      16.99745
      21.39760      16.99733
      21.40780      16.99721
      21.41800      16.99710
      21.42810      16.99698
      21.43830      16.99686
      21.44850      16.99674
      21.45860      16.99663
      21.46880      16.99651
      21.47900      16.99639
      21.48910      16.99628
      21.49930      16.99616
      21.50940      16.99605
      21.51960      16.99593
      21.52980      16.99581
      21.53990      16.99570
      21.55010      16.99558
      21.56030      16.99547
      21.57040      16.99535
      21.58060      16.99524
      21.59080      16.99512
      21.60090      16.99501
      21.61110      16.99490
      21.62130      16.99479
      21.63140      16.99467
      21.64160      16.99456
      21.65170      16.99445
      21.66190      16.99433
      21.67210      16.99422
      21.68220      16.99411
      21.69240      16.99400
      21.70260      16.99389
      21.71270      16.99378
      21.72290      16.99366
      21.73310      16.99355
      21.74320      16.99344
      21.75340      16.99333
      21.76360      16.99322
      21.77370      16.99311
      21.78390      16.99300
      21.79410      16.99290
      21.80420      16.99279
      21.81440      16.99268
      21.82450      16.99257
      21.83470      16.99246
      21.84490      16.99235
      21.85500      16.99224
      21.86520      16.99214
      21.87540      16.99203
      21.88550      16.99192
      21.89570      16.99182
      21.90590      16.99171
      21.91600      16.99161
      21.92620      16.99150
      21.93640      16.99139
      21.94650      16.99129
      21.95670      16.99118
      21.96680      16.99108
      21.97700      16.99097
      21.98720      16.99087
      21.99730      16.99077
      22.00750      16.99066
      22.01770      16.99056
      22.02780      16.99046
      22.03800      16.99035
      22.04820      16.99025
      22.05830      16.99015
      22.06850      16.99005
      22.07870      16.98994
      22.08880      16.98984
      22.09900      16.98974
      22.10920      16.98964
      22.11930      16.98954
      22.12950      16.98944
      22.13960      16.98934
      22.14980      16.98924
      22.16000      16.98914
      22.17010      16.98904
      22.18030      16.98894
      22.19050      16.98884
      22.20060      16.98874
      22.21080      16.98865
      22.22100      16.98855
      22.23110      16.98845
      22.24130      16.98835
      22.25150      16.98826
      22.26160      16.98816
      22.27180      16.98806
      22.28190      16.98797
      22.29210      16.98787
      22.30230      16.98778
      22.31240      16.98768
      22.32260      16.98759
      22.33280      16.98749
      22.34290      16.98740
      22.35310      16.98730
      22.36330      16.98721
      22.37340      16.98712
      22.38360      16.98703
      22.39380      16.98693
      22.40390      16.98684
      22.41410      16.98675
      22.42430      16.98666
      22.43440      16.98657
      22.44460      16.98647
      22.45470      16.98639
      22.46490      16.98629
      22.47510      16.98620
      22.48520      16.98611
      22.49540      16.98602
      22.50560      16.98594
      22.51570      16.98585
      22.52590      16.98576
      22.53610      16.98567
      22.54620      16.98558
      22.55640      16.98549
      22.56660      16.98541
      22.57670      16.98532
      22.58690      16.98524
      22.59700      16.98515
      22.60720      16.98506
      22.61740      16.98498
      22.62750      16.98489
      22.63770      16.98481
      22.64790      16.98472
      22.65800      16.98464
      22.66820      16.98456
      22.67840      16.98447
      22.68850      16.98439
      22.69870      16.98431
      22.70890      16.98422
      22.71900      16.98414
      22.72920      16.98406
      22.73940      16.98398
      22.74950      16.98390
      22.75970      16.98382
      22.76980      16.98374
      22.78000      16.98366
      22.79020      16.98358
      22.80030      16.98350
      22.81050      16.98342
      22.82070      16.98334
      22.83080      16.98327
      22.84100      16.98319
      22.85120      16.98311
      22.86130      16.98303
      22.87150      16.98296
      22.88170      16.98288
      22.89180      16.98281
      22.90200      16.98273
      22.91210      16.98266
      22.92230      16.98258
      22.93250      16.98251
      22.94260      16.98243
      22.95280      16.98236
      22.96300      16.98229
      22.97310      16.98221
      22.98330      16.98214
      22.99350      16.98207
      23.00360      16.98200
      23.01380      16.98193
      23.02400      16.98186
      23.03410      16.98179
      23.04430      16.98172
      23.05450      16.98165
      23.06460      16.98158
      23.07480      16.98151
      23.08490      16.98144
      23.09510      16.98137
      23.10530      16.98131
      23.11540      16.98124
      23.12560      16.98117
      23.13580      16.98111
      23.14590      16.98104
      23.15610      16.98097
      23.16630      16.98091
      23.17640      16.98085
      23.18660      16.98078
      23.19680      16.98072
      23.20690      16.98066
      23.21710      16.98059
      23.22720      16.98053
      23.23740      16.98047
      23.24760      16.98041
      23.25770      16.98034
      23.26790      16.98028
      23.27810      16.98022
      23.28820      16.98017
      23.29840      16.98010
      23.30860      16.98005
      23.31870      16.97999
      23.32890      16.97993
      23.33910      16.97987
      23.34920      16.97981
      23.35940      16.97976
      23.36950      16.97970
      23.37970      16.97965
      23.38990      16.97959
      23.40000      16.97954
      23.41020      16.97948
      23.42040      16.97943
      23.43050      16.97938
      23.44070      16.97932
      23.45090      16.97927
      23.46100      16.97922
      23.47120      16.97917
      23.48140      16.97911
      23.49150      16.97906
      23.50170      16.97902
      23.51190      16.97897
      23.52200      16.97892
      23.53220      16.97887
      23.54230      16.97882
      23.55250      16.97877
      23.56270      16.97873
      23.57280      16.97868
      23.58300      16.97863
      23.59320      16.97859
      23.60330      16.97854
      23.61350      16.97850
      23.62370      16.97845
      23.63380      16.97841
      23.64400      16.97836
      23.65420      16.97832
      23.66430      16.97828
      23.67450      16.97824
      23.68460      16.97820
      23.69480      16.97816
      23.70500      16.97812
      23.71510      16.97808
      23.72530      16.97804
      23.73550      16.97800
      23.74560      16.97796
      23.75580      16.97793
      23.76600      16.97789
      23.77610      16.97785
      23.78630      16.97782
      23.79650      16.97778
      23.80660      16.97775
      23.81680      16.97771
      23.82700      16.97768
      23.83710      16.97765
      23.84730      16.97761
      23.85740      16.97758
      23.86760      16.97755
      23.87780      16.97752
      23.88790      16.97749
      23.89810      16.97746
      23.90830      16.97743
      23.91840      16.97740
      23.92860      16.97738
      23.93880      16.97735
      23.94890      16.97732
      23.95910      16.97729
      23.96930      16.97727
      23.97940      16.97724
      23.98960      16.97722
      23.99970      16.97720
      24.00990      16.97717
      24.02010      16.97715
      24.03020      16.97713
      24.04040      16.97711
      24.05060      16.97709
      24.06070      16.97707
      24.07090      16.97705
      24.08110      16.97703
      24.09120      16.97701
      24.10140      16.97699
      24.11160      16.97697
      24.12170      16.97696
      24.13190      16.97694
      24.14210      16.97693
      24.15220      16.97691
      24.16240      16.97690
      24.17250      16.97688
      24.18270      16.97687
      24.19290      16.97686
      24.20300      16.97685
      24.21320      16.97684
      24.22340      16.97683
      24.23350      16.97682
      24.24370      16.97681
      24.25390      16.97680
      24.26400      16.97679
      24.27420      16.97679
      24.28440      16.97678
      24.29450      16.97678
      24.30470      16.97677
      24.31480      16.97677
      24.32500      16.97676
      24.33520      16.97676
      24.34530      16.97676
      24.35550      16.97676
      24.36570      16.97676
      24.37580      16.97676
      24.38600      16.97676
      24.39620      16.97676
      24.40630      16.97676
      24.41650      16.97676
      24.42670      16.97677
      24.43680      16.97677
      24.44700      16.97678
      24.45720      16.97678
      24.46730      16.97679
      24.47750      16.97680
      24.48760      16.97680
      24.49780      16.97681
      24.50800      16.97682
      24.51810      16.97683
      24.52830      16.97684
      24.53850      16.97686
      24.54860      16.97687
      24.55880      16.97688
      24.56900      16.97690
      24.57910      16.97691
      24.58930      16.97693
      24.59950      16.97694
      24.60960      16.97696
      24.61980      16.97698
      24.62990      16.97700
      24.64010      16.97702
      24.65030      16.97704
      24.66040      16.97706
      24.67060      16.97708
      24.68080      16.97710
      24.69090      16.97713
      24.70110      16.97715
      24.71130      16.97717
      24.72140      16.97720
      24.73160      16.97723
      24.74180      16.97725
      24.75190      16.97728
      24.76210      16.97731
      24.77230      16.97734
      24.78240      16.97737
      24.79260      16.97741
      24.80270      16.97744
      24.81290      16.97747
      24.82310      16.97750
      24.83320      16.97754
      24.84340      16.97758
      24.85360      16.97761
      24.86370      16.97765
      24.87390      16.97769
      24.88410      16.97773
      24.89420      16.97777
      24.90440      16.97781
      24.91460      16.97785
      24.92470      16.97790
      24.93490      16.97794
      24.94500      16.97799
      24.95520      16.97803
      24.96540      16.97808
      24.97550      16.97813
      24.98570      16.97817
      24.99590      16.97823
      25.00600      16.97828
      25.01620      16.97833
      25.02640      16.97838
      25.03650      16.97843
      25.04670      16.97849
      25.05690      16.97854
      25.06700      16.97860
      25.07720      16.97865
      25.08740      16.97871
      25.09750      16.97877
      25.10770      16.97883
      25.11780      16.97889
      25.12800      16.97896
      25.13820      16.97902
      25.14830      16.97908
      25.15850      16.97915
      25.16870      16.97922
      25.17880      16.97928
      25.18900      16.97935
      25.19920      16.97942
      25.20930      16.97949
      25.21950      16.97956
      25.22970      16.97964
      25.23980      16.97971
      25.25000      16.97978
      25.26010      16.97986
      25.27030      16.97993
      25.28050      16.98001
      25.29060      16.98009
      25.30080      16.98017
      25.31100      16.98025
      25.32110      16.98033
      25.33130      16.98042
      25.34150      16.98050
      25.35160      16.98059
      25.36180      16.98067
      25.37200      16.98076
      25.38210      16.98085
      25.39230      16.98094
      25.40240      16.98103
      25.41260      16.98112
      25.42280      16.98122
      25.43290      16.98131
      25.44310      16.98141
      25.45330      16.98150
      25.46340      16.98160
      25.47360      16.98170
      25.48380      16.98180
      25.49390      16.98190
      25.50410      16.98200
      25.51430      16.98211
      25.52440      16.98221
      25.53460      16.98232
      25.54480      16.98243
      25.55490      16.98254
      25.56510      16.98265
      25.57520      16.98276
      25.58540      16.98287
      25.59560      16.98298
      25.60570      16.98310
      25.61590      16.98322
      25.62610      16.98333
      25.63620      16.98345
      25.64640      16.98357
      25.65660      16.98369
      25.66670      16.98382
      25.67690      16.98394
      25.68710      16.98407
      25.69720      16.98419
      25.70740      16.98432
      25.71750      16.98445
      25.72770      16.98458
      25.73790      16.98471
      25.74800      16.98485
      25.75820      16.98498
      25.76840      16.98512
      25.77850      16.98526
      25.78870      16.98540
      25.79890      16.98554
      25.80900      16.98568
      25.81920      16.98582
      25.82940      16.98597
      25.83950      16.98611
      25.84970      16.98626
      25.85990      16.98641
      25.87000      16.98656
      25.88020      16.98671
      25.89030      16.98686
      25.90050      16.98702
      25.91070      16.98718
      25.92080      16.98733
      25.93100      16.98749
      25.94120      16.98765
      25.95130      16.98782
      25.96150      16.98798
      25.97170      16.98815
      25.98180      16.98831
      25.99200      16.98848
      26.00220      16.98865
      26.01230      16.98882
      26.02250      16.98900
      26.03260      16.98917
      26.04280      16.98935
      26.05300      16.98953
      26.06310      16.98970
      26.07330      16.98989
      26.08350      16.99007
      26.09360      16.99025
      26.10380      16.99044
      26.11400      16.99063
      26.12410      16.99082
      26.13430      16.99101
      26.14450      16.99120
      26.15460      16.99140
      26.16480      16.99159
      26.17500      16.99179
      26.18510      16.99199
      26.19530      16.99219
      26.20540      16.99240
      26.21560      16.99260
      26.22580      16.99281
      26.23590      16.99302
      26.24610      16.99323
      26.25630      16.99344
      26.26640      16.99365
      26.27660      16.99387
      26.28680      16.99409
      26.29690      16.99431
      26.30710      16.99453
      26.31730      16.99475
      26.32740      16.99498
      26.33760      16.99520
      26.34770      16.99543
      26.35790      16.99566
      26.36810      16.99590
      26.37820      16.99613
      26.38840      16.99637
      26.39860      16.99660
      26.40870      16.99685
      26.41890      16.99709
      26.42910      16.99733
      26.43920      16.99758
      26.44940      16.99783
      26.45960      16.99808
      26.46970      16.99833
      26.47990      16.99858
      26.49010      16.99884
      26.50020      16.99910
      26.51040      16.99936
      26.52050      16.99962
      26.53070      16.99989
      26.54090      17.00016
      26.55100      17.00042
      26.56120      17.00070
      26.57140      17.00097
      26.58150      17.00124
      26.59170      17.00152
      26.60190      17.00180
      26.61200      17.00208
      26.62220      17.00237
      26.63240      17.00266
      26.64250      17.00294
      26.65270      17.00324
      26.66280      17.00353
      26.67300      17.00383
      26.68320      17.00412
      26.69330      17.00442
      26.70350      17.00473
      26.71370      17.00503
      26.72380      17.00534
      26.73400      17.00565
      26.74420      17.00596
      26.75430      17.00628
      26.76450      17.00659
      26.77470      17.00691
      26.78480      17.00723
      26.79500      17.00756
      26.80520      17.00789
      26.81530      17.00821
      26.82550      17.00855
      26.83560      17.00888
      26.84580      17.00922
      26.85600      17.00956
      26.86610      17.00990
      26.87630      17.01024
      26.88650      17.01059
      26.89660      17.01094
      26.90680      17.01129
      26.91700      17.01165
      26.92710      17.01200
      26.93730      17.01237
      26.94750      17.01273
      26.95760      17.01310
      26.96780      17.01347
      26.97790      17.01383
      26.98810      17.01421
      26.99830      17.01459
      27.00840      17.01497
      27.01860      17.01535
      27.02880      17.01574
      27.03890      17.01612
      27.04910      17.01652
      27.05930      17.01691
      27.06940      17.01731
      27.07960      17.01771
      27.08980      17.01811
      27.09990      17.01851
      27.11010      17.01892
      27.12020      17.01933
      27.13040      17.01975
      27.14060      17.02017
      27.15070      17.02059
      27.16090      17.02102
      27.17110      17.02144
      27.18120      17.02187
      27.19140      17.02231
      27.20160      17.02275
      27.21170      17.02318
      27.22190      17.02363
      27.23210      17.02407
      27.24220      17.02452
      27.25240      17.02498
      27.26260      17.02543
      27.27270      17.02589
      27.28290      17.02636
      27.29300      17.02682
      27.30320      17.02729
      27.31340      17.02777
      27.32350      17.02824
      27.33370      17.02872
      27.34390      17.02921
      27.35400      17.02969
      27.36420      17.03018
      27.37440      17.03068
      27.38450      17.03117
      27.39470      17.03168
      27.40490      17.03218
      27.41500      17.03269
      27.42520      17.03320
      27.43530      17.03372
      27.44550      17.03424
      27.45570      17.03476
      27.46580      17.03529
      27.47600      17.03582
      27.48620      17.03636
      27.49630      17.03689
      27.50650      17.03744
      27.51670      17.03798
      27.52680      17.03853
      27.53700      17.03909
      27.54720      17.03965
      27.55730      17.04021
      27.56750      17.04078
      27.57770      17.04135
      27.58780      17.04192
      27.59800      17.04250
      27.60810      17.04308
      27.61830      17.04367
      27.62850      17.04426
      27.63860      17.04486
      27.64880      17.04546
      27.65900      17.04606
      27.66910      17.04667
      27.67930      17.04729
      27.68950      17.04790
      27.69960      17.04852
      27.70980      17.04915
      27.72000      17.04978
      27.73010      17.05042
      27.74030      17.05106
      27.75040      17.05170
      27.76060      17.05235
      27.77080      17.05301
      27.78090      17.05366
      27.79110      17.05433
      27.80130      17.05500
      27.81140      17.05566
      27.82160      17.05634
      27.83180      17.05703
      27.84190      17.05771
      27.85210      17.05841
      27.86230      17.05911
      27.87240      17.05980
      27.88260      17.06052
      27.89280      17.06123
      27.90290      17.06194
      27.91310      17.06267
      27.92320      17.06339
      27.93340      17.06413
      27.94360      17.06487
      27.95370      17.06561
      27.96390      17.06636
      27.97410      17.06712
      27.98420      17.06787
      27.99440      17.06864
      28.00460      17.06942
      28.01470      17.07019
      28.02490      17.07097
      28.03510      17.07176
      28.04520      17.07255
      28.05540      17.07335
      28.06550      17.07415
      28.07570      17.07497
      28.08590      17.07579
      28.09600      17.07660
      28.10620      17.07744
      28.11640      17.07827
      28.12650      17.07911
      28.13670      17.07996
      28.14690      17.08081
      28.15700      17.08167
      28.16720      17.08254
      28.17740      17.08341
      28.18750      17.08428
      28.19770      17.08517
      28.20790      17.08607
      28.21800      17.08696
      28.22820      17.08786
      28.23830      17.08877
      28.24850      17.08969
      28.25870      17.09061
      28.26880      17.09154
      28.27900      17.09248
      28.28920      17.09343
      28.29930      17.09437
      28.30950      17.09533
      28.31970      17.09630
      28.32980      17.09727
      28.34000      17.09825
      28.35020      17.09924
      28.36030      17.10023
      28.37050      17.10123
      28.38060      17.10223
      28.39080      17.10325
      28.40100      17.10428
      28.41110      17.10530
      28.42130      17.10634
      28.43150      17.10739
      28.44160      17.10844
      28.45180      17.10950
      28.46200      17.11058
      28.47210      17.11165
      28.48230      17.11274
      28.49250      17.11383
      28.50260      17.11493
      28.51280      17.11604
      28.52300      17.11716
      28.53310      17.11828
      28.54330      17.11942
      28.55340      17.12056
      28.56360      17.12171
      28.57380      17.12288
      28.58390      17.12404
      28.59410      17.12522
      28.60430      17.12641
      28.61440      17.12760
      28.62460      17.12880
      28.63480      17.13002
      28.64490      17.13124
      28.65510      17.13247
      28.66530      17.13372
      28.67540      17.13496
      28.68560      17.13622
      28.69570      17.13748
      28.70590      17.13877
      28.71610      17.14006
      28.72620      17.14135
      28.73640      17.14266
      28.74660      17.14399
      28.75670      17.14531
      28.76690      17.14665
      28.77710      17.14800
      28.78720      17.14935
      28.79740      17.15073
      28.80760      17.15211
      28.81770      17.15349
      28.82790      17.15490
      28.83810      17.15632
      28.84820      17.15773
      28.85840      17.15917
      28.86850      17.16061
      28.87870      17.16207
      28.88890      17.16354
      28.89900      17.16501
      28.90920      17.16651
      28.91940      17.16801
      28.92950      17.16952
      28.93970      17.17105
      28.94990      17.17259
      28.96000      17.17413
      28.97020      17.17570
      28.98040      17.17728
      28.99050      17.17886
      29.00070      17.18047
      29.01080      17.18207
      29.02100      17.18370
      29.03120      17.18534
      29.04130      17.18699
      29.05150      17.18866
      29.06170      17.19034
      29.07180      17.19202
      29.08200      17.19373
      29.09220      17.19546
      29.10230      17.19718
      29.11250      17.19893
      29.12270      17.20070
      29.13280      17.20247
      29.14300      17.20426
      29.15310      17.20606
      29.16330      17.20788
      29.17350      17.20973
      29.18360      17.21157
      29.19380      17.21344
      29.20400      17.21532
      29.21410      17.21721
      29.22430      17.21913
      29.23450      17.22106
      29.24460      17.22300
      29.25480      17.22496
      29.26500      17.22695
      29.27510      17.22893
      29.28530      17.23095
      29.29550      17.23299
      29.30560      17.23502
      29.31580      17.23709
      29.32590      17.23916
      29.33610      17.24126
      29.34630      17.24339
      29.35640      17.24551
      29.36660      17.24767
      29.37680      17.24985
      29.38690      17.25203
      29.39710      17.25425
      29.40730      17.25649
      29.41740      17.25872
      29.42760      17.26100
      29.43780      17.26330
      29.44790      17.26560
      29.45810      17.26793
      29.46820      17.27027
      29.47840      17.27266
      29.48860      17.27506
      29.49870      17.27746
      29.50890      17.27991
      29.51910      17.28238
      29.52920      17.28484
      29.53940      17.28736
      29.54960      17.28990
      29.55970      17.29243
      29.56990      17.29502
      29.58010      17.29763
      29.59020      17.30024
      29.60040      17.30290
      29.61060      17.30558
      29.62070      17.30827
      29.63090      17.31100
      29.64100      17.31373
      29.65120      17.31652
      29.66140      17.31934
      29.67150      17.32215
      29.68170      17.32502
      29.69190      17.32792
      29.70200      17.33081
      29.71220      17.33377
      29.72240      17.33675
      29.73250      17.33974
      29.74270      17.34278
      29.75290      17.34585
      29.76300      17.34893
      29.77320      17.35206
      29.78330      17.35520
      29.79350      17.35840
      29.80370      17.36163
      29.81380      17.36486
      29.82400      17.36816
      29.83420      17.37149
      29.84430      17.37482
      29.85450      17.37823
      29.86470      17.38166
      29.87480      17.38510
      29.88500      17.38861
      29.89520      17.39216
      29.90530      17.39571
      29.91550      17.39933
      29.92570      17.40299
      29.93580      17.40666
      29.94600      17.41040
      29.95610      17.41414
      29.96630      17.41796
      29.97650      17.42183
      29.98660      17.42570
      29.99680      17.42965
      30.00700      17.43364
      30.01710      17.43764
      30.02730      17.44172
      30.03750      17.44585
      30.04760      17.44998
      30.05780      17.45420
      30.06800      17.45847
      30.07810      17.46274
      30.08830      17.46711
      30.09840      17.47149
      30.10860      17.47595
      30.11880      17.48047
      30.12890      17.48500
      30.13910      17.48962
      30.14930      17.49430
      30.15940      17.49899
      30.16960      17.50378
      30.17980      17.50862
      30.18990      17.51348
      30.20010      17.51844
      30.21030      17.52346
      30.22040      17.52849
      30.23060      17.53363
      30.24080      17.53884
      30.25090      17.54405
      30.26110      17.54938
      30.27120      17.55472
      30.28140      17.56018
      30.29160      17.56571
      30.30170      17.57125
      30.31190      17.57691
      30.32210      17.58265
      30.33220      17.58840
      30.34240      17.59427
      30.35260      17.60023
      30.36270      17.60619
      30.37290      17.61229
      30.38310      17.61847
      30.39320      17.62467
      30.40340      17.63100
      30.41350      17.63735
      30.42370      17.64385
      30.43390      17.65043
      30.44400      17.65702
      30.45420      17.66377
      30.46440      17.67060
      30.47450      17.67746
      30.48470      17.68447
      30.49490      17.69157
      30.50500      17.69869
      30.51520      17.70598
      30.52540      17.71336
      30.53550      17.72077
      30.54570      17.72834
      30.55590      17.73601
      30.56600      17.74371
      30.57620      17.75159
      30.58630      17.75948
      30.59650      17.76757
      30.60670      17.77575
      30.61680      17.78397
      30.62700      17.79237
      30.63720      17.80089
      30.64730      17.80943
      30.65750      17.81817
      30.66770      17.82703
      30.67780      17.83592
      30.68800      17.84501
      30.69820      17.85423
      30.70830      17.86347
      30.71850      17.87293
      30.72860      17.88242
      30.73880      17.89213
      30.74900      17.90197
      30.75910      17.91184
      30.76930      17.92195
      30.77950      17.93218
      30.78960      17.94246
      30.79980      17.95297
      30.81000      17.96362
      30.82010      17.97430
      30.83030      17.98524
      30.84050      17.99632
      30.85060      18.00743
      30.86080      18.01881
      30.87100      18.03034
      30.88110      18.04190
      30.89130      18.05373
      30.90140      18.06560
      30.91160      18.07775
      30.92180      18.09006
      30.93190      18.10240
      30.94210      18.11503
      30.95230      18.12783
      30.96240      18.14067
      30.97260      18.15381
      30.98280      18.16712
      30.99290      18.18047
      31.00310      18.19412
      31.01330      18.20796
      31.02340      18.22184
      31.03360      18.23604
      31.04370      18.25028
      31.05390      18.26484
      31.06410      18.27960
      31.07420      18.29440
      31.08440      18.30953
      31.09460      18.32487
      31.10470      18.34024
      31.11490      18.35596
      31.12510      18.37189
      31.13520      18.38786
      31.14540      18.40419
      31.15560      18.42072
      31.16570      18.43731
      31.17590      18.45426
      31.18600      18.47126
      31.19620      18.48864
      31.20640      18.50624
      31.21650      18.52388
      31.22670      18.54192
      31.23690      18.56018
      31.24700      18.57848
      31.25720      18.59719
      31.26740      18.61613
      31.27750      18.63511
      31.28770      18.65451
      31.29790      18.67414
      31.30800      18.69382
      31.31820      18.71392
      31.32840      18.73427
      31.33850      18.75465
      31.34870      18.77549
      31.35880      18.79636
      31.36900      18.81768
      31.37920      18.83925
      31.38930      18.86086
      31.39950      18.88293
      31.40970      18.90526
      31.41980      18.92762
      31.43000      18.95047
      31.44020      18.97357
      31.45030      18.99670
      31.46050      19.02032
      31.47070      19.04420
      31.48080      19.06812
      31.49100      19.09254
      31.50110      19.11698
      31.51130      19.14193
      31.52150      19.16716
      31.53160      19.19241
      31.54180      19.21818
      31.55200      19.24423
      31.56210      19.27029
      31.57230      19.29689
      31.58250      19.32377
      31.59260      19.35065
      31.60280      19.37809
      31.61300      19.40581
      31.62310      19.43353
      31.63330      19.46181
      31.64350      19.49038
      31.65360      19.51895
      31.66380      19.54807
      31.67390      19.57721
      31.68410      19.60691
      31.69430      19.63690
      31.70440      19.66688
      31.71460      19.69744
      31.72480      19.72830
      31.73490      19.75913
      31.74510      19.79056
      31.75530      19.82227
      31.76540      19.85396
      31.77560      19.88625
      31.78580      19.91882
      31.79590      19.95136
      31.80610      19.98450
      31.81620      20.01760
      31.82640      20.05132
      31.83660      20.08531
      31.84670      20.11926
      31.85690      20.15381
      31.86710      20.18865
      31.87720      20.22342
      31.88740      20.25882
      31.89760      20.29449
      31.90770      20.33009
      31.91790      20.36630
      31.92810      20.40279
      31.93820      20.43918
      31.94840      20.47620
      31.95860      20.51348
      31.96870      20.55066
      31.97890      20.58846
      31.98900      20.62614
      31.99920      20.66444
      32.00940      20.70299
      32.01950      20.74140
      32.02970      20.78044
      32.03990      20.81971
      32.05000      20.85881
      32.06020      20.89854
      32.07040      20.93849
      32.08050      20.97827
      32.09070      21.01864
      32.10090      21.05923
      32.11100      21.09962
      32.12120      21.14061
      32.13130      21.18138
      32.14150      21.22272
      32.15170      21.26425
      32.16180      21.30555
      32.17200      21.34741
      32.18220      21.38943
      32.19230      21.43116
      32.20250      21.47346
      32.21270      21.51590
      32.22280      21.55803
      32.23300      21.60070
      32.24320      21.64345
      32.25330      21.68589
      32.26350      21.72883
      32.27370      21.77184
      32.28380      21.81448
      32.29400      21.85760
      32.30410      21.90034
      32.31430      21.94353
      32.32450      21.98673
      32.33460      22.02950
      32.34480      22.07269
      32.35500      22.11586
      32.36510      22.15857
      32.37530      22.20164
      32.38550      22.24465
      32.39560      22.28714
      32.40580      22.32997
      32.41600      22.37268
      32.42610      22.41486
      32.43630      22.45728
      32.44640      22.49915
      32.45660      22.54125
      32.46680      22.58315
      32.47690      22.62441
      32.48710      22.66587
      32.49730      22.70707
      32.50740      22.74761
      32.51760      22.78825
      32.52780      22.82859
      32.53790      22.86819
      32.54810      22.90785
      32.55830      22.94714
      32.56840      22.98566
      32.57860      23.02415
      32.58880      23.06219
      32.59890      23.09943
      32.60910      23.13657
      32.61920      23.17285
      32.62940      23.20897
      32.63960      23.24455
      32.64970      23.27924
      32.65990      23.31368
      32.67010      23.34753
      32.68020      23.38041
      32.69040      23.41298
      32.70060      23.44488
      32.71070      23.47579
      32.72090      23.50629
      32.73110      23.53605
      32.74120      23.56478
      32.75140      23.59302
      32.76150      23.62020
      32.77170      23.64684
      32.78190      23.67262
      32.79200      23.69732
      32.80220      23.72139
      32.81240      23.74457
      32.82250      23.76661
      32.83270      23.78795
      32.84290      23.80834
      32.85300      23.82759
      32.86320      23.84604
      32.87340      23.86350
      32.88350      23.87979
      32.89370      23.89522
      32.90390      23.90962
      32.91400      23.92284
      32.92420      23.93513
      32.93430      23.94626
      32.94450      23.95641
      32.95470      23.96547
      32.96480      23.97337
      32.97500      23.98023
      32.98520      23.98599
      32.99530      23.99059
      33.00550      23.99412
      33.01570      23.99653
      33.02580      23.99780
      33.03600      23.99796
      33.04620      23.99700
      33.05630      23.99493
      33.06650      23.99172
      33.07660      23.98744
      33.08680      23.98200
      33.09700      23.97544
      33.10710      23.96785
      33.11730      23.95910
      33.12750      23.94924
      33.13760      23.93841
      33.14780      23.92640
      33.15800      23.91332
      33.16810      23.89934
      33.17830      23.88417
      33.18850      23.86796
      33.19860      23.85091
      33.20880      23.83269
      33.21890      23.81368
      33.22910      23.79351
      33.23930      23.77237
      33.24940      23.75052
      33.25960      23.72752
      33.26980      23.70363
      33.27990      23.67909
      33.29010      23.65344
      33.30030      23.62694
      33.31040      23.59989
      33.32060      23.57176
      33.33080      23.54283
      33.34090      23.51343
      33.35110      23.48299
      33.36130      23.45183
      33.37140      23.42029
      33.38160      23.38774
      33.39170      23.35486
      33.40190      23.32101
      33.41210      23.28655
      33.42220      23.25184
      33.43240      23.21621
      33.44260      23.18002
      33.45270      23.14367
      33.46290      23.10646
      33.47310      23.06874
      33.48320      23.03094
      33.49340      22.99232
      33.50360      22.95327
      33.51370      22.91422
      33.52390      22.87439
      33.53400      22.83459
      33.54420      22.79406
      33.55440      22.75321
      33.56450      22.71247
      33.57470      22.67103
      33.58490      22.62933
      33.59500      22.58779
      33.60520      22.54562
      33.61540      22.50325
      33.62550      22.46110
      33.63570      22.41835
      33.64590      22.37545
      33.65600      22.33284
      33.66620      22.28968
      33.67640      22.24640
      33.68650      22.20346
      33.69670      22.16002
      33.70680      22.11696
      33.71700      22.07340
      33.72720      22.02982
      33.73730      21.98664
      33.74750      21.94303
      33.75770      21.89942
      33.76780      21.85627
      33.77800      21.81271
      33.78820      21.76920
      33.79830      21.72616
      33.80850      21.68278
      33.81870      21.63946
      33.82880      21.59664
      33.83900      21.55350
      33.84910      21.51090
      33.85930      21.46798
      33.86950      21.42519
      33.87960      21.38294
      33.88980      21.34042
      33.90000      21.29804
      33.91010      21.25626
      33.92030      21.21420
      33.93050      21.17232
      33.94060      21.13103
      33.95080      21.08951
      33.96100      21.04820
      33.97110      21.00747
      33.98130      20.96655
      33.99150      20.92583
      34.00160      20.88574
      34.01180      20.84546
      34.02190      20.80578
      34.03210      20.76595
      34.04230      20.72636
      34.05240      20.68739
      34.06260      20.64827
      34.07280      20.60940
      34.08290      20.57115
      34.09310      20.53277
      34.10330      20.49467
      34.11340      20.45718
      34.12360      20.41958
      34.13380      20.38224
      34.14390      20.34553
      34.15410      20.30874
      34.16420      20.27256
      34.17440      20.23630
      34.18460      20.20032
      34.19470      20.16497
      34.20490      20.12954
      34.21510      20.09438
      34.22520      20.05985
      34.23540      20.02526
      34.24560      19.99095
      34.25570      19.95727
      34.26590      19.92353
      34.27610      19.89007
      34.28620      19.85723
      34.29640      19.82436
      34.30660      19.79176
      34.31670      19.75977
      34.32690      19.72774
      34.33700      19.69631
      34.34720      19.66488
      34.35740      19.63372
      34.36750      19.60314
      34.37770      19.57255
      34.38790      19.54225
      34.39800      19.51254
      34.40820      19.48281
      34.41840      19.45337
      34.42850      19.42449
      34.43870      19.39562
      34.44890      19.36704
      34.45900      19.33900
      34.46920      19.31097
      34.47930      19.28350
      34.48950      19.25604
      34.49970      19.22885
      34.50980      19.20220
      34.52000      19.17556
      34.53020      19.14920
      34.54030      19.12338
      34.55050      19.09757
      34.56070      19.07203
      34.57080      19.04700
      34.58100      19.02200
      34.59120      18.99727
      34.60130      18.97305
      34.61150      18.94884
      34.62170      18.92490
      34.63180      18.90145
      34.64200      18.87804
      34.65210      18.85511
      34.66230      18.83220
      34.67250      18.80956
      34.68260      18.78738
      34.69280      18.76524
      34.70300      18.74335
      34.71310      18.72191
      34.72330      18.70051
      34.73350      18.67935
      34.74360      18.65865
      34.75380      18.63798
      34.76400      18.61755
      34.77410      18.59755
      34.78430      18.57759
      34.79440      18.55806
      34.80460      18.53856
      34.81480      18.51929
      34.82490      18.50044
      34.83510      18.48163
      34.84530      18.46304
      34.85540      18.44485
      34.86560      18.42670
      34.87580      18.40877
      34.88590      18.39123
      34.89610      18.37373
      34.90630      18.35644
      34.91640      18.33952
      34.92660      18.32265
      34.93670      18.30615
      34.94690      18.28968
      34.95710      18.27342
      34.96720      18.25751
      34.97740      18.24164
      34.98760      18.22597
      34.99770      18.21065
      35.00790      18.19536
      35.01810      18.18026
      35.02820      18.16550
      35.03840      18.15077
      35.04860      18.13623
      35.05870      18.12201
      35.06890      18.10783
      35.07910      18.09382
      35.08920      18.08013
      35.09940      18.06647
      35.10950      18.05312
      35.11970      18.03980
      35.12990      18.02665
      35.14000      18.01380
      35.15020      18.00098
      35.16040      17.98832
      35.17050      17.97594
      35.18070      17.96360
      35.19090      17.95141
      35.20100      17.93950
      35.21120      17.92761
      35.22140      17.91588
      35.23150      17.90442
      35.24170      17.89298
      35.25180      17.88179
      35.26200      17.87064
      35.27220      17.85963
      35.28230      17.84887
      35.29250      17.83813
      35.30270      17.82754
      35.31280      17.81717
      35.32300      17.80684
      35.33320      17.79664
      35.34330      17.78666
      35.35350      17.77671
      35.36370      17.76688
      35.37380      17.75728
      35.38400      17.74770
      35.39420      17.73824
      35.40430      17.72899
      35.41450      17.71976
      35.42460      17.71074
      35.43480      17.70175
      35.44500      17.69286
      35.45510      17.68417
      35.46530      17.67550
      35.47550      17.66694
      35.48560      17.65857
      35.49580      17.65022
      35.50600      17.64197
      35.51610      17.63391
      35.52630      17.62586
      35.53650      17.61791
      35.54660      17.61014
      35.55680      17.60238
      35.56690      17.59480
      35.57710      17.58723
      35.58730      17.57975
      35.59740      17.57243
      35.60760      17.56513
      35.61780      17.55792
      35.62790      17.55086
      35.63810      17.54382
      35.64830      17.53686
      35.65840      17.53005
      35.66860      17.52326
      35.67880      17.51654
      35.68890      17.50997
      35.69910      17.50341
      35.70930      17.49693
      35.71940      17.49059
      35.72960      17.48425
      35.73970      17.47805
      35.74990      17.47186
      35.76010      17.46574
      35.77020      17.45975
      35.78040      17.45377
      35.79060      17.44786
      35.80070      17.44207
      35.81090      17.43629
      35.82110      17.43058
      35.83120      17.42498
      35.84140      17.41939
      35.85160      17.41386
      35.86170      17.40845
      35.87190      17.40304
      35.88200      17.39774
      35.89220      17.39245
      35.90240      17.38721
      35.91250      17.38209
      35.92270      17.37696
      35.93290      17.37190
      35.94300      17.36693
      35.95320      17.36197
      35.96340      17.35706
      35.97350      17.35225
      35.98370      17.34744
      35.99390      17.34268
      36.00400      17.33802
      36.01420      17.33336
