! TITLE: Yobs                                                                                                                                                                                                                                                            
! Peak:  7
       6.00860      24.59156
       6.01870      24.59803
       6.02890      24.60457
       6.03910      24.61113
       6.04920      24.61764
       6.05940      24.62423
       6.06960      24.63084
       6.07970      24.63740
       6.08990      24.64404
       6.10010      24.65069
       6.11020      24.65729
       6.12040      24.66398
       6.13060      24.67068
       6.14070      24.67734
       6.15090      24.68407
       6.16110      24.69082
       6.17120      24.69752
       6.18140      24.70431
       6.19150      24.71104
       6.20170      24.71786
       6.21190      24.72469
       6.22200      24.73147
       6.23220      24.73834
       6.24240      24.74522
       6.25250      24.75206
       6.26270      24.75897
       6.27290      24.76591
       6.28300      24.77279
       6.29320      24.77976
       6.30340      24.78675
       6.31350      24.79368
       6.32370      24.80070
       6.33380      24.80767
       6.34400      24.81473
       6.35420      24.82180
       6.36430      24.82882
       6.37450      24.83593
       6.38470      24.84306
       6.39480      24.85013
       6.40500      24.85729
       6.41520      24.86448
       6.42530      24.87160
       6.43550      24.87882
       6.44570      24.88605
       6.45580      24.89324
       6.46600      24.90051
       6.47620      24.90780
       6.48630      24.91504
       6.49650      24.92237
       6.50660      24.92964
       6.51680      24.93700
       6.52700      24.94439
       6.53710      24.95172
       6.54730      24.95914
       6.55750      24.96658
       6.56760      24.97397
       6.57780      24.98145
       6.58800      24.98895
       6.59810      24.99639
       6.60830      25.00393
       6.61850      25.01149
       6.62860      25.01899
       6.63880      25.02659
       6.64890      25.03413
       6.65910      25.04177
       6.66930      25.04942
       6.67940      25.05703
       6.68960      25.06472
       6.69980      25.07244
       6.70990      25.08010
       6.72010      25.08786
       6.73030      25.09564
       6.74040      25.10336
       6.75060      25.11118
       6.76080      25.11902
       6.77090      25.12681
       6.78110      25.13469
       6.79130      25.14260
       6.80140      25.15044
       6.81160      25.15839
       6.82170      25.16628
       6.83190      25.17427
       6.84210      25.18228
       6.85220      25.19024
       6.86240      25.19829
       6.87260      25.20637
       6.88270      25.21438
       6.89290      25.22251
       6.90310      25.23065
       6.91320      25.23873
       6.92340      25.24692
       6.93360      25.25513
       6.94370      25.26328
       6.95390      25.27153
       6.96400      25.27973
       6.97420      25.28803
       6.98440      25.29635
       6.99450      25.30462
       7.00470      25.31299
       7.01490      25.32138
       7.02500      25.32971
       7.03520      25.33815
       7.04540      25.34661
       7.05550      25.35501
       7.06570      25.36353
       7.07590      25.37206
       7.08600      25.38053
       7.09620      25.38911
       7.10640      25.39772
       7.11650      25.40627
       7.12670      25.41492
       7.13680      25.42352
       7.14700      25.43222
       7.15720      25.44095
       7.16730      25.44962
       7.17750      25.45839
       7.18770      25.46720
       7.19780      25.47594
       7.20800      25.48479
       7.21820      25.49367
       7.22830      25.50249
       7.23850      25.51142
       7.24870      25.52038
       7.25880      25.52927
       7.26900      25.53828
       7.27910      25.54722
       7.28930      25.55628
       7.29950      25.56537
       7.30960      25.57439
       7.31980      25.58353
       7.33000      25.59270
       7.34010      25.60180
       7.35030      25.61102
       7.36050      25.62027
       7.37060      25.62945
       7.38080      25.63875
       7.39100      25.64808
       7.40110      25.65735
       7.41130      25.66673
       7.42150      25.67614
       7.43160      25.68549
       7.44180      25.69496
       7.45190      25.70436
       7.46210      25.71389
       7.47230      25.72344
       7.48240      25.73293
       7.49260      25.74254
       7.50280      25.75218
       7.51290      25.76175
       7.52310      25.77145
       7.53330      25.78117
       7.54340      25.79083
       7.55360      25.80062
       7.56380      25.81043
       7.57390      25.82018
       7.58410      25.83006
       7.59420      25.83986
       7.60440      25.84980
       7.61460      25.85976
       7.62470      25.86966
       7.63490      25.87969
       7.64510      25.88975
       7.65520      25.89973
       7.66540      25.90985
       7.67560      25.92000
       7.68570      25.93009
       7.69590      25.94030
       7.70610      25.95054
       7.71620      25.96072
       7.72640      25.97103
       7.73650      25.98127
       7.74670      25.99164
       7.75690      26.00204
       7.76700      26.01238
       7.77720      26.02285
       7.78740      26.03335
       7.79750      26.04379
       7.80770      26.05436
       7.81790      26.06496
       7.82800      26.07549
       7.83820      26.08616
       7.84840      26.09686
       7.85850      26.10750
       7.86870      26.11827
       7.87890      26.12907
       7.88900      26.13981
       7.89920      26.15068
       7.90930      26.16149
       7.91950      26.17243
       7.92970      26.18341
       7.93980      26.19432
       7.95000      26.20537
       7.96020      26.21645
       7.97030      26.22746
       7.98050      26.23862
       7.99070      26.24981
       8.00080      26.26093
       8.01100      26.27220
       8.02120      26.28350
       8.03130      26.29473
       8.04150      26.30611
       8.05160      26.31741
       8.06180      26.32886
       8.07200      26.34035
       8.08210      26.35176
       8.09230      26.36332
       8.10250      26.37492
       8.11260      26.38645
       8.12280      26.39813
       8.13300      26.40984
       8.14310      26.42148
       8.15330      26.43328
       8.16350      26.44511
       8.17360      26.45687
       8.18380      26.46878
       8.19400      26.48073
       8.20410      26.49260
       8.21430      26.50463
       8.22440      26.51658
       8.23460      26.52870
       8.24480      26.54085
       8.25490      26.55292
       8.26510      26.56516
       8.27530      26.57743
       8.28540      26.58963
       8.29560      26.60198
       8.30580      26.61438
       8.31590      26.62670
       8.32610      26.63919
       8.33630      26.65171
       8.34640      26.66416
       8.35660      26.67677
       8.36670      26.68930
       8.37690      26.70199
       8.38710      26.71474
       8.39720      26.72739
       8.40740      26.74022
       8.41760      26.75309
       8.42770      26.76588
       8.43790      26.77884
       8.44810      26.79185
       8.45820      26.80477
       8.46840      26.81786
       8.47860      26.83100
       8.48870      26.84406
       8.49890      26.85729
       8.50910      26.87056
       8.51920      26.88376
       8.52940      26.89713
       8.53950      26.91041
       8.54970      26.92387
       8.55990      26.93738
       8.57000      26.95080
       8.58020      26.96441
       8.59040      26.97806
       8.60050      26.99162
       8.61070      27.00537
       8.62090      27.01916
       8.63100      27.03287
       8.64120      27.04676
       8.65140      27.06070
       8.66150      27.07456
       8.67170      27.08860
       8.68180      27.10255
       8.69200      27.11669
       8.70220      27.13087
       8.71230      27.14498
       8.72250      27.15927
       8.73270      27.17361
       8.74280      27.18786
       8.75300      27.20230
       8.76320      27.21679
       8.77330      27.23120
       8.78350      27.24580
       8.79370      27.26045
       8.80380      27.27501
       8.81400      27.28977
       8.82420      27.30457
       8.83430      27.31929
       8.84450      27.33421
       8.85460      27.34903
       8.86480      27.36406
       8.87500      27.37913
       8.88510      27.39412
       8.89530      27.40931
       8.90550      27.42455
       8.91560      27.43970
       8.92580      27.45505
       8.93600      27.47046
       8.94610      27.48577
       8.95630      27.50129
       8.96650      27.51687
       8.97660      27.53235
       8.98680      27.54804
       8.99690      27.56364
       9.00710      27.57944
       9.01730      27.59531
       9.02740      27.61108
       9.03760      27.62706
       9.04780      27.64310
       9.05790      27.65904
       9.06810      27.67520
       9.07830      27.69141
       9.08840      27.70753
       9.09860      27.72387
       9.10880      27.74027
       9.11890      27.75657
       9.12910      27.77308
       9.13930      27.78967
       9.14940      27.80614
       9.15960      27.82285
       9.16970      27.83945
       9.17990      27.85628
       9.19010      27.87317
       9.20020      27.88996
       9.21040      27.90697
       9.22060      27.92405
       9.23070      27.94103
       9.24090      27.95824
       9.25110      27.97551
       9.26120      27.99268
       9.27140      28.01008
       9.28160      28.02755
       9.29170      28.04491
       9.30190      28.06251
       9.31200      28.08000
       9.32220      28.09773
       9.33240      28.11553
       9.34250      28.13322
       9.35270      28.15115
       9.36290      28.16915
       9.37300      28.18704
       9.38320      28.20518
       9.39340      28.22338
       9.40350      28.24147
       9.41370      28.25982
       9.42390      28.27823
       9.43400      28.29653
       9.44420      28.31508
       9.45440      28.33371
       9.46450      28.35222
       9.47470      28.37098
       9.48480      28.38963
       9.49500      28.40854
       9.50520      28.42752
       9.51530      28.44639
       9.52550      28.46551
       9.53570      28.48471
       9.54580      28.50379
       9.55600      28.52314
       9.56620      28.54256
       9.57630      28.56186
       9.58650      28.58143
       9.59670      28.60107
       9.60680      28.62059
       9.61700      28.64039
       9.62710      28.66006
       9.63730      28.68001
       9.64750      28.70003
       9.65760      28.71994
       9.66780      28.74011
       9.67800      28.76037
       9.68810      28.78050
       9.69830      28.80091
       9.70850      28.82140
       9.71860      28.84177
       9.72880      28.86242
       9.73900      28.88315
       9.74910      28.90375
       9.75930      28.92464
       9.76940      28.94541
       9.77960      28.96646
       9.78980      28.98759
       9.79990      29.00860
       9.81010      29.02989
       9.82030      29.05127
       9.83040      29.07253
       9.84060      29.09407
       9.85080      29.11570
       9.86090      29.13720
       9.87110      29.15900
       9.88130      29.18088
       9.89140      29.20263
       9.90160      29.22469
       9.91180      29.24683
       9.92190      29.26883
       9.93210      29.29115
       9.94220      29.31332
       9.95240      29.33581
       9.96260      29.35839
       9.97270      29.38083
       9.98290      29.40357
       9.99310      29.42642
      10.00320      29.44912
      10.01340      29.47214
      10.02360      29.49524
      10.03370      29.51822
      10.04390      29.54151
      10.05410      29.56489
      10.06420      29.58813
      10.07440      29.61169
      10.08450      29.63512
      10.09470      29.65887
      10.10490      29.68271
      10.11500      29.70641
      10.12520      29.73044
      10.13540      29.75457
      10.14550      29.77855
      10.15570      29.80286
      10.16590      29.82727
      10.17600      29.85154
      10.18620      29.87614
      10.19640      29.90084
      10.20650      29.92539
      10.21670      29.95028
      10.22690      29.97527
      10.23700      30.00012
      10.24720      30.02530
      10.25730      30.05034
      10.26750      30.07573
      10.27770      30.10122
      10.28780      30.12655
      10.29800      30.15224
      10.30820      30.17802
      10.31830      30.20366
      10.32850      30.22965
      10.33870      30.25575
      10.34880      30.28169
      10.35900      30.30799
      10.36920      30.33439
      10.37930      30.36064
      10.38950      30.38725
      10.39960      30.41371
      10.40980      30.44053
      10.42000      30.46746
      10.43010      30.49423
      10.44030      30.52137
      10.45050      30.54862
      10.46060      30.57570
      10.47080      30.60317
      10.48100      30.63074
      10.49110      30.65815
      10.50130      30.68594
      10.51150      30.71384
      10.52160      30.74157
      10.53180      30.76970
      10.54200      30.79793
      10.55210      30.82599
      10.56230      30.85444
      10.57240      30.88273
      10.58260      30.91141
      10.59280      30.94020
      10.60290      30.96882
      10.61310      30.99784
      10.62330      31.02698
      10.63340      31.05594
      10.64360      31.08531
      10.65380      31.11479
      10.66390      31.14409
      10.67410      31.17381
      10.68430      31.20364
      10.69440      31.23329
      10.70460      31.26336
      10.71470      31.29324
      10.72490      31.32355
      10.73510      31.35397
      10.74520      31.38421
      10.75540      31.41488
      10.76560      31.44566
      10.77570      31.47626
      10.78590      31.50729
      10.79610      31.53844
      10.80620      31.56940
      10.81640      31.60080
      10.82660      31.63232
      10.83670      31.66365
      10.84690      31.69541
      10.85710      31.72730
      10.86720      31.75901
      10.87740      31.79115
      10.88750      31.82310
      10.89770      31.85550
      10.90790      31.88802
      10.91800      31.92036
      10.92820      31.95313
      10.93840      31.98604
      10.94850      32.01875
      10.95870      32.05192
      10.96890      32.08522
      10.97900      32.11832
      10.98920      32.15187
      10.99940      32.18557
      11.00950      32.21906
      11.01970      32.25301
      11.02980      32.28677
      11.04000      32.32098
      11.05020      32.35534
      11.06030      32.38949
      11.07050      32.42411
      11.08070      32.45887
      11.09080      32.49343
      11.10100      32.52846
      11.11120      32.56363
      11.12130      32.59858
      11.13150      32.63403
      11.14170      32.66961
      11.15180      32.70498
      11.16200      32.74084
      11.17220      32.77684
      11.18230      32.81263
      11.19250      32.84891
      11.20260      32.88497
      11.21280      32.92154
      11.22300      32.95824
      11.23310      32.99472
      11.24330      33.03172
      11.25350      33.06886
      11.26360      33.10577
      11.27380      33.14319
      11.28400      33.18076
      11.29410      33.21811
      11.30430      33.25597
      11.31450      33.29397
      11.32460      33.33176
      11.33480      33.37006
      11.34490      33.40813
      11.35510      33.44673
      11.36530      33.48547
      11.37540      33.52399
      11.38560      33.56304
      11.39580      33.60223
      11.40590      33.64120
      11.41610      33.68070
      11.42630      33.72036
      11.43640      33.75977
      11.44660      33.79973
      11.45680      33.83984
      11.46690      33.87971
      11.47710      33.92014
      11.48730      33.96071
      11.49740      34.00105
      11.50760      34.04193
      11.51770      34.08257
      11.52790      34.12377
      11.53810      34.16513
      11.54820      34.20624
      11.55840      34.24792
      11.56860      34.28975
      11.57870      34.33134
      11.58890      34.37349
      11.59910      34.41581
      11.60920      34.45787
      11.61940      34.50051
      11.62960      34.54331
      11.63970      34.58585
      11.64990      34.62898
      11.66000      34.67184
      11.67020      34.71530
      11.68040      34.75892
      11.69050      34.80227
      11.70070      34.84622
      11.71090      34.89034
      11.72100      34.93419
      11.73120      34.97864
      11.74140      35.02325
      11.75150      35.06760
      11.76170      35.11256
      11.77190      35.15768
      11.78200      35.20253
      11.79220      35.24800
      11.80230      35.29319
      11.81250      35.33899
      11.82270      35.38497
      11.83280      35.43067
      11.84300      35.47699
      11.85320      35.52349
      11.86330      35.56970
      11.87350      35.61655
      11.88370      35.66357
      11.89380      35.71030
      11.90400      35.75767
      11.91420      35.80522
      11.92430      35.85247
      11.93450      35.90038
      11.94470      35.94846
      11.95480      35.99624
      11.96500      36.04468
      11.97510      36.09282
      11.98530      36.14161
      11.99550      36.19059
      12.00560      36.23927
      12.01580      36.28860
      12.02600      36.33813
      12.03610      36.38734
      12.04630      36.43723
      12.05650      36.48730
      12.06660      36.53706
      12.07680      36.58749
      12.08700      36.63812
      12.09710      36.68843
      12.10730      36.73942
      12.11740      36.79010
      12.12760      36.84146
      12.13780      36.89302
      12.14790      36.94426
      12.15810      36.99619
      12.16830      37.04831
      12.17840      37.10011
      12.18860      37.15260
      12.19880      37.20530
      12.20890      37.25766
      12.21910      37.31073
      12.22930      37.36399
      12.23940      37.41692
      12.24960      37.47058
      12.25980      37.52442
      12.26990      37.57793
      12.28010      37.63215
      12.29020      37.68605
      12.30040      37.74067
      12.31060      37.79548
      12.32070      37.84995
      12.33090      37.90517
      12.34110      37.96057
      12.35120      38.01563
      12.36140      38.07143
      12.37160      38.12744
      12.38170      38.18308
      12.39190      38.23949
      12.40210      38.29609
      12.41220      38.35233
      12.42240      38.40934
      12.43250      38.46598
      12.44270      38.52338
      12.45290      38.58099
      12.46300      38.63824
      12.47320      38.69625
      12.48340      38.75447
      12.49350      38.81232
      12.50370      38.87095
      12.51390      38.92978
      12.52400      38.98824
      12.53420      39.04748
      12.54440      39.10694
      12.55450      39.16601
      12.56470      39.22588
      12.57490      39.28595
      12.58500      39.34565
      12.59520      39.40614
      12.60530      39.46625
      12.61550      39.52716
      12.62570      39.58828
      12.63580      39.64902
      12.64600      39.71056
      12.65620      39.77232
      12.66630      39.83368
      12.67650      39.89586
      12.68670      39.95826
      12.69680      40.02025
      12.70700      40.08307
      12.71720      40.14611
      12.72730      40.20874
      12.73750      40.27221
      12.74760      40.33527
      12.75780      40.39917
      12.76800      40.46328
      12.77810      40.52699
      12.78830      40.59153
      12.79850      40.65630
      12.80860      40.72066
      12.81880      40.78586
      12.82900      40.85129
      12.83910      40.91629
      12.84930      40.98215
      12.85950      41.04824
      12.86960      41.11390
      12.87980      41.18042
      12.89000      41.24717
      12.90010      41.31348
      12.91030      41.38068
      12.92040      41.44743
      12.93060      41.51508
      12.94080      41.58294
      12.95090      41.65036
      12.96110      41.71867
      12.97130      41.78721
      12.98140      41.85530
      12.99160      41.92429
      13.00180      41.99350
      13.01190      42.06227
      13.02210      42.13194
      13.03230      42.20184
      13.04240      42.27127
      13.05260      42.34162
      13.06270      42.41151
      13.07290      42.48232
      13.08310      42.55336
      13.09320      42.62393
      13.10340      42.69543
      13.11360      42.76715
      13.12370      42.83841
      13.13390      42.91060
      13.14410      42.98303
      13.15420      43.05497
      13.16440      43.12786
      13.17460      43.20097
      13.18470      43.27361
      13.19490      43.34719
      13.20510      43.42102
      13.21520      43.49435
      13.22540      43.56863
      13.23550      43.64243
      13.24570      43.71718
      13.25590      43.79218
      13.26600      43.86666
      13.27620      43.94213
      13.28640      44.01783
      13.29650      44.09302
      13.30670      44.16919
      13.31690      44.24561
      13.32700      44.32150
      13.33720      44.39840
      13.34740      44.47552
      13.35750      44.55213
      13.36770      44.62973
      13.37780      44.70681
      13.38800      44.78489
      13.39820      44.86321
      13.40830      44.94101
      13.41850      45.01981
      13.42870      45.09885
      13.43880      45.17735
      13.44900      45.25688
      13.45920      45.33665
      13.46930      45.41587
      13.47950      45.49612
      13.48970      45.57662
      13.49980      45.65656
      13.51000      45.73754
      13.52010      45.81796
      13.53030      45.89943
      13.54050      45.98114
      13.55060      46.06229
      13.56080      46.14448
      13.57100      46.22693
      13.58110      46.30881
      13.59130      46.39174
      13.60150      46.47491
      13.61160      46.55752
      13.62180      46.64119
      13.63200      46.72510
      13.64210      46.80844
      13.65230      46.89284
      13.66250      46.97750
      13.67260      47.06156
      13.68280      47.14671
      13.69290      47.23126
      13.70310      47.31691
      13.71330      47.40279
      13.72340      47.48809
      13.73360      47.57447
      13.74380      47.66111
      13.75390      47.74713
      13.76410      47.83426
      13.77430      47.92164
      13.78440      48.00841
      13.79460      48.09628
      13.80480      48.18441
      13.81490      48.27193
      13.82510      48.36055
      13.83520      48.44855
      13.84540      48.53767
      13.85560      48.62705
      13.86570      48.71579
      13.87590      48.80567
      13.88610      48.89579
      13.89620      48.98529
      13.90640      49.07591
      13.91660      49.16679
      13.92670      49.25702
      13.93690      49.34841
      13.94710      49.44004
      13.95720      49.53102
      13.96740      49.62315
      13.97760      49.71555
      13.98770      49.80727
      13.99790      49.90016
      14.00800      49.99239
      14.01820      50.08578
      14.02840      50.17943
      14.03850      50.27240
      14.04870      50.36655
      14.05890      50.46095
      14.06900      50.55468
      14.07920      50.64958
      14.08940      50.74474
      14.09950      50.83921
      14.10970      50.93488
      14.11990      51.03080
      14.13000      51.12603
      14.14020      51.22244
      14.15030      51.31817
      14.16050      51.41509
      14.17070      51.51228
      14.18080      51.60876
      14.19100      51.70643
      14.20120      51.80437
      14.21130      51.90160
      14.22150      52.00004
      14.23170      52.09874
      14.24180      52.19671
      14.25200      52.29591
      14.26220      52.39537
      14.27230      52.49409
      14.28250      52.59406
      14.29270      52.69426
      14.30280      52.79374
      14.31300      52.89445
      14.32310      52.99443
      14.33330      53.09565
      14.34350      53.19713
      14.35360      53.29785
      14.36380      53.39983
      14.37400      53.50205
      14.38410      53.60353
      14.39430      53.70627
      14.40450      53.80925
      14.41460      53.91148
      14.42480      54.01496
      14.43500      54.11870
      14.44510      54.22166
      14.45530      54.32591
      14.46540      54.42937
      14.47560      54.53412
      14.48580      54.63911
      14.49590      54.74332
      14.50610      54.84882
      14.51630      54.95456
      14.52640      55.05951
      14.53660      55.16576
      14.54680      55.27225
      14.55690      55.37796
      14.56710      55.48495
      14.57730      55.59219
      14.58740      55.69864
      14.59760      55.80637
      14.60780      55.91436
      14.61790      56.02154
      14.62810      56.13003
      14.63820      56.23769
      14.64840      56.34668
      14.65860      56.45590
      14.66870      56.56430
      14.67890      56.67403
      14.68910      56.78400
      14.69920      56.89313
      14.70940      57.00360
      14.71960      57.11430
      14.72970      57.22417
      14.73990      57.33537
      14.75010      57.44682
      14.76020      57.55741
      14.77040      57.66934
      14.78050      57.78043
      14.79070      57.89284
      14.80090      58.00552
      14.81100      58.11731
      14.82120      58.23047
      14.83140      58.34385
      14.84150      58.45638
      14.85170      58.57025
      14.86190      58.68438
      14.87200      58.79761
      14.88220      58.91222
      14.89240      59.02705
      14.90250      59.14101
      14.91270      59.25632
      14.92290      59.37189
      14.93300      59.48654
      14.94320      59.60258
      14.95330      59.71772
      14.96350      59.83423
      14.97370      59.95097
      14.98380      60.06681
      14.99400      60.18403
      15.00420      60.30149
      15.01430      60.41803
      15.02450      60.53595
      15.03470      60.65411
      15.04480      60.77134
      15.05500      60.88997
      15.06520      61.00882
      15.07530      61.12675
      15.08550      61.24606
      15.09560      61.36445
      15.10580      61.48423
      15.11600      61.60424
      15.12610      61.72330
      15.13630      61.84378
      15.14650      61.96447
      15.15660      62.08421
      15.16680      62.20536
      15.17700      62.32675
      15.18710      62.44717
      15.19730      62.56900
      15.20750      62.69106
      15.21760      62.81213
      15.22780      62.93464
      15.23800      63.05736
      15.24810      63.17911
      15.25830      63.30227
      15.26840      63.42445
      15.27860      63.54806
      15.28880      63.67190
      15.29890      63.79472
      15.30910      63.91899
      15.31930      64.04346
      15.32940      64.16695
      15.33960      64.29186
      15.34980      64.41699
      15.35990      64.54111
      15.37010      64.66666
      15.38030      64.79243
      15.39040      64.91718
      15.40060      65.04339
      15.41070      65.16855
      15.42090      65.29517
      15.43110      65.42198
      15.44120      65.54778
      15.45140      65.67500
      15.46160      65.80245
      15.47170      65.92885
      15.48190      66.05671
      15.49210      66.18476
      15.50220      66.31177
      15.51240      66.44023
      15.52260      66.56890
      15.53270      66.69650
      15.54290      66.82557
      15.55300      66.95357
      15.56320      67.08302
      15.57340      67.21267
      15.58350      67.34126
      15.59370      67.47131
      15.60390      67.60155
      15.61400      67.73071
      15.62420      67.86133
      15.63440      67.99215
      15.64450      68.12186
      15.65470      68.25306
      15.66490      68.38444
      15.67500      68.51472
      15.68520      68.64647
      15.69540      68.77842
      15.70550      68.90924
      15.71570      69.04155
      15.72580      69.17273
      15.73600      69.30540
      15.74620      69.43824
      15.75630      69.56997
      15.76650      69.70317
      15.77670      69.83654
      15.78680      69.96879
      15.79700      70.10251
      15.80720      70.23641
      15.81730      70.36916
      15.82750      70.50340
      15.83770      70.63780
      15.84780      70.77106
      15.85800      70.90579
      15.86810      71.03938
      15.87830      71.17444
      15.88850      71.30968
      15.89860      71.44373
      15.90880      71.57929
      15.91900      71.71500
      15.92910      71.84953
      15.93930      71.98556
      15.94950      72.12173
      15.95960      72.25674
      15.96980      72.39321
      15.98000      72.52984
      15.99010      72.66528
      16.00030      72.80221
      16.01050      72.93929
      16.02060      73.07516
      16.03080      73.21253
      16.04090      73.34869
      16.05110      73.48634
      16.06130      73.62414
      16.07140      73.76070
      16.08160      73.89877
      16.09180      74.03697
      16.10190      74.17393
      16.11210      74.31239
      16.12230      74.45097
      16.13240      74.58835
      16.14260      74.72717
      16.15280      74.86616
      16.16290      75.00391
      16.17310      75.14310
      16.18320      75.28109
      16.19340      75.42052
      16.20360      75.56011
      16.21370      75.69842
      16.22390      75.83823
      16.23410      75.97816
      16.24420      76.11680
      16.25440      76.25695
      16.26460      76.39719
      16.27470      76.53616
      16.28490      76.67662
      16.29510      76.81715
      16.30520      76.95645
      16.31540      77.09718
      16.32560      77.23804
      16.33570      77.37759
      16.34590      77.51864
      16.35600      77.65839
      16.36620      77.79960
      16.37640      77.94091
      16.38650      78.08090
      16.39670      78.22238
      16.40690      78.36395
      16.41700      78.50419
      16.42720      78.64590
      16.43740      78.78770
      16.44750      78.92817
      16.45770      79.07011
      16.46790      79.21210
      16.47800      79.35280
      16.48820      79.49491
      16.49830      79.63574
      16.50850      79.77798
      16.51870      79.92032
      16.52880      80.06129
      16.53900      80.20374
      16.54920      80.34623
      16.55930      80.48736
      16.56950      80.62997
      16.57970      80.77261
      16.58980      80.91388
      16.60000      81.05661
      16.61020      81.19939
      16.62030      81.34078
      16.63050      81.48362
      16.64070      81.62647
      16.65080      81.76800
      16.66100      81.91090
      16.67110      82.05248
      16.68130      82.19545
      16.69150      82.33846
      16.70160      82.48007
      16.71180      82.62312
      16.72200      82.76619
      16.73210      82.90785
      16.74230      83.05093
      16.75250      83.19404
      16.76260      83.33572
      16.77280      83.47881
      16.78300      83.62193
      16.79310      83.76360
      16.80330      83.90670
      16.81340      84.04838
      16.82360      84.19146
      16.83380      84.33450
      16.84390      84.47616
      16.85410      84.61916
      16.86430      84.76218
      16.87440      84.90376
      16.88460      85.04672
      16.89480      85.18967
      16.90490      85.33116
      16.91510      85.47404
      16.92530      85.61687
      16.93540      85.75826
      16.94560      85.90102
      16.95580      86.04371
      16.96590      86.18500
      16.97610      86.32761
      16.98620      86.46877
      16.99640      86.61128
      17.00660      86.75371
      17.01670      86.89472
      17.02690      87.03702
      17.03710      87.17928
      17.04720      87.32006
      17.05740      87.46218
      17.06760      87.60423
      17.07770      87.74478
      17.08790      87.88667
      17.09810      88.02847
      17.10820      88.16878
      17.11840      88.31039
      17.12850      88.45053
      17.13870      88.59196
      17.14890      88.73327
      17.15900      88.87313
      17.16920      89.01425
      17.17940      89.15524
      17.18950      89.29478
      17.19970      89.43554
      17.20990      89.57621
      17.22000      89.71537
      17.23020      89.85580
      17.24040      89.99609
      17.25050      90.13486
      17.26070      90.27490
      17.27090      90.41479
      17.28100      90.55317
      17.29120      90.69278
      17.30130      90.83086
      17.31150      90.97018
      17.32170      91.10930
      17.33180      91.24696
      17.34200      91.38577
      17.35220      91.52444
      17.36230      91.66161
      17.37250      91.79992
      17.38270      91.93808
      17.39280      92.07471
      17.40300      92.21251
      17.41320      92.35013
      17.42330      92.48620
      17.43350      92.62344
      17.44360      92.75912
      17.45380      92.89597
      17.46400      93.03262
      17.47410      93.16771
      17.48430      93.30393
      17.49450      93.43992
      17.50460      93.57440
      17.51480      93.70996
      17.52500      93.84531
      17.53510      93.97913
      17.54530      94.11401
      17.55550      94.24866
      17.56560      94.38176
      17.57580      94.51595
      17.58590      94.64855
      17.59610      94.78223
      17.60630      94.91567
      17.61640      95.04753
      17.62660      95.18044
      17.63680      95.31310
      17.64690      95.44416
      17.65710      95.57627
      17.66730      95.70808
      17.67740      95.83836
      17.68760      95.96961
      17.69780      96.10059
      17.70790      96.22998
      17.71810      96.36037
      17.72830      96.49047
      17.73840      96.61898
      17.74860      96.74847
      17.75870      96.87636
      17.76890      97.00523
      17.77910      97.13377
      17.78920      97.26071
      17.79940      97.38861
      17.80960      97.51617
      17.81970      97.64214
      17.82990      97.76902
      17.84010      97.89555
      17.85020      98.02051
      17.86040      98.14634
      17.87060      98.27183
      17.88070      98.39572
      17.89090      98.52049
      17.90100      98.64366
      17.91120      98.76770
      17.92140      98.89136
      17.93150      99.01341
      17.94170      99.13631
      17.95190      99.25881
      17.96200      99.37972
      17.97220      99.50144
      17.98240      99.62276
      17.99250      99.74248
      18.00270      99.86299
      18.01290      99.98306
      18.02300     100.10159
      18.03320     100.22082
      18.04340     100.33965
      18.05350     100.45689
      18.06370     100.57486
      18.07380     100.69124
      18.08400     100.80833
      18.09420     100.92499
      18.10430     101.04003
      18.11450     101.15578
      18.12470     101.27107
      18.13480     101.38477
      18.14500     101.49913
      18.15520     101.61299
      18.16530     101.72531
      18.17550     101.83824
      18.18570     101.95068
      18.19580     102.06155
      18.20600     102.17301
      18.21610     102.28292
      18.22630     102.39338
      18.23650     102.50336
      18.24660     102.61174
      18.25680     102.72070
      18.26700     102.82915
      18.27710     102.93599
      18.28730     103.04339
      18.29750     103.15025
      18.30760     103.25554
      18.31780     103.36134
      18.32800     103.46657
      18.33810     103.57025
      18.34830     103.67442
      18.35850     103.77801
      18.36860     103.88004
      18.37880     103.98251
      18.38890     104.08345
      18.39910     104.18478
      18.40930     104.28555
      18.41940     104.38476
      18.42960     104.48438
      18.43980     104.58340
      18.44990     104.68086
      18.46010     104.77870
      18.47030     104.87595
      18.48040     104.97163
      18.49060     105.06767
      18.50080     105.16307
      18.51090     105.25696
      18.52110     105.35112
      18.53120     105.44378
      18.54140     105.53671
      18.55160     105.62901
      18.56170     105.71980
      18.57190     105.81081
      18.58210     105.90121
      18.59220     105.99005
      18.60240     106.07915
      18.61260     106.16759
      18.62270     106.25450
      18.63290     106.34162
      18.64310     106.42807
      18.65320     106.51301
      18.66340     106.59811
      18.67360     106.68253
      18.68370     106.76546
      18.69390     106.84851
      18.70400     106.93009
      18.71420     107.01176
      18.72440     107.09276
      18.73450     107.17226
      18.74470     107.25184
      18.75490     107.33071
      18.76500     107.40811
      18.77520     107.48557
      18.78540     107.56229
      18.79550     107.63756
      18.80570     107.71285
      18.81590     107.78741
      18.82600     107.86051
      18.83620     107.93361
      18.84630     108.00525
      18.85650     108.07687
      18.86670     108.14772
      18.87680     108.21717
      18.88700     108.28652
      18.89720     108.35514
      18.90730     108.42234
      18.91750     108.48942
      18.92770     108.55575
      18.93780     108.62067
      18.94800     108.68546
      18.95820     108.74947
      18.96830     108.81209
      18.97850     108.87454
      18.98870     108.93621
      18.99880     108.99651
      19.00900     109.05659
      19.01910     109.11532
      19.02930     109.17384
      19.03950     109.23154
      19.04960     109.28790
      19.05980     109.34400
      19.07000     109.39930
      19.08010     109.45325
      19.09030     109.50694
      19.10050     109.55981
      19.11060     109.61134
      19.12080     109.66257
      19.13100     109.71297
      19.14110     109.76207
      19.15130     109.81084
      19.16140     109.85828
      19.17160     109.90538
      19.18180     109.95164
      19.19190     109.99661
      19.20210     110.04120
      19.21230     110.08493
      19.22240     110.12742
      19.23260     110.16947
      19.24280     110.21067
      19.25290     110.25063
      19.26310     110.29014
      19.27330     110.32879
      19.28340     110.36620
      19.29360     110.40314
      19.30380     110.43921
      19.31390     110.47408
      19.32410     110.50844
      19.33420     110.54159
      19.34440     110.57421
      19.35460     110.60596
      19.36470     110.63654
      19.37490     110.66656
      19.38510     110.69569
      19.39520     110.72367
      19.40540     110.75105
      19.41560     110.77756
      19.42570     110.80293
      19.43590     110.82767
      19.44610     110.85155
      19.45620     110.87430
      19.46640     110.89639
      19.47650     110.91740
      19.48670     110.93773
      19.49690     110.95717
      19.50700     110.97554
      19.51720     110.99320
      19.52740     111.00996
      19.53750     111.02570
      19.54770     111.04069
      19.55790     111.05478
      19.56800     111.06785
      19.57820     111.08015
      19.58840     111.09157
      19.59850     111.10197
      19.60870     111.11160
      19.61880     111.12023
      19.62900     111.12807
      19.63920     111.13499
      19.64930     111.14097
      19.65950     111.14611
      19.66970     111.15034
      19.67980     111.15364
      19.69000     111.15608
      19.70020     111.15762
      19.71030     111.15825
      19.72050     111.15800
      19.73070     111.15684
      19.74080     111.15479
      19.75100     111.15184
      19.76120     111.14799
      19.77130     111.14327
      19.78150     111.13763
      19.79160     111.13114
      19.80180     111.12370
      19.81200     111.11536
      19.82210     111.10621
      19.83230     111.09606
      19.84250     111.08504
      19.85260     111.07321
      19.86280     111.06040
      19.87300     111.04668
      19.88310     111.03222
      19.89330     111.01672
      19.90350     111.00032
      19.91360     110.98320
      19.92380     110.96503
      19.93390     110.94615
      19.94410     110.92620
      19.95430     110.90537
      19.96440     110.88386
      19.97460     110.86125
      19.98480     110.83776
      19.99490     110.81362
      20.00510     110.78836
      20.01530     110.76223
      20.02540     110.73548
      20.03560     110.70760
      20.04580     110.67883
      20.05590     110.64948
      20.06610     110.61897
      20.07630     110.58759
      20.08640     110.55565
      20.09660     110.52253
      20.10670     110.48888
      20.11690     110.45403
      20.12710     110.41832
      20.13720     110.38211
      20.14740     110.34468
      20.15760     110.30639
      20.16770     110.26763
      20.17790     110.22764
      20.18810     110.18678
      20.19820     110.14550
      20.20840     110.10296
      20.21860     110.05958
      20.22870     110.01578
      20.23890     109.97071
      20.24900     109.92525
      20.25920     109.87852
      20.26940     109.83095
      20.27950     109.78302
      20.28970     109.73379
      20.29990     109.68373
      20.31000     109.63335
      20.32020     109.58165
      20.33040     109.52912
      20.34050     109.47632
      20.35070     109.42216
      20.36090     109.36720
      20.37100     109.31198
      20.38120     109.25540
      20.39140     109.19804
      20.40150     109.14043
      20.41170     109.08147
      20.42180     109.02229
      20.43200     108.96174
      20.44220     108.90040
      20.45230     108.83889
      20.46250     108.77599
      20.47270     108.71230
      20.48280     108.64847
      20.49300     108.58322
      20.50320     108.51723
      20.51330     108.45112
      20.52350     108.38358
      20.53370     108.31528
      20.54380     108.24691
      20.55400     108.17712
      20.56410     108.10725
      20.57430     108.03596
      20.58450     107.96393
      20.59460     107.89185
      20.60480     107.81834
      20.61500     107.74409
      20.62510     107.66985
      20.63530     107.59414
      20.64550     107.51771
      20.65560     107.44132
      20.66580     107.36346
      20.67600     107.28487
      20.68610     107.20637
      20.69630     107.12638
      20.70650     107.04570
      20.71660     106.96510
      20.72680     106.88301
      20.73690     106.80106
      20.74710     106.71760
      20.75730     106.63347
      20.76740     106.54947
      20.77760     106.46399
      20.78780     106.37782
      20.79790     106.29184
      20.80810     106.20434
      20.81830     106.11618
      20.82840     106.02824
      20.83860     105.93877
      20.84880     105.84865
      20.85890     105.75879
      20.86910     105.66737
      20.87920     105.57626
      20.88940     105.48358
      20.89960     105.39030
      20.90970     105.29729
      20.91990     105.20274
      20.93010     105.10760
      20.94020     105.01276
      20.95040     104.91639
      20.96060     104.81940
      20.97070     104.72278
      20.98090     104.62460
      20.99110     104.52581
      21.00120     104.42743
      21.01140     104.32748
      21.02160     104.22694
      21.03170     104.12685
      21.04190     104.02515
      21.05200     103.92393
      21.06220     103.82112
      21.07240     103.71777
      21.08250     103.61485
      21.09270     103.51039
      21.10290     103.40537
      21.11300     103.30083
      21.12320     103.19474
      21.13340     103.08809
      21.14350     102.98199
      21.15370     102.87428
      21.16390     102.76606
      21.17400     102.65839
      21.18420     102.54914
      21.19430     102.44047
      21.20450     102.33021
      21.21470     102.21943
      21.22480     102.10927
      21.23500     101.99751
      21.24520     101.88528
      21.25530     101.77364
      21.26550     101.66045
      21.27570     101.54675
      21.28580     101.43371
      21.29600     101.31910
      21.30620     101.20400
      21.31630     101.08958
      21.32650     100.97357
      21.33660     100.85827
      21.34680     100.74136
      21.35700     100.62402
      21.36710     100.50739
      21.37730     100.38917
      21.38750     100.27052
      21.39760     100.15262
      21.40780     100.03311
      21.41800      99.91321
      21.42810      99.79404
      21.43830      99.67332
      21.44850      99.55218
      21.45860      99.43182
      21.46880      99.30988
      21.47900      99.18753
      21.48910      99.06601
      21.49930      98.94289
      21.50940      98.82063
      21.51960      98.69675
      21.52980      98.57251
      21.53990      98.44912
      21.55010      98.32414
      21.56030      98.19880
      21.57040      98.07436
      21.58060      97.94830
      21.59080      97.82192
      21.60090      97.69641
      21.61110      97.56935
      21.62130      97.44193
      21.63140      97.31544
      21.64160      97.18736
      21.65170      97.06023
      21.66190      96.93151
      21.67210      96.80247
      21.68220      96.67439
      21.69240      96.54473
      21.70260      96.41476
      21.71270      96.28578
      21.72290      96.15522
      21.73310      96.02435
      21.74320      95.89451
      21.75340      95.76307
      21.76360      95.63138
      21.77370      95.50067
      21.78390      95.36842
      21.79410      95.23589
      21.80420      95.10439
      21.81440      94.97133
      21.82450      94.83933
      21.83470      94.70576
      21.84490      94.57192
      21.85500      94.43917
      21.86520      94.30485
      21.87540      94.17029
      21.88550      94.03682
      21.89570      93.90179
      21.90590      93.76656
      21.91600      93.63239
      21.92620      93.49668
      21.93640      93.36078
      21.94650      93.22596
      21.95670      93.08964
      21.96680      92.95441
      21.97700      92.81767
      21.98720      92.68071
      21.99730      92.54491
      22.00750      92.40755
      22.01770      92.27002
      22.02780      92.13365
      22.03800      91.99574
      22.04820      91.85766
      22.05830      91.72076
      22.06850      91.58232
      22.07870      91.44374
      22.08880      91.30632
      22.09900      91.16739
      22.10920      91.02831
      22.11930      90.89043
      22.12950      90.75105
      22.13960      90.61286
      22.14980      90.47319
      22.16000      90.33336
      22.17010      90.19477
      22.18030      90.05466
      22.19050      89.91441
      22.20060      89.77544
      22.21080      89.63494
      22.22100      89.49432
      22.23110      89.35497
      22.24130      89.21412
      22.25150      89.07317
      22.26160      88.93346
      22.27180      88.79230
      22.28190      88.65239
      22.29210      88.51100
      22.30230      88.36954
      22.31240      88.22932
      22.32260      88.08768
      22.33280      87.94591
      22.34290      87.80547
      22.35310      87.66354
      22.36330      87.52153
      22.37340      87.38084
      22.38360      87.23869
      22.39380      87.09646
      22.40390      86.95557
      22.41410      86.81319
      22.42430      86.67079
      22.43440      86.52969
      22.44460      86.38717
      22.45470      86.24596
      22.46490      86.10334
      22.47510      85.96064
      22.48520      85.81929
      22.49540      85.67654
      22.50560      85.53371
      22.51570      85.39227
      22.52590      85.24937
      22.53610      85.10644
      22.54620      84.96490
      22.55640      84.82191
      22.56660      84.67892
      22.57670      84.53730
      22.58690      84.39426
      22.59700      84.25261
      22.60720      84.10954
      22.61740      83.96648
      22.62750      83.82477
      22.63770      83.68170
      22.64790      83.53860
      22.65800      83.39688
      22.66820      83.25381
      22.67840      83.11071
      22.68850      82.96904
      22.69870      82.82595
      22.70890      82.68288
      22.71900      82.54124
      22.72920      82.39821
      22.73940      82.25519
      22.74950      82.11360
      22.75970      81.97063
      22.76980      81.82909
      22.78000      81.68617
      22.79020      81.54330
      22.80030      81.40183
      22.81050      81.25903
      22.82070      81.11624
      22.83080      80.97491
      22.84100      80.83221
      22.85120      80.68954
      22.86130      80.54834
      22.87150      80.40577
      22.88170      80.26325
      22.89180      80.12219
      22.90200      79.97978
      22.91210      79.83884
      22.92230      79.69655
      22.93250      79.55431
      22.94260      79.41354
      22.95280      79.27144
      22.96300      79.12943
      22.97310      78.98883
      22.98330      78.84695
      22.99350      78.70513
      23.00360      78.56478
      23.01380      78.42310
      23.02400      78.28151
      23.03410      78.14140
      23.04430      77.99996
      23.05450      77.85862
      23.06460      77.71876
      23.07480      77.57758
      23.08490      77.43790
      23.09510      77.29691
      23.10530      77.15601
      23.11540      77.01660
      23.12560      76.87590
      23.13580      76.73532
      23.14590      76.59618
      23.15610      76.45581
      23.16630      76.31551
      23.17640      76.17672
      23.18660      76.03664
      23.19680      75.89667
      23.20690      75.75819
      23.21710      75.61845
      23.22720      75.48020
      23.23740      75.34069
      23.24760      75.20129
      23.25770      75.06340
      23.26790      74.92424
      23.27810      74.78524
      23.28820      74.64768
      23.29840      74.50890
      23.30860      74.37029
      23.31870      74.23310
      23.32890      74.09473
      23.33910      73.95647
      23.34920      73.81973
      23.35940      73.68173
      23.36950      73.54525
      23.37970      73.40753
      23.38990      73.26996
      23.40000      73.13389
      23.41020      72.99660
      23.42040      72.85945
      23.43050      72.72382
      23.44070      72.58697
      23.45090      72.45029
      23.46100      72.31506
      23.47120      72.17866
      23.48140      72.04243
      23.49150      71.90766
      23.50170      71.77174
      23.51190      71.63596
      23.52200      71.50168
      23.53220      71.36622
      23.54230      71.23225
      23.55250      71.09711
      23.56270      70.96213
      23.57280      70.82864
      23.58300      70.69400
      23.59320      70.55952
      23.60330      70.42653
      23.61350      70.29238
      23.62370      70.15843
      23.63380      70.02593
      23.64400      69.89233
      23.65420      69.75887
      23.66430      69.62688
      23.67450      69.49380
      23.68460      69.36217
      23.69480      69.22945
      23.70500      69.09688
      23.71510      68.96580
      23.72530      68.83359
      23.73550      68.70157
      23.74560      68.57103
      23.75580      68.43938
      23.76600      68.30791
      23.77610      68.17793
      23.78630      68.04684
      23.79650      67.91596
      23.80660      67.78652
      23.81680      67.65602
      23.82700      67.52570
      23.83710      67.39685
      23.84730      67.26691
      23.85740      67.13842
      23.86760      67.00890
      23.87780      66.87955
      23.88790      66.75166
      23.89810      66.62271
      23.90830      66.49396
      23.91840      66.36668
      23.92860      66.23832
      23.93880      66.11017
      23.94890      65.98349
      23.95910      65.85574
      23.96930      65.72823
      23.97940      65.60213
      23.98960      65.47504
      23.99970      65.34936
      24.00990      65.22267
      24.02010      65.09617
      24.03020      64.97113
      24.04040      64.84505
      24.05060      64.71918
      24.06070      64.59477
      24.07090      64.46933
      24.08110      64.34410
      24.09120      64.22033
      24.10140      64.09554
      24.11160      63.97095
      24.12170      63.84782
      24.13190      63.72368
      24.14210      63.59977
      24.15220      63.47726
      24.16240      63.35381
      24.17250      63.23173
      24.18270      63.10870
      24.19290      62.98588
      24.20300      62.86449
      24.21320      62.74211
      24.22340      62.61996
      24.23350      62.49923
      24.24370      62.37753
      24.25390      62.25604
      24.26400      62.13599
      24.27420      62.01496
      24.28440      61.89416
      24.29450      61.77478
      24.30470      61.65443
      24.31480      61.53551
      24.32500      61.41562
      24.33520      61.29599
      24.34530      61.17773
      24.35550      61.05856
      24.36570      60.93959
      24.37580      60.82204
      24.38600      60.70354
      24.39620      60.58528
      24.40630      60.46842
      24.41650      60.35062
      24.42670      60.23306
      24.43680      60.11690
      24.44700      59.99981
      24.45720      59.88298
      24.46730      59.76749
      24.47750      59.65112
      24.48760      59.53613
      24.49780      59.42022
      24.50800      59.30458
      24.51810      59.19027
      24.52830      59.07511
      24.53850      58.96016
      24.54860      58.84659
      24.55880      58.73212
      24.56900      58.61789
      24.57910      58.50504
      24.58930      58.39130
      24.59950      58.27779
      24.60960      58.16566
      24.61980      58.05264
      24.62990      57.94099
      24.64010      57.82845
      24.65030      57.71619
      24.66040      57.60524
      24.67060      57.49343
      24.68080      57.38190
      24.69090      57.27168
      24.70110      57.16064
      24.71130      57.04982
      24.72140      56.94034
      24.73160      56.83001
      24.74180      56.71994
      24.75190      56.61119
      24.76210      56.50160
      24.77230      56.39227
      24.78240      56.28426
      24.79260      56.17541
      24.80270      56.06789
      24.81290      55.95955
      24.82310      55.85146
      24.83320      55.74466
      24.84340      55.63708
      24.85360      55.52973
      24.86370      55.42366
      24.87390      55.31683
      24.88410      55.21022
      24.89420      55.10492
      24.90440      54.99881
      24.91460      54.89296
      24.92470      54.78840
      24.93490      54.68304
      24.94500      54.57898
      24.95520      54.47412
      24.96540      54.36952
      24.97550      54.26620
      24.98570      54.16210
      24.99590      54.05827
      25.00600      53.95568
      25.01620      53.85236
      25.02640      53.74926
      25.03650      53.64742
      25.04670      53.54485
      25.05690      53.44250
      25.06700      53.34143
      25.07720      53.23959
      25.08740      53.13801
      25.09750      53.03768
      25.10770      52.93660
      25.11780      52.83677
      25.12800      52.73620
      25.13820      52.63588
      25.14830      52.53680
      25.15850      52.43698
      25.16870      52.33744
      25.17880      52.23909
      25.18900      52.14005
      25.19920      52.04124
      25.20930      51.94366
      25.21950      51.84536
      25.22970      51.74731
      25.23980      51.65049
      25.25000      51.55295
      25.26010      51.45662
      25.27030      51.35958
      25.28050      51.26280
      25.29060      51.16722
      25.30080      51.07094
      25.31100      50.97491
      25.32110      50.88008
      25.33130      50.78456
      25.34150      50.68931
      25.35160      50.59522
      25.36180      50.50047
      25.37200      50.40596
      25.38210      50.31263
      25.39230      50.21862
      25.40240      50.12580
      25.41260      50.03229
      25.42280      49.93904
      25.43290      49.84696
      25.44310      49.75421
      25.45330      49.66172
      25.46340      49.57038
      25.47360      49.47839
      25.48380      49.38665
      25.49390      49.29606
      25.50410      49.20482
      25.51430      49.11385
      25.52440      49.02400
      25.53460      48.93353
      25.54480      48.84329
      25.55490      48.75420
      25.56510      48.66446
      25.57520      48.57586
      25.58540      48.48663
      25.59560      48.39764
      25.60570      48.30979
      25.61590      48.22130
      25.62610      48.13307
      25.63620      48.04595
      25.64640      47.95822
      25.65660      47.87073
      25.66670      47.78435
      25.67690      47.69736
      25.68710      47.61064
      25.69720      47.52498
      25.70740      47.43876
      25.71750      47.35359
      25.72770      47.26786
      25.73790      47.18235
      25.74800      47.09794
      25.75820      47.01293
      25.76840      46.92817
      25.77850      46.84449
      25.78870      46.76023
      25.79890      46.67620
      25.80900      46.59326
      25.81920      46.50973
      25.82940      46.42646
      25.83950      46.34423
      25.84970      46.26143
      25.85990      46.17890
      25.87000      46.09740
      25.88020      46.01535
      25.89030      45.93433
      25.90050      45.85277
      25.91070      45.77144
      25.92080      45.69116
      25.93100      45.61032
      25.94120      45.52972
      25.95130      45.45016
      25.96150      45.37004
      25.97170      45.29017
      25.98180      45.21133
      25.99200      45.13194
      26.00220      45.05280
      26.01230      44.97466
      26.02250      44.89601
      26.03260      44.81834
      26.04280      44.74015
      26.05300      44.66222
      26.06310      44.58527
      26.07330      44.50781
      26.08350      44.43058
      26.09360      44.35435
      26.10380      44.27760
      26.11400      44.20108
      26.12410      44.12556
      26.13430      44.04952
      26.14450      43.97372
      26.15460      43.89890
      26.16480      43.82357
      26.17500      43.74849
      26.18510      43.67435
      26.19530      43.59974
      26.20540      43.52607
      26.21560      43.45193
      26.22580      43.37801
      26.23590      43.30504
      26.24610      43.23159
      26.25630      43.15837
      26.26640      43.08611
      26.27660      43.01335
      26.28680      42.94083
      26.29690      42.86925
      26.30710      42.79719
      26.31730      42.72536
      26.32740      42.65447
      26.33760      42.58310
      26.34770      42.51266
      26.35790      42.44175
      26.36810      42.37109
      26.37820      42.30132
      26.38840      42.23111
      26.39860      42.16111
      26.40870      42.09202
      26.41890      42.02249
      26.42910      41.95318
      26.43920      41.88477
      26.44940      41.81591
      26.45960      41.74728
      26.46970      41.67954
      26.47990      41.61135
      26.49010      41.54340
      26.50020      41.47633
      26.51040      41.40881
      26.52050      41.34219
      26.53070      41.27512
      26.54090      41.20828
      26.55100      41.14230
      26.56120      41.07592
      26.57140      41.00974
      26.58150      40.94443
      26.59170      40.87868
      26.60190      40.81316
      26.61200      40.74851
      26.62220      40.68343
      26.63240      40.61856
      26.64250      40.55456
      26.65270      40.49013
      26.66280      40.42656
      26.67300      40.36256
      26.68320      40.29878
      26.69330      40.23585
      26.70350      40.17250
      26.71370      40.10938
      26.72380      40.04708
      26.73400      39.98439
      26.74420      39.92190
      26.75430      39.86024
      26.76450      39.79818
      26.77470      39.73633
      26.78480      39.67531
      26.79500      39.61388
      26.80520      39.55267
      26.81530      39.49227
      26.82550      39.43147
      26.83560      39.37149
      26.84580      39.31111
      26.85600      39.25095
      26.86610      39.19158
      26.87630      39.13183
      26.88650      39.07230
      26.89660      39.01354
      26.90680      38.95442
      26.91700      38.89550
      26.92710      38.83736
      26.93730      38.77885
      26.94750      38.72054
      26.95760      38.66302
      26.96780      38.60511
      26.97790      38.54799
      26.98810      38.49050
      26.99830      38.43320
      27.00840      38.37668
      27.01860      38.31979
      27.02880      38.26311
      27.03890      38.20718
      27.04910      38.15089
      27.05930      38.09481
      27.06940      38.03946
      27.07960      37.98378
      27.08980      37.92829
      27.09990      37.87354
      27.11010      37.81844
      27.12020      37.76408
      27.13040      37.70938
      27.14060      37.65487
      27.15070      37.60109
      27.16090      37.54697
      27.17110      37.49304
      27.18120      37.43984
      27.19140      37.38630
      27.20160      37.33296
      27.21170      37.28032
      27.22190      37.22736
      27.23210      37.17459
      27.24220      37.12252
      27.25240      37.07014
      27.26260      37.01794
      27.27270      36.96644
      27.28290      36.91462
      27.29300      36.86349
      27.30320      36.81204
      27.31340      36.76078
      27.32350      36.71021
      27.33370      36.65932
      27.34390      36.60862
      27.35400      36.55860
      27.36420      36.50827
      27.37440      36.45812
      27.38450      36.40865
      27.39470      36.35887
      27.40490      36.30927
      27.41500      36.26033
      27.42520      36.21111
      27.43530      36.16253
      27.44550      36.11366
      27.45570      36.06497
      27.46580      36.01693
      27.47600      35.96859
      27.48620      35.92044
      27.49630      35.87294
      27.50650      35.82513
      27.51670      35.77751
      27.52680      35.73053
      27.53700      35.68326
      27.54720      35.63617
      27.55730      35.58971
      27.56750      35.54297
      27.57770      35.49640
      27.58780      35.45046
      27.59800      35.40423
      27.60810      35.35863
      27.61830      35.31275
      27.62850      35.26704
      27.63860      35.22195
      27.64880      35.17659
      27.65900      35.13139
      27.66910      35.08680
      27.67930      35.04195
      27.68950      34.99725
      27.69960      34.95317
      27.70980      34.90881
      27.72000      34.86464
      27.73010      34.82104
      27.74030      34.77719
      27.75040      34.73392
      27.76060      34.69041
      27.77080      34.64705
      27.78090      34.60427
      27.79110      34.56124
      27.80130      34.51837
      27.81140      34.47608
      27.82160      34.43353
      27.83180      34.39115
      27.84190      34.34934
      27.85210      34.30728
      27.86230      34.26537
      27.87240      34.22404
      27.88260      34.18246
      27.89280      34.14104
      27.90290      34.10017
      27.91310      34.05906
      27.92320      34.01850
      27.93340      33.97771
      27.94360      33.93707
      27.95370      33.89698
      27.96390      33.85664
      27.97410      33.81647
      27.98420      33.77684
      27.99440      33.73697
      28.00460      33.69725
      28.01470      33.65807
      28.02490      33.61866
      28.03510      33.57939
      28.04520      33.54066
      28.05540      33.50170
      28.06550      33.46327
      28.07570      33.42461
      28.08590      33.38610
      28.09600      33.34811
      28.10620      33.30990
      28.11640      33.27182
      28.12650      33.23428
      28.13670      33.19650
      28.14690      33.15887
      28.15700      33.12175
      28.16720      33.08441
      28.17740      33.04721
      28.18750      33.01052
      28.19770      32.97361
      28.20790      32.93686
      28.21800      32.90059
      28.22820      32.86410
      28.23830      32.82812
      28.24850      32.79192
      28.25870      32.75586
      28.26880      32.72029
      28.27900      32.68452
      28.28920      32.64888
      28.29930      32.61372
      28.30950      32.57836
      28.31970      32.54313
      28.32980      32.50839
      28.34000      32.47343
      28.35020      32.43862
      28.36030      32.40428
      28.37050      32.36973
      28.38060      32.33566
      28.39080      32.30138
      28.40100      32.26724
      28.41110      32.23356
      28.42130      32.19968
      28.43150      32.16594
      28.44160      32.13265
      28.45180      32.09917
      28.46200      32.06581
      28.47210      32.03292
      28.48230      31.99983
      28.49250      31.96686
      28.50260      31.93435
      28.51280      31.90165
      28.52300      31.86907
      28.53310      31.83694
      28.54330      31.80462
      28.55340      31.77274
      28.56360      31.74067
      28.57380      31.70872
      28.58390      31.67721
      28.59410      31.64552
      28.60430      31.61395
      28.61440      31.58281
      28.62460      31.55149
      28.63480      31.52029
      28.64490      31.48952
      28.65510      31.45856
      28.66530      31.42772
      28.67540      31.39731
      28.68560      31.36671
      28.69570      31.33654
      28.70590      31.30619
      28.71610      31.27595
      28.72620      31.24613
      28.73640      31.21613
      28.74660      31.18625
      28.75670      31.15678
      28.76690      31.12714
      28.77710      31.09761
      28.78720      31.06848
      28.79740      31.03918
      28.80760      31.01000
      28.81770      30.98122
      28.82790      30.95226
      28.83810      30.92342
      28.84820      30.89498
      28.85840      30.86636
      28.86850      30.83814
      28.87870      30.80975
      28.88890      30.78147
      28.89900      30.75358
      28.90920      30.72552
      28.91940      30.69758
      28.92950      30.67002
      28.93970      30.64229
      28.94990      30.61468
      28.96000      30.58744
      28.97020      30.56003
      28.98040      30.53274
      28.99050      30.50582
      29.00070      30.47874
      29.01080      30.45203
      29.02100      30.42516
      29.03120      30.39840
      29.04130      30.37201
      29.05150      30.34545
      29.06170      30.31900
      29.07180      30.29292
      29.08200      30.26668
      29.09220      30.24054
      29.10230      30.21476
      29.11250      30.18883
      29.12270      30.16300
      29.13280      30.13752
      29.14300      30.11189
      29.15310      30.08661
      29.16330      30.06118
      29.17350      30.03585
      29.18360      30.01087
      29.19380      29.98574
      29.20400      29.96071
      29.21410      29.93602
      29.22430      29.91118
      29.23450      29.88644
      29.24460      29.86204
      29.25480      29.83750
      29.26500      29.81305
      29.27510      29.78893
      29.28530      29.76468
      29.29550      29.74051
      29.30560      29.71668
      29.31580      29.69270
      29.32590      29.66905
      29.33610      29.64526
      29.34630      29.62157
      29.35640      29.59820
      29.36660      29.57468
      29.37680      29.55126
      29.38690      29.52817
      29.39710      29.50493
      29.40730      29.48178
      29.41740      29.45895
      29.42760      29.43598
      29.43780      29.41311
      29.44790      29.39054
      29.45810      29.36784
      29.46820      29.34545
      29.47840      29.32293
      29.48860      29.30049
      29.49870      29.27836
      29.50890      29.25610
      29.51910      29.23392
      29.52920      29.21205
      29.53940      29.19005
      29.54960      29.16813
      29.55970      29.14651
      29.56990      29.12476
      29.58010      29.10310
      29.59020      29.08172
      29.60040      29.06023
      29.61060      29.03881
      29.62070      29.01769
      29.63090      28.99644
      29.64100      28.97548
      29.65120      28.95440
      29.66140      28.93339
      29.67150      28.91268
      29.68170      28.89183
      29.69190      28.87107
      29.70200      28.85059
      29.71220      28.82999
      29.72240      28.80946
      29.73250      28.78922
      29.74270      28.76885
      29.75290      28.74857
      29.76300      28.72855
      29.77320      28.70842
      29.78330      28.68856
      29.79350      28.66858
      29.80370      28.64868
      29.81380      28.62905
      29.82400      28.60930
      29.83420      28.58962
      29.84430      28.57022
      29.85450      28.55069
      29.86470      28.53124
      29.87480      28.51205
      29.88500      28.49275
      29.89520      28.47352
      29.90530      28.45455
      29.91550      28.43547
      29.92570      28.41646
      29.93580      28.39771
      29.94600      28.37884
      29.95610      28.36023
      29.96630      28.34151
      29.97650      28.32285
      29.98660      28.30445
      29.99680      28.28594
      30.00700      28.26750
      30.01710      28.24931
      30.02730      28.23101
      30.03750      28.21277
      30.04760      28.19479
      30.05780      28.17669
      30.06800      28.15866
      30.07810      28.14087
      30.08830      28.12298
      30.09840      28.10533
      30.10860      28.08757
      30.11880      28.06988
      30.12890      28.05242
      30.13910      28.03486
      30.14930      28.01737
      30.15940      28.00011
      30.16960      27.98275
      30.17980      27.96544
      30.18990      27.94838
      30.20010      27.93121
      30.21030      27.91410
      30.22040      27.89722
      30.23060      27.88024
      30.24080      27.86332
      30.25090      27.84664
      30.26110      27.82984
      30.27120      27.81328
      30.28140      27.79661
      30.29160      27.78000
      30.30170      27.76362
      30.31190      27.74714
      30.32210      27.73071
      30.33220      27.71451
      30.34240      27.69821
      30.35260      27.68196
      30.36270      27.66594
      30.37290      27.64981
      30.38310      27.63375
      30.39320      27.61790
      30.40340      27.60195
      30.41350      27.58622
      30.42370      27.57039
      30.43390      27.55461
      30.44400      27.53905
      30.45420      27.52339
      30.46440      27.50779
      30.47450      27.49240
      30.48470      27.47691
      30.49490      27.46148
      30.50500      27.44625
      30.51520      27.43093
      30.52540      27.41567
      30.53550      27.40061
      30.54570      27.38545
      30.55590      27.37035
      30.56600      27.35545
      30.57620      27.34046
      30.58630      27.32566
      30.59650      27.31078
      30.60670      27.29594
      30.61680      27.28131
      30.62700      27.26658
      30.63720      27.25191
      30.64730      27.23743
      30.65750      27.22287
      30.66770      27.20835
      30.67780      27.19403
      30.68800      27.17961
      30.69820      27.16525
      30.70830      27.15108
      30.71850      27.13682
      30.72860      27.12275
      30.73880      27.10859
      30.74900      27.09447
      30.75910      27.08055
      30.76930      27.06654
      30.77950      27.05258
      30.78960      27.03880
      30.79980      27.02494
      30.81000      27.01113
      30.82010      26.99749
      30.83030      26.98377
      30.84050      26.97010
      30.85060      26.95661
      30.86080      26.94304
      30.87100      26.92951
      30.88110      26.91616
      30.89130      26.90272
      30.90140      26.88947
      30.91160      26.87612
      30.92180      26.86283
      30.93190      26.84971
      30.94210      26.83650
      30.95230      26.82335
      30.96240      26.81036
      30.97260      26.79729
      30.98280      26.78427
      30.99290      26.77142
      31.00310      26.75848
      31.01330      26.74559
      31.02340      26.73287
      31.03360      26.72007
      31.04370      26.70744
      31.05390      26.69472
      31.06410      26.68205
      31.07420      26.66954
      31.08440      26.65696
      31.09460      26.64441
      31.10470      26.63203
      31.11490      26.61958
      31.12510      26.60716
      31.13520      26.59490
      31.14540      26.58257
      31.15560      26.57028
      31.16570      26.55815
      31.17590      26.54594
      31.18600      26.53389
      31.19620      26.52176
      31.20640      26.50967
      31.21650      26.49774
      31.22670      26.48573
      31.23690      26.47376
      31.24700      26.46195
      31.25720      26.45006
      31.26740      26.43822
      31.27750      26.42652
      31.28770      26.41475
      31.29790      26.40302
      31.30800      26.39144
      31.31820      26.37978
      31.32840      26.36816
      31.33850      26.35670
      31.34870      26.34516
      31.35880      26.33377
      31.36900      26.32230
      31.37920      26.31087
      31.38930      26.29959
      31.39950      26.28824
      31.40970      26.27692
      31.41980      26.26575
      31.43000      26.25450
      31.44020      26.24329
      31.45030      26.23223
      31.46050      26.22109
      31.47070      26.20999
      31.48080      26.19904
      31.49100      26.18801
      31.50110      26.17712
      31.51130      26.16616
      31.52150      26.15524
      31.53160      26.14445
      31.54180      26.13360
      31.55200      26.12278
      31.56210      26.11210
      31.57230      26.10135
      31.58250      26.09063
      31.59260      26.08005
      31.60280      26.06940
      31.61300      26.05878
      31.62310      26.04830
      31.63330      26.03775
      31.64350      26.02724
      31.65360      26.01685
      31.66380      26.00640
      31.67390      25.99608
      31.68410      25.98570
      31.69430      25.97534
      31.70440      25.96512
      31.71460      25.95483
      31.72480      25.94457
      31.73490      25.93445
      31.74510      25.92425
      31.75530      25.91409
      31.76540      25.90406
      31.77560      25.89396
      31.78580      25.88388
      31.79590      25.87395
      31.80610      25.86394
      31.81620      25.85406
      31.82640      25.84411
      31.83660      25.83419
      31.84670      25.82440
      31.85690      25.81454
      31.86710      25.80472
      31.87720      25.79501
      31.88740      25.78524
      31.89760      25.77551
      31.90770      25.76589
      31.91790      25.75621
      31.92810      25.74656
      31.93820      25.73703
      31.94840      25.72744
      31.95860      25.71787
      31.96870      25.70843
      31.97890      25.69892
      31.98900      25.68954
      31.99920      25.68008
      32.00940      25.67066
      32.01950      25.66135
      32.02970      25.65199
      32.03990      25.64265
      32.05000      25.63343
      32.06020      25.62414
      32.07040      25.61488
      32.08050      25.60574
      32.09070      25.59654
      32.10090      25.58736
      32.11100      25.57830
      32.12120      25.56917
      32.13130      25.56016
      32.14150      25.55109
      32.15170      25.54205
      32.16180      25.53312
      32.17200      25.52412
      32.18220      25.51516
      32.19230      25.50631
      32.20250      25.49739
      32.21270      25.48850
      32.22280      25.47972
      32.23300      25.47088
      32.24320      25.46207
      32.25330      25.45337
      32.26350      25.44460
      32.27370      25.43586
      32.28380      25.42724
      32.29400      25.41854
      32.30410      25.40996
      32.31430      25.40132
      32.32450      25.39271
      32.33460      25.38420
      32.34480      25.37563
      32.35500      25.36709
      32.36510      25.35865
      32.37530      25.35015
      32.38550      25.34168
      32.39560      25.33332
      32.40580      25.32489
      32.41600      25.31649
      32.42610      25.30819
      32.43630      25.29984
      32.44640      25.29159
      32.45660      25.28328
      32.46680      25.27499
      32.47690      25.26681
      32.48710      25.25857
      32.49730      25.25035
      32.50740      25.24223
      32.51760      25.23405
      32.52780      25.22590
      32.53790      25.21785
      32.54810      25.20975
      32.55830      25.20166
      32.56840      25.19367
      32.57860      25.18563
      32.58880      25.17761
      32.59890      25.16969
      32.60910      25.16172
      32.61920      25.15384
      32.62940      25.14591
      32.63960      25.13799
      32.64970      25.13018
      32.65990      25.12230
      32.67010      25.11445
      32.68020      25.10670
      32.69040      25.09890
      32.70060      25.09111
      32.71070      25.08342
      32.72090      25.07567
      32.73110      25.06795
      32.74120      25.06031
      32.75140      25.05263
      32.76150      25.04504
      32.77170      25.03739
      32.78190      25.02977
      32.79200      25.02224
      32.80220      25.01465
      32.81240      25.00708
      32.82250      24.99961
      32.83270      24.99209
      32.84290      24.98458
      32.85300      24.97716
      32.86320      24.96969
      32.87340      24.96225
      32.88350      24.95489
      32.89370      24.94748
      32.90390      24.94009
      32.91400      24.93279
      32.92420      24.92543
      32.93430      24.91817
      32.94450      24.91085
      32.95470      24.90355
      32.96480      24.89634
      32.97500      24.88908
      32.98520      24.88184
      32.99530      24.87469
      33.00550      24.86748
      33.01570      24.86029
      33.02580      24.85319
      33.03600      24.84604
      33.04620      24.83891
      33.05630      24.83186
      33.06650      24.82476
      33.07660      24.81775
      33.08680      24.81069
      33.09700      24.80364
      33.10710      24.79668
      33.11730      24.78967
      33.12750      24.78268
      33.13760      24.77577
      33.14780      24.76881
      33.15800      24.76187
      33.16810      24.75501
      33.17830      24.74810
      33.18850      24.74121
      33.19860      24.73441
      33.20880      24.72755
      33.21890      24.72078
      33.22910      24.71395
      33.23930      24.70714
      33.24940      24.70042
      33.25960      24.69365
      33.26980      24.68689
      33.27990      24.68021
      33.29010      24.67349
      33.30030      24.66678
      33.31040      24.66015
      33.32060      24.65347
      33.33080      24.64681
      33.34090      24.64023
      33.35110      24.63360
      33.36130      24.62699
      33.37140      24.62046
      33.38160      24.61388
      33.39170      24.60737
      33.40190      24.60082
      33.41210      24.59429
      33.42220      24.58783
      33.43240      24.58133
      33.44260      24.57484
      33.45270      24.56843
      33.46290      24.56197
      33.47310      24.55553
      33.48320      24.54916
      33.49340      24.54275
      33.50360      24.53635
      33.51370      24.53003
      33.52390      24.52366
      33.53400      24.51737
      33.54420      24.51103
      33.55440      24.50471
      33.56450      24.49846
      33.57470      24.49217
      33.58490      24.48589
      33.59500      24.47968
      33.60520      24.47343
      33.61540      24.46719
      33.62550      24.46103
      33.63570      24.45482
      33.64590      24.44863
      33.65600      24.44251
      33.66620      24.43634
      33.67640      24.43019
      33.68650      24.42411
      33.69670      24.41799
      33.70680      24.41194
      33.71700      24.40584
      33.72720      24.39976
      33.73730      24.39375
      33.74750      24.38769
      33.75770      24.38165
      33.76780      24.37568
      33.77800      24.36967
      33.78820      24.36367
      33.79830      24.35774
      33.80850      24.35177
      33.81870      24.34581
      33.82880      24.33991
      33.83900      24.33398
      33.84910      24.32812
      33.85930      24.32221
      33.86950      24.31631
      33.87960      24.31049
      33.88980      24.30462
      33.90000      24.29877
      33.91010      24.29298
      33.92030      24.28715
      33.93050      24.28133
      33.94060      24.27558
      33.95080      24.26979
      33.96100      24.26401
      33.97110      24.25830
      33.98130      24.25255
      33.99150      24.24681
      34.00160      24.24113
      34.01180      24.23542
      34.02190      24.22977
      34.03210      24.22408
      34.04230      24.21840
      34.05240      24.21279
      34.06260      24.20713
      34.07280      24.20149
      34.08290      24.19591
      34.09310      24.19029
      34.10330      24.18469
      34.11340      24.17915
      34.12360      24.17357
      34.13380      24.16800
      34.14390      24.16249
      34.15410      24.15694
      34.16420      24.15146
      34.17440      24.14594
      34.18460      24.14043
      34.19470      24.13498
      34.20490      24.12950
      34.21510      24.12402
      34.22520      24.11861
      34.23540      24.11315
      34.24560      24.10771
      34.25570      24.10233
      34.26590      24.09691
      34.27610      24.09151
      34.28620      24.08616
      34.29640      24.08078
      34.30660      24.07541
      34.31670      24.07010
      34.32690      24.06474
      34.33700      24.05945
      34.34720      24.05413
      34.35740      24.04881
      34.36750      24.04355
      34.37770      24.03826
      34.38790      24.03297
      34.39800      24.02775
      34.40820      24.02249
      34.41840      24.01723
      34.42850      24.01204
      34.43870      24.00681
      34.44890      24.00159
      34.45900      23.99644
      34.46920      23.99124
      34.47930      23.98610
      34.48950      23.98092
      34.49970      23.97576
      34.50980      23.97065
      34.52000      23.96550
      34.53020      23.96037
      34.54030      23.95529
      34.55050      23.95018
      34.56070      23.94507
      34.57080      23.94003
      34.58100      23.93495
      34.59120      23.92987
      34.60130      23.92486
      34.61150      23.91981
      34.62170      23.91476
      34.63180      23.90978
      34.64200      23.90476
      34.65210      23.89980
      34.66230      23.89479
      34.67250      23.88980
      34.68260      23.88487
      34.69280      23.87990
      34.70300      23.87493
      34.71310      23.87003
      34.72330      23.86509
      34.73350      23.86015
      34.74360      23.85528
      34.75380      23.85037
      34.76400      23.84546
      34.77410      23.84062
      34.78430      23.83573
      34.79440      23.83091
      34.80460      23.82604
      34.81480      23.82119
      34.82490      23.81639
      34.83510      23.81155
      34.84530      23.80672
      34.85540      23.80195
      34.86560      23.79715
      34.87580      23.79235
      34.88590      23.78761
      34.89610      23.78283
      34.90630      23.77806
      34.91640      23.77334
      34.92660      23.76859
      34.93670      23.76390
      34.94690      23.75916
      34.95710      23.75444
      34.96720      23.74977
      34.97740      23.74506
      34.98760      23.74037
      34.99770      23.73572
      35.00790      23.73104
      35.01810      23.72638
      35.02820      23.72176
      35.03840      23.71711
      35.04860      23.71247
      35.05870      23.70788
      35.06890      23.70325
      35.07910      23.69864
      35.08920      23.69407
      35.09940      23.68948
      35.10950      23.68493
      35.11970      23.68035
      35.12990      23.67578
      35.14000      23.67126
      35.15020      23.66671
      35.16040      23.66216
      35.17050      23.65767
      35.18070      23.65314
      35.19090      23.64862
      35.20100      23.64415
      35.21120      23.63965
      35.22140      23.63515
      35.23150      23.63071
      35.24170      23.62623
      35.25180      23.62181
      35.26200      23.61735
      35.27220      23.61289
      35.28230      23.60849
      35.29250      23.60406
      35.30270      23.59963
      35.31280      23.59525
      35.32300      23.59084
      35.33320      23.58644
      35.34330      23.58209
      35.35350      23.57770
      35.36370      23.57333
      35.37380      23.56900
      35.38400      23.56464
      35.39420      23.56028
      35.40430      23.55598
      35.41450      23.55164
      35.42460      23.54736
      35.43480      23.54303
      35.44500      23.53872
      35.45510      23.53446
      35.46530      23.53016
      35.47550      23.52587
      35.48560      23.52163
      35.49580      23.51736
      35.50600      23.51309
      35.51610      23.50887
      35.52630      23.50463
      35.53650      23.50038
      35.54660      23.49619
      35.55680      23.49196
      35.56690      23.48779
      35.57710      23.48357
      35.58730      23.47937
      35.59740      23.47521
      35.60760      23.47103
      35.61780      23.46684
      35.62790      23.46271
      35.63810      23.45855
      35.64830      23.45439
      35.65840      23.45028
      35.66860      23.44614
      35.67880      23.44200
      35.68890      23.43791
      35.69910      23.43379
      35.70930      23.42968
      35.71940      23.42562
      35.72960      23.42152
      35.73970      23.41747
      35.74990      23.41338
      35.76010      23.40931
      35.77020      23.40528
      35.78040      23.40122
      35.79060      23.39716
      35.80070      23.39315
      35.81090      23.38911
      35.82110      23.38508
      35.83120      23.38110
      35.84140      23.37708
      35.85160      23.37307
      35.86170      23.36910
      35.87190      23.36511
      35.88200      23.36116
      35.89220      23.35717
      35.90240      23.35320
      35.91250      23.34927
      35.92270      23.34531
      35.93290      23.34135
      35.94300      23.33745
      35.95320      23.33351
      35.96340      23.32957
      35.97350      23.32569
      35.98370      23.32177
      35.99390      23.31785
