! TITLE: Yobs                                                                                                                                                                                                                                                            
! Peak:  2
       6.00860      20.00000
       6.01870      20.00000
       6.02890      20.00000
       6.03910      20.00000
       6.04920      20.00000
       6.05940      20.00000
       6.06960      20.00000
       6.07970      20.00000
       6.08990      20.00000
       6.10010      20.00000
       6.11020      20.00000
       6.12040      20.00000
       6.13060      20.00000
       6.14070      20.00000
       6.15090      20.00000
       6.16110      20.00000
       6.17120      20.00000
       6.18140      20.00000
       6.19150      20.00000
       6.20170      20.00000
       6.21190      20.00000
       6.22200      20.00000
       6.23220      20.00000
       6.24240      20.00000
       6.25250      20.00000
       6.26270      20.00000
       6.27290      20.00000
       6.28300      20.00000
       6.29320      20.00000
       6.30340      20.00000
       6.31350      20.00000
       6.32370      20.00000
       6.33380      20.00000
       6.34400      20.00000
       6.35420      20.00000
       6.36430      20.00000
       6.37450      20.00000
       6.38470      20.00000
       6.39480      20.00000
       6.40500      20.00000
       6.41520      20.00000
       6.42530      20.00000
       6.43550      20.00000
       6.44570      20.00000
       6.45580      20.00000
       6.46600      20.00000
       6.47620      20.00000
       6.48630      20.00000
       6.49650      20.00000
       6.50660      20.00000
       6.51680      20.00000
       6.52700      20.00000
       6.53710      20.00000
       6.54730      20.00000
       6.55750      20.00000
       6.56760      20.00000
       6.57780      20.00000
       6.58800      20.00000
       6.59810      20.00000
       6.60830      20.00000
       6.61850      20.00000
       6.62860      20.00000
       6.63880      20.00000
       6.64890      20.00000
       6.65910      20.00000
       6.66930      20.00000
       6.67940      20.00000
       6.68960      20.00000
       6.69980      20.00000
       6.70990      20.00000
       6.72010      20.00000
       6.73030      20.00000
       6.74040      20.00000
       6.75060      20.00000
       6.76080      20.00000
       6.77090      20.00000
       6.78110      20.00000
       6.79130      20.00000
       6.80140      20.00000
       6.81160      20.00000
       6.82170      20.00000
       6.83190      20.00000
       6.84210      20.00000
       6.85220      20.00000
       6.86240      20.00000
       6.87260      20.00000
       6.88270      20.00000
       6.89290      20.00000
       6.90310      20.00000
       6.91320      20.00000
       6.92340      20.00000
       6.93360      20.00000
       6.94370      20.00000
       6.95390      20.00000
       6.96400      20.00000
       6.97420      20.00000
       6.98440      20.00000
       6.99450      20.00000
       7.00470      20.00000
       7.01490      20.00000
       7.02500      20.00000
       7.03520      20.00000
       7.04540      20.00000
       7.05550      20.00000
       7.06570      20.00000
       7.07590      20.00000
       7.08600      20.00000
       7.09620      20.00000
       7.10640      20.00000
       7.11650      20.00000
       7.12670      20.00000
       7.13680      20.00000
       7.14700      20.00000
       7.15720      20.00000
       7.16730      20.00000
       7.17750      20.00000
       7.18770      20.00000
       7.19780      20.00000
       7.20800      20.00000
       7.21820      20.00000
       7.22830      20.00000
       7.23850      20.00000
       7.24870      20.00000
       7.25880      20.00000
       7.26900      20.00000
       7.27910      20.00000
       7.28930      20.00000
       7.29950      20.00000
       7.30960      20.00000
       7.31980      20.00000
       7.33000      20.00000
       7.34010      20.00000
       7.35030      20.00000
       7.36050      20.00000
       7.37060      20.00000
       7.38080      20.00000
       7.39100      20.00000
       7.40110      20.00000
       7.41130      20.00000
       7.42150      20.00000
       7.43160      20.00000
       7.44180      20.00000
       7.45190      20.00000
       7.46210      20.00000
       7.47230      20.00000
       7.48240      20.00000
       7.49260      20.00000
       7.50280      20.00000
       7.51290      20.00000
       7.52310      20.00000
       7.53330      20.00000
       7.54340      20.00000
       7.55360      20.00000
       7.56380      20.00000
       7.57390      20.00000
       7.58410      20.00000
       7.59420      20.00000
       7.60440      20.00000
       7.61460      20.00000
       7.62470      20.00000
       7.63490      20.00000
       7.64510      20.00000
       7.65520      20.00000
       7.66540      20.00000
       7.67560      20.00000
       7.68570      20.00000
       7.69590      20.00000
       7.70610      20.00000
       7.71620      20.00000
       7.72640      20.00000
       7.73650      20.00000
       7.74670      20.00000
       7.75690      20.00000
       7.76700      20.00000
       7.77720      20.00000
       7.78740      20.00000
       7.79750      20.00000
       7.80770      20.00000
       7.81790      20.00000
       7.82800      20.00000
       7.83820      20.00000
       7.84840      20.00000
       7.85850      20.00000
       7.86870      20.00000
       7.87890      20.00000
       7.88900      20.00000
       7.89920      20.00000
       7.90930      20.00000
       7.91950      20.00000
       7.92970      20.00000
       7.93980      20.00000
       7.95000      20.00000
       7.96020      20.00000
       7.97030      20.00000
       7.98050      20.00000
       7.99070      20.00000
       8.00080      20.00000
       8.01100      20.00000
       8.02120      20.00000
       8.03130      20.00000
       8.04150      20.00000
       8.05160      20.00000
       8.06180      20.00000
       8.07200      20.00000
       8.08210      20.00000
       8.09230      20.00000
       8.10250      20.00000
       8.11260      20.00000
       8.12280      20.00000
       8.13300      20.00000
       8.14310      20.00000
       8.15330      20.00000
       8.16350      20.00000
       8.17360      20.00000
       8.18380      20.00000
       8.19400      20.00000
       8.20410      20.00000
       8.21430      20.00000
       8.22440      20.00000
       8.23460      20.00000
       8.24480      20.00000
       8.25490      20.00000
       8.26510      20.00000
       8.27530      20.00000
       8.28540      20.00000
       8.29560      20.00000
       8.30580      20.00000
       8.31590      20.00000
       8.32610      20.00000
       8.33630      20.00000
       8.34640      20.00000
       8.35660      20.00000
       8.36670      20.00000
       8.37690      20.00000
       8.38710      20.00000
       8.39720      20.00000
       8.40740      20.00000
       8.41760      20.00000
       8.42770      20.00000
       8.43790      20.00000
       8.44810      20.00000
       8.45820      20.00000
       8.46840      20.00000
       8.47860      20.00000
       8.48870      20.00000
       8.49890      20.00000
       8.50910      20.00000
       8.51920      20.00000
       8.52940      20.00000
       8.53950      20.00000
       8.54970      20.00000
       8.55990      20.00000
       8.57000      20.00000
       8.58020      20.00000
       8.59040      20.00000
       8.60050      20.00000
       8.61070      20.00000
       8.62090      20.00000
       8.63100      20.00000
       8.64120      20.00000
       8.65140      20.00000
       8.66150      20.00000
       8.67170      20.00000
       8.68180      20.00000
       8.69200      20.00000
       8.70220      20.00000
       8.71230      20.00000
       8.72250      20.00000
       8.73270      20.00000
       8.74280      20.00000
       8.75300      20.00000
       8.76320      20.00000
       8.77330      20.00000
       8.78350      20.00000
       8.79370      20.00000
       8.80380      20.00000
       8.81400      20.00000
       8.82420      20.00000
       8.83430      20.00000
       8.84450      20.00000
       8.85460      20.00000
       8.86480      20.00000
       8.87500      20.00000
       8.88510      20.00000
       8.89530      20.00000
       8.90550      20.00000
       8.91560      20.00000
       8.92580      20.00000
       8.93600      20.00000
       8.94610      20.00000
       8.95630      20.00000
       8.96650      20.00000
       8.97660      20.00000
       8.98680      20.00000
       8.99690      20.00000
       9.00710      20.00000
       9.01730      20.00000
       9.02740      20.00000
       9.03760      20.00000
       9.04780      20.00000
       9.05790      20.00000
       9.06810      20.00000
       9.07830      20.00000
       9.08840      20.00000
       9.09860      20.00000
       9.10880      20.00000
       9.11890      20.00000
       9.12910      20.00000
       9.13930      20.00000
       9.14940      20.00000
       9.15960      20.00000
       9.16970      20.00000
       9.17990      20.00000
       9.19010      20.00000
       9.20020      20.00000
       9.21040      20.00000
       9.22060      20.00000
       9.23070      20.00000
       9.24090      20.00000
       9.25110      20.00000
       9.26120      20.00000
       9.27140      20.00000
       9.28160      20.00000
       9.29170      20.00000
       9.30190      20.00000
       9.31200      20.00000
       9.32220      20.00000
       9.33240      20.00000
       9.34250      20.00000
       9.35270      20.00000
       9.36290      20.00000
       9.37300      20.00000
       9.38320      20.00000
       9.39340      20.00000
       9.40350      20.00000
       9.41370      20.00000
       9.42390      20.00000
       9.43400      20.00000
       9.44420      20.00000
       9.45440      20.00000
       9.46450      20.00000
       9.47470      20.00000
       9.48480      20.00000
       9.49500      20.00000
       9.50520      20.00000
       9.51530      20.00000
       9.52550      20.00000
       9.53570      20.00000
       9.54580      20.00000
       9.55600      20.00000
       9.56620      20.00000
       9.57630      20.00000
       9.58650      20.00000
       9.59670      20.00000
       9.60680      20.00000
       9.61700      20.00000
       9.62710      20.00000
       9.63730      20.00000
       9.64750      20.00000
       9.65760      20.00000
       9.66780      20.00000
       9.67800      20.00000
       9.68810      20.00000
       9.69830      20.00000
       9.70850      20.00000
       9.71860      20.00000
       9.72880      20.00000
       9.73900      20.00000
       9.74910      20.00000
       9.75930      20.00000
       9.76940      20.00000
       9.77960      20.00000
       9.78980      20.00000
       9.79990      20.00000
       9.81010      20.00000
       9.82030      20.00000
       9.83040      20.00000
       9.84060      20.00000
       9.85080      20.00000
       9.86090      20.00000
       9.87110      20.00000
       9.88130      20.00000
       9.89140      20.00000
       9.90160      20.00000
       9.91180      20.00000
       9.92190      20.00000
       9.93210      20.00000
       9.94220      20.00000
       9.95240      20.00000
       9.96260      20.00000
       9.97270      20.00000
       9.98290      20.00000
       9.99310      20.00000
      10.00320      20.00000
      10.01340      20.00000
      10.02360      20.00000
      10.03370      20.00000
      10.04390      20.00000
      10.05410      20.00000
      10.06420      20.00000
      10.07440      20.00000
      10.08450      20.00000
      10.09470      20.00000
      10.10490      20.00000
      10.11500      20.00000
      10.12520      20.00000
      10.13540      20.00000
      10.14550      20.00000
      10.15570      20.00000
      10.16590      20.00000
      10.17600      20.00000
      10.18620      20.00000
      10.19640      20.00000
      10.20650      20.00000
      10.21670      20.00000
      10.22690      20.00000
      10.23700      20.00000
      10.24720      20.00000
      10.25730      20.00000
      10.26750      20.00000
      10.27770      20.00000
      10.28780      20.00000
      10.29800      20.00000
      10.30820      20.00000
      10.31830      20.00000
      10.32850      20.00000
      10.33870      20.00000
      10.34880      20.00000
      10.35900      20.00000
      10.36920      20.00000
      10.37930      20.00000
      10.38950      20.00000
      10.39960      20.00000
      10.40980      20.00000
      10.42000      20.00000
      10.43010      20.00000
      10.44030      20.00000
      10.45050      20.00000
      10.46060      20.00000
      10.47080      20.00000
      10.48100      20.00000
      10.49110      20.00000
      10.50130      20.00000
      10.51150      20.00000
      10.52160      20.00000
      10.53180      20.00000
      10.54200      20.00000
      10.55210      20.00000
      10.56230      20.00000
      10.57240      20.00000
      10.58260      20.00000
      10.59280      20.00000
      10.60290      20.00000
      10.61310      20.00000
      10.62330      20.00000
      10.63340      20.00000
      10.64360      20.00000
      10.65380      20.00000
      10.66390      20.00000
      10.67410      20.00000
      10.68430      20.00000
      10.69440      20.00000
      10.70460      20.00000
      10.71470      20.00000
      10.72490      20.00000
      10.73510      20.00000
      10.74520      20.00000
      10.75540      20.00000
      10.76560      20.00000
      10.77570      20.00000
      10.78590      20.00000
      10.79610      20.00000
      10.80620      20.00000
      10.81640      20.00000
      10.82660      20.00000
      10.83670      20.00000
      10.84690      20.00000
      10.85710      20.00000
      10.86720      20.00000
      10.87740      20.00000
      10.88750      20.00000
      10.89770      20.00000
      10.90790      20.00000
      10.91800      20.00000
      10.92820      20.00000
      10.93840      20.00000
      10.94850      20.00000
      10.95870      20.00000
      10.96890      20.00000
      10.97900      20.00000
      10.98920      20.00000
      10.99940      20.00000
      11.00950      20.00000
      11.01970      20.00000
      11.02980      20.00000
      11.04000      20.00000
      11.05020      20.00000
      11.06030      20.00000
      11.07050      20.00000
      11.08070      20.00000
      11.09080      20.00000
      11.10100      20.00000
      11.11120      20.00000
      11.12130      20.00000
      11.13150      20.00000
      11.14170      20.00000
      11.15180      20.00000
      11.16200      20.00000
      11.17220      20.00000
      11.18230      20.00000
      11.19250      20.00000
      11.20260      20.00000
      11.21280      20.00000
      11.22300      20.00000
      11.23310      20.00000
      11.24330      20.00000
      11.25350      20.00000
      11.26360      20.00000
      11.27380      20.00000
      11.28400      20.00000
      11.29410      20.00000
      11.30430      20.00000
      11.31450      20.00000
      11.32460      20.00000
      11.33480      20.00000
      11.34490      20.00000
      11.35510      20.00000
      11.36530      20.00000
      11.37540      20.00000
      11.38560      20.00000
      11.39580      20.00000
      11.40590      20.00000
      11.41610      20.00000
      11.42630      20.00000
      11.43640      20.00000
      11.44660      20.00000
      11.45680      20.00000
      11.46690      20.00000
      11.47710      20.00000
      11.48730      20.00000
      11.49740      20.00000
      11.50760      20.00000
      11.51770      20.00000
      11.52790      20.00000
      11.53810      20.00000
      11.54820      20.00000
      11.55840      20.00000
      11.56860      20.00000
      11.57870      20.00000
      11.58890      20.00000
      11.59910      20.00000
      11.60920      20.00000
      11.61940      20.00000
      11.62960      20.00000
      11.63970      20.00000
      11.64990      20.00000
      11.66000      20.00000
      11.67020      20.00000
      11.68040      20.00000
      11.69050      20.00000
      11.70070      20.00000
      11.71090      20.00000
      11.72100      20.00000
      11.73120      20.00000
      11.74140      20.00000
      11.75150      20.00000
      11.76170      20.00000
      11.77190      20.00000
      11.78200      20.00000
      11.79220      20.00000
      11.80230      20.00000
      11.81250      20.00000
      11.82270      20.00000
      11.83280      20.00000
      11.84300      20.00000
      11.85320      20.00000
      11.86330      20.00000
      11.87350      20.00000
      11.88370      20.00000
      11.89380      20.00000
      11.90400      20.00000
      11.91420      20.00000
      11.92430      20.00000
      11.93450      20.00000
      11.94470      20.00000
      11.95480      20.00000
      11.96500      20.00000
      11.97510      20.00000
      11.98530      20.00000
      11.99550      20.00000
      12.00560      20.00000
      12.01580      20.00000
      12.02600      20.00000
      12.03610      20.00000
      12.04630      20.00000
      12.05650      20.00000
      12.06660      20.00000
      12.07680      20.00000
      12.08700      20.00000
      12.09710      20.00000
      12.10730      20.00000
      12.11740      20.00000
      12.12760      20.00000
      12.13780      20.00000
      12.14790      20.00000
      12.15810      20.00000
      12.16830      20.00000
      12.17840      20.00000
      12.18860      20.00000
      12.19880      20.00000
      12.20890      20.00000
      12.21910      20.00000
      12.22930      20.00000
      12.23940      20.00000
      12.24960      20.00000
      12.25980      20.00000
      12.26990      20.00000
      12.28010      20.00000
      12.29020      20.00000
      12.30040      20.00000
      12.31060      20.00000
      12.32070      20.00000
      12.33090      20.00000
      12.34110      20.00000
      12.35120      20.00000
      12.36140      20.00000
      12.37160      20.00000
      12.38170      20.00000
      12.39190      20.00000
      12.40210      20.00000
      12.41220      20.00000
      12.42240      20.00000
      12.43250      20.00000
      12.44270      20.00000
      12.45290      20.00000
      12.46300      20.00000
      12.47320      20.00000
      12.48340      20.00000
      12.49350      20.00000
      12.50370      20.00000
      12.51390      20.00000
      12.52400      20.00000
      12.53420      20.00000
      12.54440      20.00000
      12.55450      20.00000
      12.56470      20.00000
      12.57490      20.00000
      12.58500      20.00000
      12.59520      20.00000
      12.60530      20.00000
      12.61550      20.00000
      12.62570      20.00000
      12.63580      20.00000
      12.64600      20.00000
      12.65620      20.00000
      12.66630      20.00000
      12.67650      20.00000
      12.68670      20.00000
      12.69680      20.00000
      12.70700      20.00000
      12.71720      20.00000
      12.72730      20.00000
      12.73750      20.00000
      12.74760      20.00000
      12.75780      20.00000
      12.76800      20.00000
      12.77810      20.00000
      12.78830      20.00000
      12.79850      20.00000
      12.80860      20.00000
      12.81880      20.00000
      12.82900      20.00000
      12.83910      20.00000
      12.84930      20.00000
      12.85950      20.00000
      12.86960      20.00000
      12.87980      20.00000
      12.89000      20.00000
      12.90010      20.00000
      12.91030      20.00000
      12.92040      20.00000
      12.93060      20.00000
      12.94080      20.00000
      12.95090      20.00000
      12.96110      20.00000
      12.97130      20.00000
      12.98140      20.00000
      12.99160      20.02346
      13.00180      20.02353
      13.01190      20.02359
      13.02210      20.02365
      13.03230      20.02371
      13.04240      20.02378
      13.05260      20.02384
      13.06270      20.02390
      13.07290      20.02396
      13.08310      20.02403
      13.09320      20.02409
      13.10340      20.02415
      13.11360      20.02422
      13.12370      20.02428
      13.13390      20.02435
      13.14410      20.02441
      13.15420      20.02448
      13.16440      20.02455
      13.17460      20.02461
      13.18470      20.02468
      13.19490      20.02474
      13.20510      20.02481
      13.21520      20.02488
      13.22540      20.02494
      13.23550      20.02501
      13.24570      20.02508
      13.25590      20.02515
      13.26600      20.02522
      13.27620      20.02529
      13.28640      20.02535
      13.29650      20.02542
      13.30670      20.02549
      13.31690      20.02556
      13.32700      20.02563
      13.33720      20.02570
      13.34740      20.02577
      13.35750      20.02584
      13.36770      20.02592
      13.37780      20.02599
      13.38800      20.02606
      13.39820      20.02613
      13.40830      20.02620
      13.41850      20.02628
      13.42870      20.02635
      13.43880      20.02642
      13.44900      20.02649
      13.45920      20.02657
      13.46930      20.02664
      13.47950      20.02672
      13.48970      20.02679
      13.49980      20.02687
      13.51000      20.02694
      13.52010      20.02702
      13.53030      20.02710
      13.54050      20.02717
      13.55060      20.02725
      13.56080      20.02732
      13.57100      20.02740
      13.58110      20.02748
      13.59130      20.02756
      13.60150      20.02764
      13.61160      20.02772
      13.62180      20.02780
      13.63200      20.02787
      13.64210      20.02795
      13.65230      20.02803
      13.66250      20.02811
      13.67260      20.02819
      13.68280      20.02828
      13.69290      20.02836
      13.70310      20.02844
      13.71330      20.02852
      13.72340      20.02860
      13.73360      20.02869
      13.74380      20.02877
      13.75390      20.02885
      13.76410      20.02894
      13.77430      20.02902
      13.78440      20.02911
      13.79460      20.02919
      13.80480      20.02928
      13.81490      20.02936
      13.82510      20.02945
      13.83520      20.02954
      13.84540      20.02962
      13.85560      20.02971
      13.86570      20.02980
      13.87590      20.02989
      13.88610      20.02998
      13.89620      20.03006
      13.90640      20.03015
      13.91660      20.03024
      13.92670      20.03033
      13.93690      20.03042
      13.94710      20.03052
      13.95720      20.03061
      13.96740      20.03070
      13.97760      20.03079
      13.98770      20.03088
      13.99790      20.03098
      14.00800      20.03107
      14.01820      20.03116
      14.02840      20.03126
      14.03850      20.03135
      14.04870      20.03145
      14.05890      20.03154
      14.06900      20.03164
      14.07920      20.03173
      14.08940      20.03183
      14.09950      20.03193
      14.10970      20.03203
      14.11990      20.03213
      14.13000      20.03222
      14.14020      20.03232
      14.15030      20.03242
      14.16050      20.03252
      14.17070      20.03262
      14.18080      20.03272
      14.19100      20.03283
      14.20120      20.03293
      14.21130      20.03303
      14.22150      20.03313
      14.23170      20.03324
      14.24180      20.03334
      14.25200      20.03344
      14.26220      20.03355
      14.27230      20.03365
      14.28250      20.03376
      14.29270      20.03387
      14.30280      20.03397
      14.31300      20.03408
      14.32310      20.03419
      14.33330      20.03430
      14.34350      20.03440
      14.35360      20.03451
      14.36380      20.03462
      14.37400      20.03473
      14.38410      20.03485
      14.39430      20.03496
      14.40450      20.03507
      14.41460      20.03518
      14.42480      20.03530
      14.43500      20.03541
      14.44510      20.03552
      14.45530      20.03564
      14.46540      20.03575
      14.47560      20.03587
      14.48580      20.03599
      14.49590      20.03610
      14.50610      20.03622
      14.51630      20.03634
      14.52640      20.03646
      14.53660      20.03658
      14.54680      20.03670
      14.55690      20.03682
      14.56710      20.03694
      14.57730      20.03706
      14.58740      20.03718
      14.59760      20.03730
      14.60780      20.03743
      14.61790      20.03755
      14.62810      20.03768
      14.63820      20.03780
      14.64840      20.03793
      14.65860      20.03805
      14.66870      20.03818
      14.67890      20.03831
      14.68910      20.03844
      14.69920      20.03857
      14.70940      20.03870
      14.71960      20.03883
      14.72970      20.03896
      14.73990      20.03909
      14.75010      20.03922
      14.76020      20.03935
      14.77040      20.03949
      14.78050      20.03962
      14.79070      20.03976
      14.80090      20.03989
      14.81100      20.04003
      14.82120      20.04017
      14.83140      20.04031
      14.84150      20.04044
      14.85170      20.04058
      14.86190      20.04072
      14.87200      20.04086
      14.88220      20.04101
      14.89240      20.04115
      14.90250      20.04129
      14.91270      20.04144
      14.92290      20.04158
      14.93300      20.04173
      14.94320      20.04187
      14.95330      20.04202
      14.96350      20.04217
      14.97370      20.04231
      14.98380      20.04246
      14.99400      20.04261
      15.00420      20.04276
      15.01430      20.04292
      15.02450      20.04307
      15.03470      20.04322
      15.04480      20.04337
      15.05500      20.04353
      15.06520      20.04369
      15.07530      20.04384
      15.08550      20.04400
      15.09560      20.04416
      15.10580      20.04432
      15.11600      20.04448
      15.12610      20.04464
      15.13630      20.04480
      15.14650      20.04496
      15.15660      20.04512
      15.16680      20.04529
      15.17700      20.04545
      15.18710      20.04562
      15.19730      20.04579
      15.20750      20.04595
      15.21760      20.04612
      15.22780      20.04629
      15.23800      20.04646
      15.24810      20.04663
      15.25830      20.04681
      15.26840      20.04698
      15.27860      20.04716
      15.28880      20.04733
      15.29890      20.04751
      15.30910      20.04768
      15.31930      20.04786
      15.32940      20.04804
      15.33960      20.04822
      15.34980      20.04840
      15.35990      20.04859
      15.37010      20.04877
      15.38030      20.04896
      15.39040      20.04914
      15.40060      20.04933
      15.41070      20.04951
      15.42090      20.04970
      15.43110      20.04989
      15.44120      20.05008
      15.45140      20.05028
      15.46160      20.05047
      15.47170      20.05066
      15.48190      20.05086
      15.49210      20.05106
      15.50220      20.05125
      15.51240      20.05145
      15.52260      20.05165
      15.53270      20.05185
      15.54290      20.05206
      15.55300      20.05226
      15.56320      20.05246
      15.57340      20.05267
      15.58350      20.05288
      15.59370      20.05309
      15.60390      20.05330
      15.61400      20.05350
      15.62420      20.05372
      15.63440      20.05393
      15.64450      20.05414
      15.65470      20.05436
      15.66490      20.05458
      15.67500      20.05480
      15.68520      20.05502
      15.69540      20.05524
      15.70550      20.05546
      15.71570      20.05569
      15.72580      20.05591
      15.73600      20.05614
      15.74620      20.05636
      15.75630      20.05659
      15.76650      20.05682
      15.77670      20.05706
      15.78680      20.05729
      15.79700      20.05752
      15.80720      20.05776
      15.81730      20.05800
      15.82750      20.05824
      15.83770      20.05848
      15.84780      20.05872
      15.85800      20.05896
      15.86810      20.05921
      15.87830      20.05946
      15.88850      20.05971
      15.89860      20.05995
      15.90880      20.06021
      15.91900      20.06046
      15.92910      20.06071
      15.93930      20.06097
      15.94950      20.06123
      15.95960      20.06149
      15.96980      20.06175
      15.98000      20.06201
      15.99010      20.06228
      16.00030      20.06254
      16.01050      20.06281
      16.02060      20.06308
      16.03080      20.06335
      16.04090      20.06362
      16.05110      20.06390
      16.06130      20.06418
      16.07140      20.06446
      16.08160      20.06474
      16.09180      20.06502
      16.10190      20.06530
      16.11210      20.06559
      16.12230      20.06588
      16.13240      20.06616
      16.14260      20.06646
      16.15280      20.06675
      16.16290      20.06705
      16.17310      20.06734
      16.18320      20.06764
      16.19340      20.06794
      16.20360      20.06825
      16.21370      20.06855
      16.22390      20.06886
      16.23410      20.06917
      16.24420      20.06948
      16.25440      20.06980
      16.26460      20.07011
      16.27470      20.07043
      16.28490      20.07075
      16.29510      20.07107
      16.30520      20.07140
      16.31540      20.07172
      16.32560      20.07205
      16.33570      20.07238
      16.34590      20.07272
      16.35600      20.07305
      16.36620      20.07339
      16.37640      20.07373
      16.38650      20.07407
      16.39670      20.07442
      16.40690      20.07477
      16.41700      20.07512
      16.42720      20.07547
      16.43740      20.07583
      16.44750      20.07618
      16.45770      20.07654
      16.46790      20.07691
      16.47800      20.07727
      16.48820      20.07764
      16.49830      20.07801
      16.50850      20.07838
      16.51870      20.07876
      16.52880      20.07914
      16.53900      20.07952
      16.54920      20.07990
      16.55930      20.08029
      16.56950      20.08068
      16.57970      20.08107
      16.58980      20.08147
      16.60000      20.08187
      16.61020      20.08227
      16.62030      20.08267
      16.63050      20.08308
      16.64070      20.08349
      16.65080      20.08390
      16.66100      20.08432
      16.67110      20.08474
      16.68130      20.08516
      16.69150      20.08559
      16.70160      20.08601
      16.71180      20.08645
      16.72200      20.08688
      16.73210      20.08732
      16.74230      20.08776
      16.75250      20.08821
      16.76260      20.08866
      16.77280      20.08911
      16.78300      20.08957
      16.79310      20.09002
      16.80330      20.09049
      16.81340      20.09095
      16.82360      20.09142
      16.83380      20.09190
      16.84390      20.09237
      16.85410      20.09285
      16.86430      20.09334
      16.87440      20.09383
      16.88460      20.09432
      16.89480      20.09482
      16.90490      20.09531
      16.91510      20.09582
      16.92530      20.09633
      16.93540      20.09684
      16.94560      20.09736
      16.95580      20.09788
      16.96590      20.09840
      16.97610      20.09893
      16.98620      20.09946
      16.99640      20.10000
      17.00660      20.10054
      17.01670      20.10108
      17.02690      20.10164
      17.03710      20.10219
      17.04720      20.10275
      17.05740      20.10332
      17.06760      20.10389
      17.07770      20.10446
      17.08790      20.10504
      17.09810      20.10562
      17.10820      20.10620
      17.11840      20.10680
      17.12850      20.10739
      17.13870      20.10800
      17.14890      20.10861
      17.15900      20.10922
      17.16920      20.10984
      17.17940      20.11046
      17.18950      20.11109
      17.19970      20.11172
      17.20990      20.11237
      17.22000      20.11300
      17.23020      20.11366
      17.24040      20.11432
      17.25050      20.11497
      17.26070      20.11564
      17.27090      20.11632
      17.28100      20.11699
      17.29120      20.11768
      17.30130      20.11837
      17.31150      20.11907
      17.32170      20.11977
      17.33180      20.12048
      17.34200      20.12120
      17.35220      20.12192
      17.36230      20.12265
      17.37250      20.12338
      17.38270      20.12413
      17.39280      20.12487
      17.40300      20.12563
      17.41320      20.12640
      17.42330      20.12716
      17.43350      20.12794
      17.44360      20.12872
      17.45380      20.12951
      17.46400      20.13031
      17.47410      20.13111
      17.48430      20.13193
      17.49450      20.13275
      17.50460      20.13357
      17.51480      20.13441
      17.52500      20.13526
      17.53510      20.13610
      17.54530      20.13697
      17.55550      20.13784
      17.56560      20.13871
      17.57580      20.13959
      17.58590      20.14048
      17.59610      20.14138
      17.60630      20.14230
      17.61640      20.14321
      17.62660      20.14414
      17.63680      20.14508
      17.64690      20.14602
      17.65710      20.14698
      17.66730      20.14795
      17.67740      20.14891
      17.68760      20.14990
      17.69780      20.15090
      17.70790      20.15189
      17.71810      20.15291
      17.72830      20.15394
      17.73840      20.15496
      17.74860      20.15601
      17.75870      20.15706
      17.76890      20.15813
      17.77910      20.15921
      17.78920      20.16029
      17.79940      20.16139
      17.80960      20.16250
      17.81970      20.16361
      17.82990      20.16475
      17.84010      20.16590
      17.85020      20.16705
      17.86040      20.16822
      17.87060      20.16940
      17.88070      20.17059
      17.89090      20.17180
      17.90100      20.17301
      17.91120      20.17424
      17.92140      20.17549
      17.93150      20.17674
      17.94170      20.17802
      17.95190      20.17931
      17.96200      20.18060
      17.97220      20.18191
      17.98240      20.18324
      17.99250      20.18458
      18.00270      20.18594
      18.01290      20.18731
      18.02300      20.18869
      18.03320      20.19010
      18.04340      20.19152
      18.05350      20.19294
      18.06370      20.19440
      18.07380      20.19585
      18.08400      20.19734
      18.09420      20.19884
      18.10430      20.20035
      18.11450      20.20189
      18.12470      20.20344
      18.13480      20.20500
      18.14500      20.20659
      18.15520      20.20820
      18.16530      20.20982
      18.17550      20.21147
      18.18570      20.21313
      18.19580      20.21481
      18.20600      20.21651
      18.21610      20.21822
      18.22630      20.21997
      18.23650      20.22174
      18.24660      20.22351
      18.25680      20.22532
      18.26700      20.22716
      18.27710      20.22900
      18.28730      20.23088
      18.29750      20.23278
      18.30760      20.23468
      18.31780      20.23663
      18.32800      20.23860
      18.33810      20.24058
      18.34830      20.24261
      18.35850      20.24465
      18.36860      20.24671
      18.37880      20.24881
      18.38890      20.25091
      18.39910      20.25307
      18.40930      20.25525
      18.41940      20.25743
      18.42960      20.25967
      18.43980      20.26194
      18.44990      20.26421
      18.46010      20.26654
      18.47030      20.26890
      18.48040      20.27126
      18.49060      20.27368
      18.50080      20.27613
      18.51090      20.27859
      18.52110      20.28111
      18.53120      20.28364
      18.54140      20.28623
      18.55160      20.28885
      18.56170      20.29148
      18.57190      20.29417
      18.58210      20.29690
      18.59220      20.29965
      18.60240      20.30245
      18.61260      20.30530
      18.62270      20.30816
      18.63290      20.31109
      18.64310      20.31406
      18.65320      20.31704
      18.66340      20.32009
      18.67360      20.32319
      18.68370      20.32630
      18.69390      20.32949
      18.70400      20.33269
      18.71420      20.33597
      18.72440      20.33930
      18.73450      20.34265
      18.74470      20.34608
      18.75490      20.34956
      18.76500      20.35306
      18.77520      20.35665
      18.78540      20.36029
      18.79550      20.36395
      18.80570      20.36770
      18.81590      20.37151
      18.82600      20.37534
      18.83620      20.37927
      18.84630      20.38322
      18.85650      20.38727
      18.86670      20.39139
      18.87680      20.39553
      18.88700      20.39977
      18.89720      20.40409
      18.90730      20.40843
      18.91750      20.41289
      18.92770      20.41742
      18.93780      20.42197
      18.94800      20.42665
      18.95820      20.43141
      18.96830      20.43619
      18.97850      20.44111
      18.98870      20.44610
      18.99880      20.45113
      19.00900      20.45630
      19.01910      20.46150
      19.02930      20.46685
      19.03950      20.47228
      19.04960      20.47776
      19.05980      20.48339
      19.07000      20.48911
      19.08010      20.49488
      19.09030      20.50081
      19.10050      20.50685
      19.11060      20.51293
      19.12080      20.51918
      19.13100      20.52555
      19.14110      20.53197
      19.15130      20.53857
      19.16140      20.54523
      19.17160      20.55208
      19.18180      20.55905
      19.19190      20.56609
      19.20210      20.57333
      19.21230      20.58071
      19.22240      20.58815
      19.23260      20.59581
      19.24280      20.60363
      19.25290      20.61151
      19.26310      20.61963
      19.27330      20.62791
      19.28340      20.63627
      19.29360      20.64488
      19.30380      20.65367
      19.31390      20.66254
      19.32410      20.67168
      19.33420      20.68092
      19.34440      20.69044
      19.35460      20.70016
      19.36470      20.70999
      19.37490      20.72012
      19.38510      20.73046
      19.39520      20.74093
      19.40540      20.75172
      19.41560      20.76275
      19.42570      20.77390
      19.43590      20.78542
      19.44610      20.79719
      19.45620      20.80910
      19.46640      20.82141
      19.47650      20.83387
      19.48670      20.84674
      19.49690      20.85991
      19.50700      20.87325
      19.51720      20.88704
      19.52740      20.90116
      19.53750      20.91548
      19.54770      20.93029
      19.55790      20.94546
      19.56800      20.96086
      19.57820      20.97680
      19.58840      20.99315
      19.59850      21.00975
      19.60870      21.02697
      19.61880      21.04446
      19.62900      21.06260
      19.63920      21.08124
      19.64930      21.10021
      19.65950      21.11992
      19.66970      21.14019
      19.67980      21.16085
      19.69000      21.18235
      19.70020      21.20450
      19.71030      21.22713
      19.72050      21.25070
      19.73070      21.27505
      19.74080      21.29996
      19.75100      21.32598
      19.76120      21.35292
      19.77130      21.38055
      19.78150      21.40948
      19.79160      21.43920
      19.80180      21.47038
      19.81200      21.50281
      19.82210      21.53621
      19.83230      21.57136
      19.84250      21.60802
      19.85260      21.64590
      19.86280      21.68587
      19.87300      21.72768
      19.88310      21.77103
      19.89330      21.81691
      19.90350      21.86504
      19.91360      21.91510
      19.92380      21.96821
      19.93390      22.02354
      19.94410      22.08236
      19.95430      22.14435
      19.96440      22.20907
      19.97460      22.27804
      19.98480      22.35088
      19.99490      22.42706
      20.00510      22.50838
      20.01530      22.59439
      20.02540      22.68446
      20.03560      22.78072
      20.04580      22.88260
      20.05590      22.98939
      20.06610      23.10352
      20.07630      23.22439
      20.08640      23.35104
      20.09660      23.48640
      20.10670      23.62822
      20.11690      23.77967
      20.12710      23.93987
      20.13720      24.10749
      20.14740      24.28633
      20.15760      24.47520
      20.16770      24.67249
      20.17790      24.88261
      20.18810      25.10405
      20.19820      25.33489
      20.20840      25.58016
      20.21860      25.83797
      20.22870      26.10611
      20.23890      26.39014
      20.24900      26.68498
      20.25920      26.99664
      20.26940      27.32273
      20.27950      27.66003
      20.28970      28.01552
      20.29990      28.38611
      20.31000      28.76808
      20.32020      29.16918
      20.33040      29.58576
      20.34050      30.01346
      20.35070      30.46082
      20.36090      30.92353
      20.37100      31.39662
      20.38120      31.88934
      20.39140      32.39661
      20.40150      32.91311
      20.41170      33.44831
      20.42180      33.99146
      20.43200      34.55236
      20.44220      35.12522
      20.45230      35.70321
      20.46250      36.29696
      20.47270      36.89962
      20.48280      37.50391
      20.49300      38.12057
      20.50320      38.74209
      20.51330      39.36064
      20.52350      39.98679
      20.53370      40.61244
      20.54380      41.22929
      20.55400      41.84742
      20.56410      42.45217
      20.57430      43.05306
      20.58450      43.64110
      20.59460      44.20810
      20.60480      44.76194
      20.61500      45.29402
      20.62510      45.79609
      20.63530      46.27494
      20.64550      46.72211
      20.65560      47.13044
      20.66580      47.50499
      20.67600      47.83847
      20.68610      48.12548
      20.69630      48.36926
      20.70650      48.56451
      20.71660      48.70836
      20.72680      48.80225
      20.73690      48.84348
      20.74710      48.83248
      20.75730      48.76870
      20.76740      48.65411
      20.77760      48.48756
      20.78780      48.27141
      20.79790      48.01049
      20.80810      47.70188
      20.81830      47.35058
      20.82840      46.96354
      20.83860      46.53605
      20.84880      46.07501
      20.85890      45.58870
      20.86910      45.07066
      20.87920      44.53436
      20.88940      43.97226
      20.89960      43.39287
      20.90970      42.80479
      20.91990      42.19943
      20.93010      41.58534
      20.94020      40.97089
      20.95040      40.34661
      20.96060      39.72050
      20.97070      39.10091
      20.98090      38.47733
      20.99110      37.85768
      21.00120      37.24961
      21.01140      36.64235
      21.02160      36.04334
      21.03170      35.45952
      21.04190      34.88024
      21.05200      34.31789
      21.06220      33.76203
      21.07240      33.21914
      21.08250      32.69473
      21.09270      32.17920
      21.10290      31.67802
      21.11300      31.19629
      21.12320      30.72491
      21.13340      30.26871
      21.14350      29.83221
      21.15370      29.40673
      21.16390      28.99674
      21.17400      28.60603
      21.18420      28.22668
      21.19430      27.86606
      21.20450      27.51678
      21.21470      27.18230
      21.22480      26.86546
      21.23500      26.55961
      21.24520      26.26774
      21.25530      25.99203
      21.26550      25.72681
      21.27570      25.47435
      21.28580      25.23659
      21.29600      25.00848
      21.30620      24.79191
      21.31630      24.58846
      21.32650      24.39364
      21.33660      24.21087
      21.34680      24.03606
      21.35700      23.87066
      21.36710      23.71573
      21.37730      23.56775
      21.38750      23.42790
      21.39760      23.29704
      21.40780      23.17215
      21.41800      23.05421
      21.42810      22.94385
      21.43830      22.83858
      21.44850      22.73912
      21.45860      22.64607
      21.46880      22.55723
      21.47900      22.47325
      21.48910      22.39459
      21.49930      22.31942
      21.50940      22.24894
      21.51960      22.18151
      21.52980      22.11759
      21.53990      22.05755
      21.55010      21.99998
      21.56030      21.94529
      21.57040      21.89380
      21.58060      21.84429
      21.59080      21.79714
      21.60090      21.75260
      21.61110      21.70967
      21.62130      21.66866
      21.63140      21.62981
      21.64160      21.59224
      21.65170      21.55659
      21.66190      21.52204
      21.67210      21.48886
      21.68220      21.45729
      21.69240      21.42660
      21.70260      21.39705
      21.71270      21.36884
      21.72290      21.34135
      21.73310      21.31481
      21.74320      21.28941
      21.75340      21.26460
      21.76360      21.24059
      21.77370      21.21755
      21.78390      21.19500
      21.79410      21.17313
      21.80420      21.15211
      21.81440      21.13150
      21.82450      21.11167
      21.83470      21.09219
      21.84490      21.07325
      21.85500      21.05501
      21.86520      21.03706
      21.87540      21.01959
      21.88550      21.00274
      21.89570      20.98615
      21.90590      20.96997
      21.91600      20.95435
      21.92620      20.93896
      21.93640      20.92394
      21.94650      20.90943
      21.95670      20.89511
      21.96680      20.88127
      21.97700      20.86761
      21.98720      20.85427
      21.99730      20.84136
      22.00750      20.82861
      22.01770      20.81614
      22.02780      20.80408
      22.03800      20.79215
      22.04820      20.78049
      22.05830      20.76920
      22.06850      20.75803
      22.07870      20.74710
      22.08880      20.73651
      22.09900      20.72604
      22.10920      20.71579
      22.11930      20.70584
      22.12950      20.69600
      22.13960      20.68646
      22.14980      20.67702
      22.16000      20.66777
      22.17010      20.65879
      22.18030      20.64991
      22.19050      20.64120
      22.20060      20.63274
      22.21080      20.62437
      22.22100      20.61616
      22.23110      20.60818
      22.24130      20.60029
      22.25150      20.59254
      22.26160      20.58501
      22.27180      20.57755
      22.28190      20.57030
      22.29210      20.56312
      22.30230      20.55607
      22.31240      20.54922
      22.32260      20.54242
      22.33280      20.53575
      22.34290      20.52926
      22.35310      20.52283
      22.36330      20.51651
      22.37340      20.51037
      22.38360      20.50427
      22.39380      20.49828
      22.40390      20.49245
      22.41410      20.48667
      22.42430      20.48098
      22.43440      20.47545
      22.44460      20.46996
      22.45470      20.46462
      22.46490      20.45931
      22.47510      20.45409
      22.48520      20.44901
      22.49540      20.44397
      22.50560      20.43901
      22.51570      20.43418
      22.52590      20.42937
      22.53610      20.42465
      22.54620      20.42005
      22.55640      20.41548
      22.56660      20.41098
      22.57670      20.40660
      22.58690      20.40225
      22.59700      20.39800
      22.60720      20.39378
      22.61740      20.38963
      22.62750      20.38558
      22.63770      20.38155
      22.64790      20.37759
      22.65800      20.37372
      22.66820      20.36988
      22.67840      20.36610
      22.68850      20.36240
      22.69870      20.35873
      22.70890      20.35511
      22.71900      20.35159
      22.72920      20.34808
      22.73940      20.34462
      22.74950      20.34124
      22.75970      20.33788
      22.76980      20.33461
      22.78000      20.33134
      22.79020      20.32813
      22.80030      20.32499
      22.81050      20.32187
      22.82070      20.31879
      22.83080      20.31578
      22.84100      20.31279
      22.85120      20.30984
      22.86130      20.30696
      22.87150      20.30408
      22.88170      20.30126
      22.89180      20.29849
      22.90200      20.29574
      22.91210      20.29305
      22.92230      20.29037
      22.93250      20.28773
      22.94260      20.28515
      22.95280      20.28258
      22.96300      20.28004
      22.97310      20.27756
      22.98330      20.27509
      22.99350      20.27265
      23.00360      20.27027
      23.01380      20.26789
      23.02400      20.26555
      23.03410      20.26326
      23.04430      20.26097
      23.05450      20.25872
      23.06460      20.25651
      23.07480      20.25432
      23.08490      20.25217
      23.09510      20.25002
      23.10530      20.24791
      23.11540      20.24584
      23.12560      20.24378
      23.13580      20.24174
      23.14590      20.23975
      23.15610      20.23776
      23.16630      20.23580
      23.17640      20.23388
      23.18660      20.23197
      23.19680      20.23007
      23.20690      20.22822
      23.21710      20.22638
      23.22720      20.22457
      23.23740      20.22277
      23.24760      20.22099
      23.25770      20.21924
      23.26790      20.21750
      23.27810      20.21578
      23.28820      20.21410
      23.29840      20.21242
      23.30860      20.21076
      23.31870      20.20914
      23.32890      20.20752
      23.33910      20.20592
      23.34920      20.20435
      23.35940      20.20278
      23.36950      20.20125
      23.37970      20.19972
      23.38990      20.19820
      23.40000      20.19672
      23.41020      20.19524
      23.42040      20.19378
      23.43050      20.19234
      23.44070      20.19091
      23.45090      20.18950
      23.46100      20.18811
      23.47120      20.18673
      23.48140      20.18536
      23.49150      20.18402
      23.50170      20.18268
      23.51190      20.18135
      23.52200      20.18005
      23.53220      20.17875
      23.54230      20.17748
      23.55250      20.17622
      23.56270      20.17496
      23.57280      20.17373
      23.58300      20.17250
      23.59320      20.17128
      23.60330      20.17009
      23.61350      20.16890
      23.62370      20.16772
      23.63380      20.16656
      23.64400      20.16541
      23.65420      20.16427
      23.66430      20.16315
      23.67450      20.16203
      23.68460      20.16093
      23.69480      20.15983
      23.70500      20.15875
      23.71510      20.15768
      23.72530      20.15662
      23.73550      20.15557
      23.74560      20.15453
      23.75580      20.15350
      23.76600      20.15248
      23.77610      20.15147
      23.78630      20.15047
      23.79650      20.14948
      23.80660      20.14851
      23.81680      20.14753
      23.82700      20.14657
      23.83710      20.14563
      23.84730      20.14468
      23.85740      20.14375
      23.86760      20.14283
      23.87780      20.14191
      23.88790      20.14101
      23.89810      20.14011
      23.90830      20.13922
      23.91840      20.13834
      23.92860      20.13746
      23.93880      20.13660
      23.94890      20.13575
      23.95910      20.13490
      23.96930      20.13405
      23.97940      20.13323
      23.98960      20.13240
      23.99970      20.13159
      24.00990      20.13078
      24.02010      20.12997
      24.03020      20.12918
      24.04040      20.12839
      24.05060      20.12761
      24.06070      20.12684
      24.07090      20.12607
      24.08110      20.12531
      24.09120      20.12456
      24.10140      20.12381
      24.11160      20.12307
      24.12170      20.12234
      24.13190      20.12161
      24.14210      20.12089
      24.15220      20.12018
      24.16240      20.11947
      24.17250      20.11878
      24.18270      20.11808
      24.19290      20.11739
      24.20300      20.11671
      24.21320      20.11603
      24.22340      20.11536
      24.23350      20.11470
      24.24370      20.11404
      24.25390      20.11338
      24.26400      20.11274
      24.27420      20.11209
      24.28440      20.11145
      24.29450      20.11082
      24.30470      20.11020
      24.31480      20.10958
      24.32500      20.10896
      24.33520      20.10835
      24.34530      20.10775
      24.35550      20.10714
      24.36570      20.10655
      24.37580      20.10596
      24.38600      20.10537
      24.39620      20.10479
      24.40630      20.10422
      24.41650      20.10364
      24.42670      20.10307
      24.43680      20.10252
      24.44700      20.10196
      24.45720      20.10140
      24.46730      20.10086
      24.47750      20.10031
      24.48760      20.09977
      24.49780      20.09924
      24.50800      20.09870
      24.51810      20.09818
      24.52830      20.09766
      24.53850      20.09714
      24.54860      20.09662
      24.55880      20.09611
      24.56900      20.09560
      24.57910      20.09511
      24.58930      20.09460
      24.59950      20.09411
      24.60960      20.09362
      24.61980      20.09313
      24.62990      20.09265
      24.64010      20.09217
      24.65030      20.09170
      24.66040      20.09123
      24.67060      20.09076
      24.68080      20.09029
      24.69090      20.08983
      24.70110      20.08937
      24.71130      20.08892
      24.72140      20.08847
      24.73160      20.08802
      24.74180      20.08757
      24.75190      20.08714
      24.76210      20.08670
      24.77230      20.08626
      24.78240      20.08583
      24.79260      20.08541
      24.80270      20.08498
      24.81290      20.08456
      24.82310      20.08414
      24.83320      20.08373
      24.84340      20.08332
      24.85360      20.08291
      24.86370      20.08250
      24.87390      20.08210
      24.88410      20.08170
      24.89420      20.08130
      24.90440      20.08091
      24.91460      20.08051
      24.92470      20.08013
      24.93490      20.07974
      24.94500      20.07936
      24.95520      20.07898
      24.96540      20.07860
      24.97550      20.07823
      24.98570      20.07785
      24.99590      20.07748
      25.00600      20.07712
      25.01620      20.07675
      25.02640      20.07639
      25.03650      20.07603
      25.04670      20.07568
      25.05690      20.07532
      25.06700      20.07497
      25.07720      20.07462
      25.08740      20.07427
      25.09750      20.07393
      25.10770      20.07359
      25.11780      20.07325
      25.12800      20.07291
      25.13820      20.07257
      25.14830      20.07224
      25.15850      20.07191
      25.16870      20.07158
      25.17880      20.07126
      25.18900      20.07094
      25.19920      20.07061
      25.20930      20.07030
      25.21950      20.06998
      25.22970      20.06966
      25.23980      20.06935
      25.25000      20.06904
      25.26010      20.06873
      25.27030      20.06842
      25.28050      20.06812
      25.29060      20.06782
      25.30080      20.06752
      25.31100      20.06722
      25.32110      20.06692
      25.33130      20.06663
      25.34150      20.06633
      25.35160      20.06604
      25.36180      20.06575
      25.37200      20.06547
      25.38210      20.06518
      25.39230      20.06490
      25.40240      20.06462
      25.41260      20.06434
      25.42280      20.06406
      25.43290      20.06379
      25.44310      20.06351
      25.45330      20.06324
      25.46340      20.06297
      25.47360      20.06270
      25.48380      20.06243
      25.49390      20.06217
      25.50410      20.06190
      25.51430      20.06164
      25.52440      20.06138
      25.53460      20.06112
      25.54480      20.06086
      25.55490      20.06061
      25.56510      20.06035
      25.57520      20.06010
      25.58540      20.05985
      25.59560      20.05960
      25.60570      20.05935
      25.61590      20.05911
      25.62610      20.05886
      25.63620      20.05862
      25.64640      20.05838
      25.65660      20.05814
      25.66670      20.05790
      25.67690      20.05766
      25.68710      20.05742
      25.69720      20.05719
      25.70740      20.05696
      25.71750      20.05673
      25.72770      20.05650
      25.73790      20.05627
      25.74800      20.05604
      25.75820      20.05581
      25.76840      20.05559
      25.77850      20.05537
      25.78870      20.05514
      25.79890      20.05492
      25.80900      20.05470
      25.81920      20.05449
      25.82940      20.05427
      25.83950      20.05405
      25.84970      20.05384
      25.85990      20.05363
      25.87000      20.05342
      25.88020      20.05321
      25.89030      20.05300
      25.90050      20.05279
      25.91070      20.05258
      25.92080      20.05238
      25.93100      20.05217
      25.94120      20.05197
      25.95130      20.05177
      25.96150      20.05157
      25.97170      20.05137
      25.98180      20.05117
      25.99200      20.05097
      26.00220      20.05078
      26.01230      20.05058
      26.02250      20.05039
      26.03260      20.05020
      26.04280      20.05000
      26.05300      20.04981
      26.06310      20.04962
      26.07330      20.04943
      26.08350      20.04925
      26.09360      20.04906
      26.10380      20.04888
      26.11400      20.04869
      26.12410      20.04851
      26.13430      20.04833
      26.14450      20.04815
      26.15460      20.04797
      26.16480      20.04779
      26.17500      20.04761
      26.18510      20.04743
      26.19530      20.04726
      26.20540      20.04708
      26.21560      20.04691
      26.22580      20.04673
      26.23590      20.04656
      26.24610      20.04639
      26.25630      20.04622
      26.26640      20.04605
      26.27660      20.04588
      26.28680      20.04572
      26.29690      20.04555
      26.30710      20.04538
      26.31730      20.04522
      26.32740      20.04506
      26.33760      20.04489
      26.34770      20.04473
      26.35790      20.04457
      26.36810      20.04441
      26.37820      20.04425
      26.38840      20.04409
      26.39860      20.04393
      26.40870      20.04378
      26.41890      20.04362
      26.42910      20.04346
      26.43920      20.04331
      26.44940      20.04316
      26.45960      20.04300
      26.46970      20.04285
      26.47990      20.04270
      26.49010      20.04255
      26.50020      20.04240
      26.51040      20.04225
      26.52050      20.04210
      26.53070      20.04196
      26.54090      20.04181
      26.55100      20.04166
      26.56120      20.04152
      26.57140      20.04137
      26.58150      20.04123
      26.59170      20.04109
      26.60190      20.04095
      26.61200      20.04081
      26.62220      20.04066
      26.63240      20.04052
      26.64250      20.04039
      26.65270      20.04025
      26.66280      20.04011
      26.67300      20.03997
      26.68320      20.03984
      26.69330      20.03970
      26.70350      20.03957
      26.71370      20.03943
      26.72380      20.03930
      26.73400      20.03917
      26.74420      20.03903
      26.75430      20.03890
      26.76450      20.03877
      26.77470      20.03864
      26.78480      20.03851
      26.79500      20.03838
      26.80520      20.03825
      26.81530      20.03813
      26.82550      20.03800
      26.83560      20.03787
      26.84580      20.03775
      26.85600      20.03762
      26.86610      20.03750
      26.87630      20.03737
      26.88650      20.03725
      26.89660      20.03713
      26.90680      20.03701
      26.91700      20.03688
      26.92710      20.03676
      26.93730      20.03664
      26.94750      20.03652
      26.95760      20.03641
      26.96780      20.03629
      26.97790      20.03617
      26.98810      20.03605
      26.99830      20.03593
      27.00840      20.03582
      27.01860      20.03570
      27.02880      20.03559
      27.03890      20.03547
      27.04910      20.03536
      27.05930      20.03525
      27.06940      20.03514
      27.07960      20.03502
      27.08980      20.03491
      27.09990      20.03480
      27.11010      20.03469
      27.12020      20.03458
      27.13040      20.03447
      27.14060      20.03436
      27.15070      20.03425
      27.16090      20.03414
      27.17110      20.03403
      27.18120      20.03393
      27.19140      20.03382
      27.20160      20.03371
      27.21170      20.03361
      27.22190      20.03350
      27.23210      20.03340
      27.24220      20.03330
      27.25240      20.03319
      27.26260      20.03309
      27.27270      20.03299
      27.28290      20.03288
      27.29300      20.03278
      27.30320      20.03268
      27.31340      20.03258
      27.32350      20.03248
      27.33370      20.03238
      27.34390      20.03228
      27.35400      20.03218
      27.36420      20.03208
      27.37440      20.03198
      27.38450      20.03189
      27.39470      20.03179
      27.40490      20.03169
      27.41500      20.03160
      27.42520      20.03150
      27.43530      20.03141
      27.44550      20.03131
      27.45570      20.03122
      27.46580      20.03112
      27.47600      20.03103
      27.48620      20.03094
      27.49630      20.03084
      27.50650      20.03075
      27.51670      20.03066
      27.52680      20.03057
      27.53700      20.03048
      27.54720      20.03039
      27.55730      20.03030
      27.56750      20.03020
      27.57770      20.03012
      27.58780      20.03003
      27.59800      20.02994
      27.60810      20.02985
      27.61830      20.02976
      27.62850      20.02967
      27.63860      20.02959
      27.64880      20.02950
      27.65900      20.02941
      27.66910      20.02933
      27.67930      20.02924
      27.68950      20.02916
      27.69960      20.02907
      27.70980      20.02899
      27.72000      20.02890
      27.73010      20.02882
      27.74030      20.02874
      27.75040      20.02865
      27.76060      20.02857
      27.77080      20.02849
      27.78090      20.02841
      27.79110      20.02832
      27.80130      20.02824
      27.81140      20.02816
      27.82160      20.02808
      27.83180      20.02800
      27.84190      20.02792
      27.85210      20.02784
      27.86230      20.02776
      27.87240      20.02768
      27.88260      20.02760
      27.89280      20.02752
      27.90290      20.02745
      27.91310      20.02737
      27.92320      20.02729
      27.93340      20.02722
      27.94360      20.02714
      27.95370      20.02706
      27.96390      20.02699
      27.97410      20.02691
      27.98420      20.02684
      27.99440      20.02676
      28.00460      20.02669
      28.01470      20.02661
      28.02490      20.02654
      28.03510      20.02646
      28.04520      20.02639
      28.05540      20.02632
      28.06550      20.02625
      28.07570      20.02617
      28.08590      20.02610
      28.09600      20.02603
      28.10620      20.02596
      28.11640      20.02588
      28.12650      20.02581
      28.13670      20.02574
      28.14690      20.02567
      28.15700      20.02560
      28.16720      20.02553
      28.17740      20.02546
      28.18750      20.02539
      28.19770      20.02532
      28.20790      20.02526
      28.21800      20.02519
      28.22820      20.02512
      28.23830      20.02505
      28.24850      20.02498
      28.25870      20.02492
      28.26880      20.02485
      28.27900      20.02478
      28.28920      20.02472
      28.29930      20.02465
      28.30950      20.02458
      28.31970      20.02452
      28.32980      20.02445
      28.34000      20.02439
      28.35020      20.02432
      28.36030      20.02426
      28.37050      20.02419
      28.38060      20.02413
      28.39080      20.02407
      28.40100      20.02400
      28.41110      20.02394
      28.42130      20.02387
      28.43150      20.02381
      28.44160      20.02375
      28.45180      20.02369
      28.46200      20.02362
      28.47210      20.02356
      28.48230      20.02350
      28.49250      20.02344
      28.50260      20.00000
      28.51280      20.00000
      28.52300      20.00000
      28.53310      20.00000
      28.54330      20.00000
      28.55340      20.00000
      28.56360      20.00000
      28.57380      20.00000
      28.58390      20.00000
      28.59410      20.00000
      28.60430      20.00000
      28.61440      20.00000
      28.62460      20.00000
      28.63480      20.00000
      28.64490      20.00000
      28.65510      20.00000
      28.66530      20.00000
      28.67540      20.00000
      28.68560      20.00000
      28.69570      20.00000
      28.70590      20.00000
      28.71610      20.00000
      28.72620      20.00000
      28.73640      20.00000
      28.74660      20.00000
      28.75670      20.00000
      28.76690      20.00000
      28.77710      20.00000
      28.78720      20.00000
      28.79740      20.00000
      28.80760      20.00000
      28.81770      20.00000
      28.82790      20.00000
      28.83810      20.00000
      28.84820      20.00000
      28.85840      20.00000
      28.86850      20.00000
      28.87870      20.00000
      28.88890      20.00000
      28.89900      20.00000
      28.90920      20.00000
      28.91940      20.00000
      28.92950      20.00000
      28.93970      20.00000
      28.94990      20.00000
      28.96000      20.00000
      28.97020      20.00000
      28.98040      20.00000
      28.99050      20.00000
      29.00070      20.00000
      29.01080      20.00000
      29.02100      20.00000
      29.03120      20.00000
      29.04130      20.00000
      29.05150      20.00000
      29.06170      20.00000
      29.07180      20.00000
      29.08200      20.00000
      29.09220      20.00000
      29.10230      20.00000
      29.11250      20.00000
      29.12270      20.00000
      29.13280      20.00000
      29.14300      20.00000
      29.15310      20.00000
      29.16330      20.00000
      29.17350      20.00000
      29.18360      20.00000
      29.19380      20.00000
      29.20400      20.00000
      29.21410      20.00000
      29.22430      20.00000
      29.23450      20.00000
      29.24460      20.00000
      29.25480      20.00000
      29.26500      20.00000
      29.27510      20.00000
      29.28530      20.00000
      29.29550      20.00000
      29.30560      20.00000
      29.31580      20.00000
      29.32590      20.00000
      29.33610      20.00000
      29.34630      20.00000
      29.35640      20.00000
      29.36660      20.00000
      29.37680      20.00000
      29.38690      20.00000
      29.39710      20.00000
      29.40730      20.00000
      29.41740      20.00000
      29.42760      20.00000
      29.43780      20.00000
      29.44790      20.00000
      29.45810      20.00000
      29.46820      20.00000
      29.47840      20.00000
      29.48860      20.00000
      29.49870      20.00000
      29.50890      20.00000
      29.51910      20.00000
      29.52920      20.00000
      29.53940      20.00000
      29.54960      20.00000
      29.55970      20.00000
      29.56990      20.00000
      29.58010      20.00000
      29.59020      20.00000
      29.60040      20.00000
      29.61060      20.00000
      29.62070      20.00000
      29.63090      20.00000
      29.64100      20.00000
      29.65120      20.00000
      29.66140      20.00000
      29.67150      20.00000
      29.68170      20.00000
      29.69190      20.00000
      29.70200      20.00000
      29.71220      20.00000
      29.72240      20.00000
      29.73250      20.00000
      29.74270      20.00000
      29.75290      20.00000
      29.76300      20.00000
      29.77320      20.00000
      29.78330      20.00000
      29.79350      20.00000
      29.80370      20.00000
      29.81380      20.00000
      29.82400      20.00000
      29.83420      20.00000
      29.84430      20.00000
      29.85450      20.00000
      29.86470      20.00000
      29.87480      20.00000
      29.88500      20.00000
      29.89520      20.00000
      29.90530      20.00000
      29.91550      20.00000
      29.92570      20.00000
      29.93580      20.00000
      29.94600      20.00000
      29.95610      20.00000
      29.96630      20.00000
      29.97650      20.00000
      29.98660      20.00000
      29.99680      20.00000
      30.00700      20.00000
      30.01710      20.00000
      30.02730      20.00000
      30.03750      20.00000
      30.04760      20.00000
      30.05780      20.00000
      30.06800      20.00000
      30.07810      20.00000
      30.08830      20.00000
      30.09840      20.00000
      30.10860      20.00000
      30.11880      20.00000
      30.12890      20.00000
      30.13910      20.00000
      30.14930      20.00000
      30.15940      20.00000
      30.16960      20.00000
      30.17980      20.00000
      30.18990      20.00000
      30.20010      20.00000
      30.21030      20.00000
      30.22040      20.00000
      30.23060      20.00000
      30.24080      20.00000
      30.25090      20.00000
      30.26110      20.00000
      30.27120      20.00000
      30.28140      20.00000
      30.29160      20.00000
      30.30170      20.00000
      30.31190      20.00000
      30.32210      20.00000
      30.33220      20.00000
      30.34240      20.00000
      30.35260      20.00000
      30.36270      20.00000
      30.37290      20.00000
      30.38310      20.00000
      30.39320      20.00000
      30.40340      20.00000
      30.41350      20.00000
      30.42370      20.00000
      30.43390      20.00000
      30.44400      20.00000
      30.45420      20.00000
      30.46440      20.00000
      30.47450      20.00000
      30.48470      20.00000
      30.49490      20.00000
      30.50500      20.00000
      30.51520      20.00000
      30.52540      20.00000
      30.53550      20.00000
      30.54570      20.00000
      30.55590      20.00000
      30.56600      20.00000
      30.57620      20.00000
      30.58630      20.00000
      30.59650      20.00000
      30.60670      20.00000
      30.61680      20.00000
      30.62700      20.00000
      30.63720      20.00000
      30.64730      20.00000
      30.65750      20.00000
      30.66770      20.00000
      30.67780      20.00000
      30.68800      20.00000
      30.69820      20.00000
      30.70830      20.00000
      30.71850      20.00000
      30.72860      20.00000
      30.73880      20.00000
      30.74900      20.00000
      30.75910      20.00000
      30.76930      20.00000
      30.77950      20.00000
      30.78960      20.00000
      30.79980      20.00000
      30.81000      20.00000
      30.82010      20.00000
      30.83030      20.00000
      30.84050      20.00000
      30.85060      20.00000
      30.86080      20.00000
      30.87100      20.00000
      30.88110      20.00000
      30.89130      20.00000
      30.90140      20.00000
      30.91160      20.00000
      30.92180      20.00000
      30.93190      20.00000
      30.94210      20.00000
      30.95230      20.00000
      30.96240      20.00000
      30.97260      20.00000
      30.98280      20.00000
      30.99290      20.00000
      31.00310      20.00000
      31.01330      20.00000
      31.02340      20.00000
      31.03360      20.00000
      31.04370      20.00000
      31.05390      20.00000
      31.06410      20.00000
      31.07420      20.00000
      31.08440      20.00000
      31.09460      20.00000
      31.10470      20.00000
      31.11490      20.00000
      31.12510      20.00000
      31.13520      20.00000
      31.14540      20.00000
      31.15560      20.00000
      31.16570      20.00000
      31.17590      20.00000
      31.18600      20.00000
      31.19620      20.00000
      31.20640      20.00000
      31.21650      20.00000
      31.22670      20.00000
      31.23690      20.00000
      31.24700      20.00000
      31.25720      20.00000
      31.26740      20.00000
      31.27750      20.00000
      31.28770      20.00000
      31.29790      20.00000
      31.30800      20.00000
      31.31820      20.00000
      31.32840      20.00000
      31.33850      20.00000
      31.34870      20.00000
      31.35880      20.00000
      31.36900      20.00000
      31.37920      20.00000
      31.38930      20.00000
      31.39950      20.00000
      31.40970      20.00000
      31.41980      20.00000
      31.43000      20.00000
      31.44020      20.00000
      31.45030      20.00000
      31.46050      20.00000
      31.47070      20.00000
      31.48080      20.00000
      31.49100      20.00000
      31.50110      20.00000
      31.51130      20.00000
      31.52150      20.00000
      31.53160      20.00000
      31.54180      20.00000
      31.55200      20.00000
      31.56210      20.00000
      31.57230      20.00000
      31.58250      20.00000
      31.59260      20.00000
      31.60280      20.00000
      31.61300      20.00000
      31.62310      20.00000
      31.63330      20.00000
      31.64350      20.00000
      31.65360      20.00000
      31.66380      20.00000
      31.67390      20.00000
      31.68410      20.00000
      31.69430      20.00000
      31.70440      20.00000
      31.71460      20.00000
      31.72480      20.00000
      31.73490      20.00000
      31.74510      20.00000
      31.75530      20.00000
      31.76540      20.00000
      31.77560      20.00000
      31.78580      20.00000
      31.79590      20.00000
      31.80610      20.00000
      31.81620      20.00000
      31.82640      20.00000
      31.83660      20.00000
      31.84670      20.00000
      31.85690      20.00000
      31.86710      20.00000
      31.87720      20.00000
      31.88740      20.00000
      31.89760      20.00000
      31.90770      20.00000
      31.91790      20.00000
      31.92810      20.00000
      31.93820      20.00000
      31.94840      20.00000
      31.95860      20.00000
      31.96870      20.00000
      31.97890      20.00000
      31.98900      20.00000
      31.99920      20.00000
      32.00940      20.00000
      32.01950      20.00000
      32.02970      20.00000
      32.03990      20.00000
      32.05000      20.00000
      32.06020      20.00000
      32.07040      20.00000
      32.08050      20.00000
      32.09070      20.00000
      32.10090      20.00000
      32.11100      20.00000
      32.12120      20.00000
      32.13130      20.00000
      32.14150      20.00000
      32.15170      20.00000
      32.16180      20.00000
      32.17200      20.00000
      32.18220      20.00000
      32.19230      20.00000
      32.20250      20.00000
      32.21270      20.00000
      32.22280      20.00000
      32.23300      20.00000
      32.24320      20.00000
      32.25330      20.00000
      32.26350      20.00000
      32.27370      20.00000
      32.28380      20.00000
      32.29400      20.00000
      32.30410      20.00000
      32.31430      20.00000
      32.32450      20.00000
      32.33460      20.00000
      32.34480      20.00000
      32.35500      20.00000
      32.36510      20.00000
      32.37530      20.00000
      32.38550      20.00000
      32.39560      20.00000
      32.40580      20.00000
      32.41600      20.00000
      32.42610      20.00000
      32.43630      20.00000
      32.44640      20.00000
      32.45660      20.00000
      32.46680      20.00000
      32.47690      20.00000
      32.48710      20.00000
      32.49730      20.00000
      32.50740      20.00000
      32.51760      20.00000
      32.52780      20.00000
      32.53790      20.00000
      32.54810      20.00000
      32.55830      20.00000
      32.56840      20.00000
      32.57860      20.00000
      32.58880      20.00000
      32.59890      20.00000
      32.60910      20.00000
      32.61920      20.00000
      32.62940      20.00000
      32.63960      20.00000
      32.64970      20.00000
      32.65990      20.00000
      32.67010      20.00000
      32.68020      20.00000
      32.69040      20.00000
      32.70060      20.00000
      32.71070      20.00000
      32.72090      20.00000
      32.73110      20.00000
      32.74120      20.00000
      32.75140      20.00000
      32.76150      20.00000
      32.77170      20.00000
      32.78190      20.00000
      32.79200      20.00000
      32.80220      20.00000
      32.81240      20.00000
      32.82250      20.00000
      32.83270      20.00000
      32.84290      20.00000
      32.85300      20.00000
      32.86320      20.00000
      32.87340      20.00000
      32.88350      20.00000
      32.89370      20.00000
      32.90390      20.00000
      32.91400      20.00000
      32.92420      20.00000
      32.93430      20.00000
      32.94450      20.00000
      32.95470      20.00000
      32.96480      20.00000
      32.97500      20.00000
      32.98520      20.00000
      32.99530      20.00000
      33.00550      20.00000
      33.01570      20.00000
      33.02580      20.00000
      33.03600      20.00000
      33.04620      20.00000
      33.05630      20.00000
      33.06650      20.00000
      33.07660      20.00000
      33.08680      20.00000
      33.09700      20.00000
      33.10710      20.00000
      33.11730      20.00000
      33.12750      20.00000
      33.13760      20.00000
      33.14780      20.00000
      33.15800      20.00000
      33.16810      20.00000
      33.17830      20.00000
      33.18850      20.00000
      33.19860      20.00000
      33.20880      20.00000
      33.21890      20.00000
      33.22910      20.00000
      33.23930      20.00000
      33.24940      20.00000
      33.25960      20.00000
      33.26980      20.00000
      33.27990      20.00000
      33.29010      20.00000
      33.30030      20.00000
      33.31040      20.00000
      33.32060      20.00000
      33.33080      20.00000
      33.34090      20.00000
      33.35110      20.00000
      33.36130      20.00000
      33.37140      20.00000
      33.38160      20.00000
      33.39170      20.00000
      33.40190      20.00000
      33.41210      20.00000
      33.42220      20.00000
      33.43240      20.00000
      33.44260      20.00000
      33.45270      20.00000
      33.46290      20.00000
      33.47310      20.00000
      33.48320      20.00000
      33.49340      20.00000
      33.50360      20.00000
      33.51370      20.00000
      33.52390      20.00000
      33.53400      20.00000
      33.54420      20.00000
      33.55440      20.00000
      33.56450      20.00000
      33.57470      20.00000
      33.58490      20.00000
      33.59500      20.00000
      33.60520      20.00000
      33.61540      20.00000
      33.62550      20.00000
      33.63570      20.00000
      33.64590      20.00000
      33.65600      20.00000
      33.66620      20.00000
      33.67640      20.00000
      33.68650      20.00000
      33.69670      20.00000
      33.70680      20.00000
      33.71700      20.00000
      33.72720      20.00000
      33.73730      20.00000
      33.74750      20.00000
      33.75770      20.00000
      33.76780      20.00000
      33.77800      20.00000
      33.78820      20.00000
      33.79830      20.00000
      33.80850      20.00000
      33.81870      20.00000
      33.82880      20.00000
      33.83900      20.00000
      33.84910      20.00000
      33.85930      20.00000
      33.86950      20.00000
      33.87960      20.00000
      33.88980      20.00000
      33.90000      20.00000
      33.91010      20.00000
      33.92030      20.00000
      33.93050      20.00000
      33.94060      20.00000
      33.95080      20.00000
      33.96100      20.00000
      33.97110      20.00000
      33.98130      20.00000
      33.99150      20.00000
      34.00160      20.00000
      34.01180      20.00000
      34.02190      20.00000
      34.03210      20.00000
      34.04230      20.00000
      34.05240      20.00000
      34.06260      20.00000
      34.07280      20.00000
      34.08290      20.00000
      34.09310      20.00000
      34.10330      20.00000
      34.11340      20.00000
      34.12360      20.00000
      34.13380      20.00000
      34.14390      20.00000
      34.15410      20.00000
      34.16420      20.00000
      34.17440      20.00000
      34.18460      20.00000
      34.19470      20.00000
      34.20490      20.00000
      34.21510      20.00000
      34.22520      20.00000
      34.23540      20.00000
      34.24560      20.00000
      34.25570      20.00000
      34.26590      20.00000
      34.27610      20.00000
      34.28620      20.00000
      34.29640      20.00000
      34.30660      20.00000
      34.31670      20.00000
      34.32690      20.00000
      34.33700      20.00000
      34.34720      20.00000
      34.35740      20.00000
      34.36750      20.00000
      34.37770      20.00000
      34.38790      20.00000
      34.39800      20.00000
      34.40820      20.00000
      34.41840      20.00000
      34.42850      20.00000
      34.43870      20.00000
      34.44890      20.00000
      34.45900      20.00000
      34.46920      20.00000
      34.47930      20.00000
      34.48950      20.00000
      34.49970      20.00000
      34.50980      20.00000
      34.52000      20.00000
      34.53020      20.00000
      34.54030      20.00000
      34.55050      20.00000
      34.56070      20.00000
      34.57080      20.00000
      34.58100      20.00000
      34.59120      20.00000
      34.60130      20.00000
      34.61150      20.00000
      34.62170      20.00000
      34.63180      20.00000
      34.64200      20.00000
      34.65210      20.00000
      34.66230      20.00000
      34.67250      20.00000
      34.68260      20.00000
      34.69280      20.00000
      34.70300      20.00000
      34.71310      20.00000
      34.72330      20.00000
      34.73350      20.00000
      34.74360      20.00000
      34.75380      20.00000
      34.76400      20.00000
      34.77410      20.00000
      34.78430      20.00000
      34.79440      20.00000
      34.80460      20.00000
      34.81480      20.00000
      34.82490      20.00000
      34.83510      20.00000
      34.84530      20.00000
      34.85540      20.00000
      34.86560      20.00000
      34.87580      20.00000
      34.88590      20.00000
      34.89610      20.00000
      34.90630      20.00000
      34.91640      20.00000
      34.92660      20.00000
      34.93670      20.00000
      34.94690      20.00000
      34.95710      20.00000
      34.96720      20.00000
      34.97740      20.00000
      34.98760      20.00000
      34.99770      20.00000
      35.00790      20.00000
      35.01810      20.00000
      35.02820      20.00000
      35.03840      20.00000
      35.04860      20.00000
      35.05870      20.00000
      35.06890      20.00000
      35.07910      20.00000
      35.08920      20.00000
      35.09940      20.00000
      35.10950      20.00000
      35.11970      20.00000
      35.12990      20.00000
      35.14000      20.00000
      35.15020      20.00000
      35.16040      20.00000
      35.17050      20.00000
      35.18070      20.00000
      35.19090      20.00000
      35.20100      20.00000
      35.21120      20.00000
      35.22140      20.00000
      35.23150      20.00000
      35.24170      20.00000
      35.25180      20.00000
      35.26200      20.00000
      35.27220      20.00000
      35.28230      20.00000
      35.29250      20.00000
      35.30270      20.00000
      35.31280      20.00000
      35.32300      20.00000
      35.33320      20.00000
      35.34330      20.00000
      35.35350      20.00000
      35.36370      20.00000
      35.37380      20.00000
      35.38400      20.00000
      35.39420      20.00000
      35.40430      20.00000
      35.41450      20.00000
      35.42460      20.00000
      35.43480      20.00000
      35.44500      20.00000
      35.45510      20.00000
      35.46530      20.00000
      35.47550      20.00000
      35.48560      20.00000
      35.49580      20.00000
      35.50600      20.00000
      35.51610      20.00000
      35.52630      20.00000
      35.53650      20.00000
      35.54660      20.00000
      35.55680      20.00000
      35.56690      20.00000
      35.57710      20.00000
      35.58730      20.00000
      35.59740      20.00000
      35.60760      20.00000
      35.61780      20.00000
      35.62790      20.00000
      35.63810      20.00000
      35.64830      20.00000
      35.65840      20.00000
      35.66860      20.00000
      35.67880      20.00000
      35.68890      20.00000
      35.69910      20.00000
      35.70930      20.00000
      35.71940      20.00000
      35.72960      20.00000
      35.73970      20.00000
      35.74990      20.00000
      35.76010      20.00000
      35.77020      20.00000
      35.78040      20.00000
      35.79060      20.00000
      35.80070      20.00000
      35.81090      20.00000
      35.82110      20.00000
      35.83120      20.00000
      35.84140      20.00000
      35.85160      20.00000
      35.86170      20.00000
      35.87190      20.00000
      35.88200      20.00000
      35.89220      20.00000
      35.90240      20.00000
      35.91250      20.00000
      35.92270      20.00000
      35.93290      20.00000
      35.94300      20.00000
      35.95320      20.00000
      35.96340      20.00000
      35.97350      20.00000
      35.98370      20.00000
      35.99390      20.00000
