! TITLE: Yobs                                                                                                                                                                                                                                                            
! Peak:  4
       6.00860      24.00000
       6.01870      24.00000
       6.02890      24.00000
       6.03910      24.00000
       6.04920      24.00000
       6.05940      24.00000
       6.06960      24.00000
       6.07970      24.00000
       6.08990      24.00000
       6.10010      24.00000
       6.11020      24.00000
       6.12040      24.00000
       6.13060      24.00000
       6.14070      24.00000
       6.15090      24.00000
       6.16110      24.00000
       6.17120      24.00000
       6.18140      24.00000
       6.19150      24.00000
       6.20170      24.00000
       6.21190      24.00000
       6.22200      24.00000
       6.23220      24.00000
       6.24240      24.00000
       6.25250      24.00000
       6.26270      24.00000
       6.27290      24.00000
       6.28300      24.00000
       6.29320      24.00000
       6.30340      24.00000
       6.31350      24.00000
       6.32370      24.00000
       6.33380      24.00000
       6.34400      24.00000
       6.35420      24.00000
       6.36430      24.00000
       6.37450      24.00000
       6.38470      24.00000
       6.39480      24.00000
       6.40500      24.00000
       6.41520      24.00000
       6.42530      24.00000
       6.43550      24.00000
       6.44570      24.00000
       6.45580      24.00000
       6.46600      24.00000
       6.47620      24.00000
       6.48630      24.00000
       6.49650      24.00000
       6.50660      24.00000
       6.51680      24.00000
       6.52700      24.00000
       6.53710      24.00000
       6.54730      24.00000
       6.55750      24.00000
       6.56760      24.00000
       6.57780      24.00000
       6.58800      24.00000
       6.59810      24.00000
       6.60830      24.00000
       6.61850      24.00000
       6.62860      24.00000
       6.63880      24.00000
       6.64890      24.00000
       6.65910      24.00000
       6.66930      24.00000
       6.67940      24.00000
       6.68960      24.00000
       6.69980      24.00000
       6.70990      24.00000
       6.72010      24.00000
       6.73030      24.00000
       6.74040      24.00000
       6.75060      24.00000
       6.76080      24.00000
       6.77090      24.00000
       6.78110      24.00000
       6.79130      24.00000
       6.80140      24.00000
       6.81160      24.00000
       6.82170      24.00000
       6.83190      24.00000
       6.84210      24.00000
       6.85220      24.00000
       6.86240      24.00000
       6.87260      24.00000
       6.88270      24.00000
       6.89290      24.00000
       6.90310      24.00000
       6.91320      24.00000
       6.92340      24.00000
       6.93360      24.00000
       6.94370      24.00000
       6.95390      24.00000
       6.96400      24.00000
       6.97420      24.00000
       6.98440      24.00000
       6.99450      24.00000
       7.00470      24.00000
       7.01490      24.00000
       7.02500      24.00000
       7.03520      24.00000
       7.04540      24.00000
       7.05550      24.00000
       7.06570      24.00000
       7.07590      24.00000
       7.08600      24.00000
       7.09620      24.00000
       7.10640      24.00000
       7.11650      24.00000
       7.12670      24.00000
       7.13680      24.00000
       7.14700      24.00000
       7.15720      24.00000
       7.16730      24.00000
       7.17750      24.00000
       7.18770      24.00000
       7.19780      24.00000
       7.20800      24.00000
       7.21820      24.00000
       7.22830      24.00000
       7.23850      24.00000
       7.24870      24.00000
       7.25880      24.00000
       7.26900      24.00000
       7.27910      24.00000
       7.28930      24.00000
       7.29950      24.00000
       7.30960      24.00000
       7.31980      24.00000
       7.33000      24.00000
       7.34010      24.00000
       7.35030      24.00000
       7.36050      24.00000
       7.37060      24.00000
       7.38080      24.00000
       7.39100      24.00000
       7.40110      24.00000
       7.41130      24.00000
       7.42150      24.00000
       7.43160      24.00000
       7.44180      24.00000
       7.45190      24.00000
       7.46210      24.00000
       7.47230      24.00000
       7.48240      24.00000
       7.49260      24.00000
       7.50280      24.00000
       7.51290      24.00000
       7.52310      24.00000
       7.53330      24.00000
       7.54340      24.00000
       7.55360      24.00000
       7.56380      24.00000
       7.57390      24.00000
       7.58410      24.00000
       7.59420      24.00000
       7.60440      24.00000
       7.61460      24.00000
       7.62470      24.00000
       7.63490      24.00000
       7.64510      24.00000
       7.65520      24.00000
       7.66540      24.00000
       7.67560      24.00000
       7.68570      24.00000
       7.69590      24.00000
       7.70610      24.00000
       7.71620      24.00000
       7.72640      24.00000
       7.73650      24.00000
       7.74670      24.00000
       7.75690      24.00000
       7.76700      24.00000
       7.77720      24.00000
       7.78740      24.00000
       7.79750      24.00000
       7.80770      24.00000
       7.81790      24.00000
       7.82800      24.00000
       7.83820      24.00000
       7.84840      24.00000
       7.85850      24.00000
       7.86870      24.00000
       7.87890      24.00000
       7.88900      24.00000
       7.89920      24.00000
       7.90930      24.00000
       7.91950      24.00000
       7.92970      24.00000
       7.93980      24.00000
       7.95000      24.00000
       7.96020      24.00000
       7.97030      24.00000
       7.98050      24.00000
       7.99070      24.00000
       8.00080      24.00000
       8.01100      24.00000
       8.02120      24.00000
       8.03130      24.00000
       8.04150      24.00000
       8.05160      24.00000
       8.06180      24.00000
       8.07200      24.00000
       8.08210      24.00000
       8.09230      24.00000
       8.10250      24.00000
       8.11260      24.00000
       8.12280      24.00000
       8.13300      24.00000
       8.14310      24.00000
       8.15330      24.00000
       8.16350      24.00000
       8.17360      24.00000
       8.18380      24.00000
       8.19400      24.00000
       8.20410      24.00000
       8.21430      24.00000
       8.22440      24.00000
       8.23460      24.00000
       8.24480      24.00000
       8.25490      24.00000
       8.26510      24.00000
       8.27530      24.00000
       8.28540      24.00000
       8.29560      24.00000
       8.30580      24.00000
       8.31590      24.00000
       8.32610      24.00000
       8.33630      24.00000
       8.34640      24.00000
       8.35660      24.00000
       8.36670      24.00000
       8.37690      24.00000
       8.38710      24.00000
       8.39720      24.00000
       8.40740      24.00000
       8.41760      24.00000
       8.42770      24.00000
       8.43790      24.00000
       8.44810      24.00000
       8.45820      24.00000
       8.46840      24.00000
       8.47860      24.00000
       8.48870      24.00000
       8.49890      24.00000
       8.50910      24.00000
       8.51920      24.00000
       8.52940      24.00000
       8.53950      24.00000
       8.54970      24.00000
       8.55990      24.00000
       8.57000      24.00000
       8.58020      24.00000
       8.59040      24.00000
       8.60050      24.00000
       8.61070      24.00000
       8.62090      24.00000
       8.63100      24.00000
       8.64120      24.00000
       8.65140      24.00000
       8.66150      24.00000
       8.67170      24.00000
       8.68180      24.00000
       8.69200      24.00000
       8.70220      24.00000
       8.71230      24.00000
       8.72250      24.00000
       8.73270      24.00000
       8.74280      24.00000
       8.75300      24.00000
       8.76320      24.00000
       8.77330      24.00000
       8.78350      24.00000
       8.79370      24.00000
       8.80380      24.00000
       8.81400      24.00000
       8.82420      24.00000
       8.83430      24.00000
       8.84450      24.00000
       8.85460      24.00000
       8.86480      24.00000
       8.87500      24.00000
       8.88510      24.00000
       8.89530      24.00000
       8.90550      24.00000
       8.91560      24.00000
       8.92580      24.00000
       8.93600      24.00000
       8.94610      24.00000
       8.95630      24.00000
       8.96650      24.00000
       8.97660      24.00000
       8.98680      24.00000
       8.99690      24.00000
       9.00710      24.00000
       9.01730      24.00000
       9.02740      24.00000
       9.03760      24.00000
       9.04780      24.00000
       9.05790      24.00000
       9.06810      24.00000
       9.07830      24.00000
       9.08840      24.00000
       9.09860      24.00000
       9.10880      24.00000
       9.11890      24.00000
       9.12910      24.00000
       9.13930      24.00000
       9.14940      24.00000
       9.15960      24.00000
       9.16970      24.00000
       9.17990      24.00000
       9.19010      24.00000
       9.20020      24.00000
       9.21040      24.00000
       9.22060      24.00000
       9.23070      24.00000
       9.24090      24.00000
       9.25110      24.00000
       9.26120      24.00000
       9.27140      24.00000
       9.28160      24.00000
       9.29170      24.00000
       9.30190      24.00000
       9.31200      24.00000
       9.32220      24.00000
       9.33240      24.00000
       9.34250      24.00000
       9.35270      24.00000
       9.36290      24.00000
       9.37300      24.00000
       9.38320      24.00000
       9.39340      24.00000
       9.40350      24.00000
       9.41370      24.00000
       9.42390      24.00000
       9.43400      24.00000
       9.44420      24.00000
       9.45440      24.00000
       9.46450      24.00000
       9.47470      24.00000
       9.48480      24.00000
       9.49500      24.00000
       9.50520      24.00000
       9.51530      24.00000
       9.52550      24.00000
       9.53570      24.00000
       9.54580      24.00000
       9.55600      24.00000
       9.56620      24.00000
       9.57630      24.00000
       9.58650      24.00000
       9.59670      24.00000
       9.60680      24.00000
       9.61700      24.00000
       9.62710      24.00000
       9.63730      24.00000
       9.64750      24.00000
       9.65760      24.00000
       9.66780      24.00000
       9.67800      24.00000
       9.68810      24.00000
       9.69830      24.00000
       9.70850      24.00000
       9.71860      24.00000
       9.72880      24.00000
       9.73900      24.00000
       9.74910      24.00000
       9.75930      24.00000
       9.76940      24.00000
       9.77960      24.00000
       9.78980      24.00000
       9.79990      24.00000
       9.81010      24.00000
       9.82030      24.00000
       9.83040      24.00000
       9.84060      24.00000
       9.85080      24.00000
       9.86090      24.00000
       9.87110      24.00000
       9.88130      24.00000
       9.89140      24.00000
       9.90160      24.00000
       9.91180      24.00000
       9.92190      24.00000
       9.93210      24.00000
       9.94220      24.00000
       9.95240      24.00000
       9.96260      24.00000
       9.97270      24.00000
       9.98290      24.00000
       9.99310      24.00000
      10.00320      24.00000
      10.01340      24.00000
      10.02360      24.00000
      10.03370      24.00000
      10.04390      24.00000
      10.05410      24.00000
      10.06420      24.00000
      10.07440      24.00000
      10.08450      24.00000
      10.09470      24.00000
      10.10490      24.00000
      10.11500      24.00000
      10.12520      24.00000
      10.13540      24.00000
      10.14550      24.00000
      10.15570      24.00000
      10.16590      24.00000
      10.17600      24.00000
      10.18620      24.00000
      10.19640      24.00000
      10.20650      24.00000
      10.21670      24.00000
      10.22690      24.00000
      10.23700      24.00000
      10.24720      24.00000
      10.25730      24.00000
      10.26750      24.00000
      10.27770      24.00000
      10.28780      24.00000
      10.29800      24.00000
      10.30820      24.00000
      10.31830      24.00000
      10.32850      24.00000
      10.33870      24.00000
      10.34880      24.00000
      10.35900      24.00000
      10.36920      24.00000
      10.37930      24.00000
      10.38950      24.00000
      10.39960      24.00000
      10.40980      24.00000
      10.42000      24.00000
      10.43010      24.00000
      10.44030      24.00000
      10.45050      24.00000
      10.46060      24.00000
      10.47080      24.00000
      10.48100      24.00000
      10.49110      24.00000
      10.50130      24.00000
      10.51150      24.00000
      10.52160      24.00000
      10.53180      24.00000
      10.54200      24.00000
      10.55210      24.00000
      10.56230      24.00000
      10.57240      24.00000
      10.58260      24.00000
      10.59280      24.00000
      10.60290      24.00000
      10.61310      24.00000
      10.62330      24.00000
      10.63340      24.00000
      10.64360      24.00000
      10.65380      24.00000
      10.66390      24.00000
      10.67410      24.00000
      10.68430      24.00000
      10.69440      24.00000
      10.70460      24.00000
      10.71470      24.00000
      10.72490      24.00000
      10.73510      24.00000
      10.74520      24.00000
      10.75540      24.00000
      10.76560      24.00000
      10.77570      24.00000
      10.78590      24.00000
      10.79610      24.00000
      10.80620      24.00000
      10.81640      24.00000
      10.82660      24.00000
      10.83670      24.00000
      10.84690      24.00000
      10.85710      24.00000
      10.86720      24.00000
      10.87740      24.00000
      10.88750      24.00000
      10.89770      24.00000
      10.90790      24.00000
      10.91800      24.00000
      10.92820      24.00000
      10.93840      24.00000
      10.94850      24.00000
      10.95870      24.00000
      10.96890      24.00000
      10.97900      24.00000
      10.98920      24.00000
      10.99940      24.00000
      11.00950      24.00000
      11.01970      24.00000
      11.02980      24.00000
      11.04000      24.00000
      11.05020      24.00000
      11.06030      24.00000
      11.07050      24.00000
      11.08070      24.00000
      11.09080      24.00000
      11.10100      24.00000
      11.11120      24.00000
      11.12130      24.00000
      11.13150      24.00000
      11.14170      24.00000
      11.15180      24.00000
      11.16200      24.00000
      11.17220      24.00000
      11.18230      24.00000
      11.19250      24.00000
      11.20260      24.00000
      11.21280      24.00000
      11.22300      24.00000
      11.23310      24.00000
      11.24330      24.00000
      11.25350      24.00000
      11.26360      24.00000
      11.27380      24.00000
      11.28400      24.00000
      11.29410      24.00000
      11.30430      24.00000
      11.31450      24.00000
      11.32460      24.00000
      11.33480      24.00000
      11.34490      24.00000
      11.35510      24.00000
      11.36530      24.00000
      11.37540      24.00000
      11.38560      24.00000
      11.39580      24.00000
      11.40590      24.00000
      11.41610      24.00000
      11.42630      24.00000
      11.43640      24.00000
      11.44660      24.00000
      11.45680      24.00000
      11.46690      24.00000
      11.47710      24.00000
      11.48730      24.00000
      11.49740      24.00000
      11.50760      24.00000
      11.51770      24.00000
      11.52790      24.00000
      11.53810      24.00000
      11.54820      24.00000
      11.55840      24.00000
      11.56860      24.00000
      11.57870      24.00000
      11.58890      24.00000
      11.59910      24.00000
      11.60920      24.00000
      11.61940      24.00000
      11.62960      24.00000
      11.63970      24.00000
      11.64990      24.00000
      11.66000      24.00000
      11.67020      24.00000
      11.68040      24.00000
      11.69050      24.00000
      11.70070      24.00000
      11.71090      24.00000
      11.72100      24.00000
      11.73120      24.00000
      11.74140      24.00000
      11.75150      24.00000
      11.76170      24.00000
      11.77190      24.00000
      11.78200      24.00000
      11.79220      24.00000
      11.80230      24.00000
      11.81250      24.00000
      11.82270      24.00000
      11.83280      24.00000
      11.84300      24.00000
      11.85320      24.00000
      11.86330      24.00000
      11.87350      24.00000
      11.88370      24.00000
      11.89380      24.00000
      11.90400      24.00000
      11.91420      24.00000
      11.92430      24.00000
      11.93450      24.00000
      11.94470      24.00000
      11.95480      24.00000
      11.96500      24.00000
      11.97510      24.00000
      11.98530      24.00000
      11.99550      24.00000
      12.00560      24.00000
      12.01580      24.00000
      12.02600      24.00000
      12.03610      24.00000
      12.04630      24.00000
      12.05650      24.00000
      12.06660      24.00000
      12.07680      24.00000
      12.08700      24.00000
      12.09710      24.00000
      12.10730      24.00000
      12.11740      24.00000
      12.12760      24.00000
      12.13780      24.00000
      12.14790      24.00000
      12.15810      24.00000
      12.16830      24.00000
      12.17840      24.00000
      12.18860      24.00000
      12.19880      24.00000
      12.20890      24.00000
      12.21910      24.00000
      12.22930      24.00000
      12.23940      24.00000
      12.24960      24.00000
      12.25980      24.00000
      12.26990      24.00000
      12.28010      24.00000
      12.29020      24.00000
      12.30040      24.00000
      12.31060      24.00000
      12.32070      24.00000
      12.33090      24.00000
      12.34110      24.00000
      12.35120      24.00000
      12.36140      24.00000
      12.37160      24.00000
      12.38170      24.00000
      12.39190      24.00000
      12.40210      24.00000
      12.41220      24.00000
      12.42240      24.00000
      12.43250      24.00000
      12.44270      24.00000
      12.45290      24.00000
      12.46300      24.00000
      12.47320      24.00000
      12.48340      24.00000
      12.49350      24.00000
      12.50370      24.00000
      12.51390      24.00000
      12.52400      24.00000
      12.53420      24.00000
      12.54440      24.00000
      12.55450      24.00000
      12.56470      24.00000
      12.57490      24.00000
      12.58500      24.00000
      12.59520      24.00000
      12.60530      24.00000
      12.61550      24.00000
      12.62570      24.00000
      12.63580      24.00000
      12.64600      24.00000
      12.65620      24.00000
      12.66630      24.00000
      12.67650      24.00000
      12.68670      24.00000
      12.69680      24.00000
      12.70700      24.00000
      12.71720      24.00000
      12.72730      24.00000
      12.73750      24.00000
      12.74760      24.00000
      12.75780      24.00000
      12.76800      24.00000
      12.77810      24.00000
      12.78830      24.00000
      12.79850      24.00000
      12.80860      24.00000
      12.81880      24.00000
      12.82900      24.00000
      12.83910      24.00000
      12.84930      24.00000
      12.85950      24.00000
      12.86960      24.00000
      12.87980      24.00000
      12.89000      24.00000
      12.90010      24.00000
      12.91030      24.00000
      12.92040      24.00000
      12.93060      24.00000
      12.94080      24.00000
      12.95090      24.00000
      12.96110      24.00000
      12.97130      24.00000
      12.98140      24.00000
      12.99160      24.00000
      13.00180      24.00000
      13.01190      24.00000
      13.02210      24.00000
      13.03230      24.00000
      13.04240      24.00000
      13.05260      24.00000
      13.06270      24.00000
      13.07290      24.00000
      13.08310      24.00000
      13.09320      24.00000
      13.10340      24.00000
      13.11360      24.00000
      13.12370      24.00000
      13.13390      24.00000
      13.14410      24.00000
      13.15420      24.00000
      13.16440      24.00000
      13.17460      24.00000
      13.18470      24.00000
      13.19490      24.00000
      13.20510      24.00000
      13.21520      24.00000
      13.22540      24.00000
      13.23550      24.00000
      13.24570      24.00000
      13.25590      24.00000
      13.26600      24.00000
      13.27620      24.00000
      13.28640      24.00000
      13.29650      24.00000
      13.30670      24.00000
      13.31690      24.00000
      13.32700      24.00000
      13.33720      24.00000
      13.34740      24.00000
      13.35750      24.00000
      13.36770      24.00000
      13.37780      24.00000
      13.38800      24.00000
      13.39820      24.00000
      13.40830      24.00000
      13.41850      24.00000
      13.42870      24.00000
      13.43880      24.00000
      13.44900      24.00000
      13.45920      24.00000
      13.46930      24.00000
      13.47950      24.00000
      13.48970      24.00000
      13.49980      24.00000
      13.51000      24.00000
      13.52010      24.00000
      13.53030      24.00000
      13.54050      24.00000
      13.55060      24.00000
      13.56080      24.00000
      13.57100      24.00000
      13.58110      24.00000
      13.59130      24.00000
      13.60150      24.00000
      13.61160      24.00000
      13.62180      24.00000
      13.63200      24.00000
      13.64210      24.00000
      13.65230      24.00000
      13.66250      24.00000
      13.67260      24.00000
      13.68280      24.00000
      13.69290      24.00000
      13.70310      24.00000
      13.71330      24.00000
      13.72340      24.00000
      13.73360      24.00000
      13.74380      24.00000
      13.75390      24.00000
      13.76410      24.00000
      13.77430      24.00000
      13.78440      24.00000
      13.79460      24.00000
      13.80480      24.00000
      13.81490      24.00000
      13.82510      24.00000
      13.83520      24.00000
      13.84540      24.00000
      13.85560      24.00000
      13.86570      24.00000
      13.87590      24.00000
      13.88610      24.00000
      13.89620      24.00000
      13.90640      24.00000
      13.91660      24.00000
      13.92670      24.00000
      13.93690      24.00000
      13.94710      24.00000
      13.95720      24.00000
      13.96740      24.00000
      13.97760      24.00000
      13.98770      24.00000
      13.99790      24.00000
      14.00800      24.00000
      14.01820      24.00000
      14.02840      24.00000
      14.03850      24.00000
      14.04870      24.00000
      14.05890      24.00000
      14.06900      24.00000
      14.07920      24.00000
      14.08940      24.00000
      14.09950      24.00000
      14.10970      24.00000
      14.11990      24.00000
      14.13000      24.00000
      14.14020      24.00000
      14.15030      24.00000
      14.16050      24.00000
      14.17070      24.00000
      14.18080      24.00000
      14.19100      24.00000
      14.20120      24.00000
      14.21130      24.00000
      14.22150      24.00000
      14.23170      24.00000
      14.24180      24.00000
      14.25200      24.00000
      14.26220      24.00000
      14.27230      24.00000
      14.28250      24.00000
      14.29270      24.00000
      14.30280      24.00000
      14.31300      24.00000
      14.32310      24.00000
      14.33330      24.00000
      14.34350      24.00000
      14.35360      24.00000
      14.36380      24.00000
      14.37400      24.00000
      14.38410      24.00000
      14.39430      24.00000
      14.40450      24.00000
      14.41460      24.00000
      14.42480      24.00000
      14.43500      24.00000
      14.44510      24.00000
      14.45530      24.00000
      14.46540      24.00000
      14.47560      24.00000
      14.48580      24.00000
      14.49590      24.00000
      14.50610      24.00000
      14.51630      24.00000
      14.52640      24.00000
      14.53660      24.00000
      14.54680      24.00000
      14.55690      24.00000
      14.56710      24.00000
      14.57730      24.00000
      14.58740      24.00000
      14.59760      24.00000
      14.60780      24.00000
      14.61790      24.00000
      14.62810      24.00000
      14.63820      24.00000
      14.64840      24.00000
      14.65860      24.00000
      14.66870      24.00000
      14.67890      24.00000
      14.68910      24.00000
      14.69920      24.00000
      14.70940      24.00000
      14.71960      24.00000
      14.72970      24.00000
      14.73990      24.00000
      14.75010      24.00000
      14.76020      24.00000
      14.77040      24.00000
      14.78050      24.00000
      14.79070      24.00000
      14.80090      24.00000
      14.81100      24.00000
      14.82120      24.00000
      14.83140      24.00000
      14.84150      24.00000
      14.85170      24.00000
      14.86190      24.00000
      14.87200      24.00000
      14.88220      24.00000
      14.89240      24.00000
      14.90250      24.00000
      14.91270      24.00000
      14.92290      24.00000
      14.93300      24.00000
      14.94320      24.00000
      14.95330      24.00000
      14.96350      24.00000
      14.97370      24.00000
      14.98380      24.00000
      14.99400      24.00000
      15.00420      24.00000
      15.01430      24.00000
      15.02450      24.00000
      15.03470      24.00000
      15.04480      24.00000
      15.05500      24.00000
      15.06520      24.00000
      15.07530      24.00000
      15.08550      24.00000
      15.09560      24.00000
      15.10580      24.00000
      15.11600      24.00000
      15.12610      24.00000
      15.13630      24.00000
      15.14650      24.00000
      15.15660      24.00000
      15.16680      24.00000
      15.17700      24.00000
      15.18710      24.00000
      15.19730      24.00000
      15.20750      24.00000
      15.21760      24.00000
      15.22780      24.00000
      15.23800      24.00000
      15.24810      24.00000
      15.25830      24.00000
      15.26840      24.00000
      15.27860      24.00000
      15.28880      24.00000
      15.29890      24.00000
      15.30910      24.00000
      15.31930      24.00000
      15.32940      24.00000
      15.33960      24.00000
      15.34980      24.00000
      15.35990      24.00000
      15.37010      24.00000
      15.38030      24.00000
      15.39040      24.00000
      15.40060      24.00000
      15.41070      24.00000
      15.42090      24.00000
      15.43110      24.00000
      15.44120      24.00000
      15.45140      24.00000
      15.46160      24.00000
      15.47170      24.00000
      15.48190      24.00000
      15.49210      24.00000
      15.50220      24.00000
      15.51240      24.00000
      15.52260      24.00000
      15.53270      24.00000
      15.54290      24.00000
      15.55300      24.00000
      15.56320      24.00000
      15.57340      24.00000
      15.58350      24.00000
      15.59370      24.00000
      15.60390      24.00000
      15.61400      24.00000
      15.62420      24.00000
      15.63440      24.00000
      15.64450      24.00000
      15.65470      24.00000
      15.66490      24.00000
      15.67500      24.00000
      15.68520      24.00000
      15.69540      24.00000
      15.70550      24.00000
      15.71570      24.00000
      15.72580      24.00000
      15.73600      24.00000
      15.74620      24.00000
      15.75630      24.00000
      15.76650      24.00000
      15.77670      24.00000
      15.78680      24.00000
      15.79700      24.00000
      15.80720      24.00000
      15.81730      24.00000
      15.82750      24.00000
      15.83770      24.00000
      15.84780      24.00000
      15.85800      24.00000
      15.86810      24.00000
      15.87830      24.00000
      15.88850      24.00000
      15.89860      24.00000
      15.90880      24.00000
      15.91900      24.00000
      15.92910      24.00000
      15.93930      24.00000
      15.94950      24.00000
      15.95960      24.00000
      15.96980      24.00000
      15.98000      24.00000
      15.99010      24.00000
      16.00030      24.00000
      16.01050      24.00000
      16.02060      24.00000
      16.03080      24.00000
      16.04090      24.00000
      16.05110      24.00000
      16.06130      24.00000
      16.07140      24.00000
      16.08160      24.00000
      16.09180      24.00000
      16.10190      24.00000
      16.11210      24.00000
      16.12230      24.00000
      16.13240      24.00000
      16.14260      24.00000
      16.15280      24.00000
      16.16290      24.00000
      16.17310      24.00000
      16.18320      24.00000
      16.19340      24.00000
      16.20360      24.00000
      16.21370      24.00000
      16.22390      24.00000
      16.23410      24.00000
      16.24420      24.00000
      16.25440      24.00000
      16.26460      24.00000
      16.27470      24.00000
      16.28490      24.00000
      16.29510      24.00000
      16.30520      24.00000
      16.31540      24.00000
      16.32560      24.00000
      16.33570      24.00000
      16.34590      24.00000
      16.35600      24.00000
      16.36620      24.00000
      16.37640      24.00000
      16.38650      24.00000
      16.39670      24.00000
      16.40690      24.00000
      16.41700      24.00000
      16.42720      24.00000
      16.43740      24.00000
      16.44750      24.00000
      16.45770      24.00000
      16.46790      24.00000
      16.47800      24.00000
      16.48820      24.00000
      16.49830      24.00000
      16.50850      24.00000
      16.51870      24.00000
      16.52880      24.00000
      16.53900      24.00000
      16.54920      24.00000
      16.55930      24.00000
      16.56950      24.00000
      16.57970      24.00000
      16.58980      24.00000
      16.60000      24.00000
      16.61020      24.00000
      16.62030      24.00000
      16.63050      24.00000
      16.64070      24.00000
      16.65080      24.00000
      16.66100      24.00000
      16.67110      24.00000
      16.68130      24.00000
      16.69150      24.00000
      16.70160      24.00000
      16.71180      24.00000
      16.72200      24.00000
      16.73210      24.00000
      16.74230      24.00000
      16.75250      24.00000
      16.76260      24.00000
      16.77280      24.00000
      16.78300      24.00000
      16.79310      24.00000
      16.80330      24.00000
      16.81340      24.00000
      16.82360      24.00000
      16.83380      24.00000
      16.84390      24.00000
      16.85410      24.00000
      16.86430      24.00000
      16.87440      24.00000
      16.88460      24.00000
      16.89480      24.00000
      16.90490      24.00000
      16.91510      24.00000
      16.92530      24.00000
      16.93540      24.00000
      16.94560      24.00000
      16.95580      24.00000
      16.96590      24.00000
      16.97610      24.00000
      16.98620      24.00000
      16.99640      24.00000
      17.00660      24.00000
      17.01670      24.00000
      17.02690      24.00000
      17.03710      24.00000
      17.04720      24.00000
      17.05740      24.00000
      17.06760      24.00000
      17.07770      24.00000
      17.08790      24.00000
      17.09810      24.00000
      17.10820      24.00000
      17.11840      24.00000
      17.12850      24.00000
      17.13870      24.00000
      17.14890      24.00000
      17.15900      24.00000
      17.16920      24.00000
      17.17940      24.00000
      17.18950      24.00000
      17.19970      24.00000
      17.20990      24.00000
      17.22000      24.00247
      17.23020      24.00248
      17.24040      24.00248
      17.25050      24.00249
      17.26070      24.00249
      17.27090      24.00250
      17.28100      24.00250
      17.29120      24.00250
      17.30130      24.00251
      17.31150      24.00251
      17.32170      24.00252
      17.33180      24.00252
      17.34200      24.00253
      17.35220      24.00253
      17.36230      24.00254
      17.37250      24.00254
      17.38270      24.00255
      17.39280      24.00255
      17.40300      24.00256
      17.41320      24.00256
      17.42330      24.00256
      17.43350      24.00257
      17.44360      24.00257
      17.45380      24.00258
      17.46400      24.00258
      17.47410      24.00259
      17.48430      24.00259
      17.49450      24.00260
      17.50460      24.00260
      17.51480      24.00261
      17.52500      24.00261
      17.53510      24.00261
      17.54530      24.00262
      17.55550      24.00262
      17.56560      24.00263
      17.57580      24.00263
      17.58590      24.00264
      17.59610      24.00265
      17.60630      24.00265
      17.61640      24.00266
      17.62660      24.00266
      17.63680      24.00266
      17.64690      24.00267
      17.65710      24.00267
      17.66730      24.00268
      17.67740      24.00268
      17.68760      24.00269
      17.69780      24.00269
      17.70790      24.00270
      17.71810      24.00270
      17.72830      24.00271
      17.73840      24.00271
      17.74860      24.00272
      17.75870      24.00272
      17.76890      24.00273
      17.77910      24.00273
      17.78920      24.00274
      17.79940      24.00274
      17.80960      24.00275
      17.81970      24.00275
      17.82990      24.00276
      17.84010      24.00277
      17.85020      24.00277
      17.86040      24.00278
      17.87060      24.00278
      17.88070      24.00278
      17.89090      24.00279
      17.90100      24.00280
      17.91120      24.00280
      17.92140      24.00281
      17.93150      24.00281
      17.94170      24.00282
      17.95190      24.00282
      17.96200      24.00283
      17.97220      24.00283
      17.98240      24.00284
      17.99250      24.00284
      18.00270      24.00285
      18.01290      24.00286
      18.02300      24.00286
      18.03320      24.00286
      18.04340      24.00287
      18.05350      24.00288
      18.06370      24.00288
      18.07380      24.00289
      18.08400      24.00289
      18.09420      24.00290
      18.10430      24.00290
      18.11450      24.00291
      18.12470      24.00292
      18.13480      24.00292
      18.14500      24.00293
      18.15520      24.00293
      18.16530      24.00294
      18.17550      24.00294
      18.18570      24.00295
      18.19580      24.00295
      18.20600      24.00296
      18.21610      24.00297
      18.22630      24.00297
      18.23650      24.00298
      18.24660      24.00298
      18.25680      24.00299
      18.26700      24.00300
      18.27710      24.00300
      18.28730      24.00301
      18.29750      24.00301
      18.30760      24.00302
      18.31780      24.00303
      18.32800      24.00303
      18.33810      24.00304
      18.34830      24.00304
      18.35850      24.00305
      18.36860      24.00306
      18.37880      24.00306
      18.38890      24.00307
      18.39910      24.00307
      18.40930      24.00308
      18.41940      24.00308
      18.42960      24.00309
      18.43980      24.00310
      18.44990      24.00310
      18.46010      24.00311
      18.47030      24.00312
      18.48040      24.00312
      18.49060      24.00313
      18.50080      24.00313
      18.51090      24.00314
      18.52110      24.00315
      18.53120      24.00315
      18.54140      24.00316
      18.55160      24.00317
      18.56170      24.00317
      18.57190      24.00318
      18.58210      24.00319
      18.59220      24.00319
      18.60240      24.00320
      18.61260      24.00320
      18.62270      24.00321
      18.63290      24.00322
      18.64310      24.00322
      18.65320      24.00323
      18.66340      24.00324
      18.67360      24.00324
      18.68370      24.00325
      18.69390      24.00326
      18.70400      24.00326
      18.71420      24.00327
      18.72440      24.00328
      18.73450      24.00328
      18.74470      24.00329
      18.75490      24.00330
      18.76500      24.00330
      18.77520      24.00331
      18.78540      24.00332
      18.79550      24.00332
      18.80570      24.00333
      18.81590      24.00334
      18.82600      24.00334
      18.83620      24.00335
      18.84630      24.00336
      18.85650      24.00336
      18.86670      24.00337
      18.87680      24.00338
      18.88700      24.00339
      18.89720      24.00339
      18.90730      24.00340
      18.91750      24.00341
      18.92770      24.00341
      18.93780      24.00342
      18.94800      24.00343
      18.95820      24.00344
      18.96830      24.00344
      18.97850      24.00345
      18.98870      24.00346
      18.99880      24.00346
      19.00900      24.00347
      19.01910      24.00348
      19.02930      24.00349
      19.03950      24.00349
      19.04960      24.00350
      19.05980      24.00351
      19.07000      24.00352
      19.08010      24.00352
      19.09030      24.00353
      19.10050      24.00354
      19.11060      24.00355
      19.12080      24.00355
      19.13100      24.00356
      19.14110      24.00357
      19.15130      24.00358
      19.16140      24.00358
      19.17160      24.00359
      19.18180      24.00360
      19.19190      24.00361
      19.20210      24.00361
      19.21230      24.00362
      19.22240      24.00363
      19.23260      24.00364
      19.24280      24.00364
      19.25290      24.00365
      19.26310      24.00366
      19.27330      24.00367
      19.28340      24.00368
      19.29360      24.00368
      19.30380      24.00369
      19.31390      24.00370
      19.32410      24.00371
      19.33420      24.00372
      19.34440      24.00373
      19.35460      24.00373
      19.36470      24.00374
      19.37490      24.00375
      19.38510      24.00376
      19.39520      24.00377
      19.40540      24.00377
      19.41560      24.00378
      19.42570      24.00379
      19.43590      24.00380
      19.44610      24.00381
      19.45620      24.00381
      19.46640      24.00382
      19.47650      24.00383
      19.48670      24.00384
      19.49690      24.00385
      19.50700      24.00386
      19.51720      24.00387
      19.52740      24.00387
      19.53750      24.00388
      19.54770      24.00389
      19.55790      24.00390
      19.56800      24.00391
      19.57820      24.00392
      19.58840      24.00393
      19.59850      24.00393
      19.60870      24.00394
      19.61880      24.00395
      19.62900      24.00396
      19.63920      24.00397
      19.64930      24.00398
      19.65950      24.00399
      19.66970      24.00400
      19.67980      24.00401
      19.69000      24.00401
      19.70020      24.00402
      19.71030      24.00403
      19.72050      24.00404
      19.73070      24.00405
      19.74080      24.00406
      19.75100      24.00407
      19.76120      24.00408
      19.77130      24.00409
      19.78150      24.00410
      19.79160      24.00411
      19.80180      24.00412
      19.81200      24.00413
      19.82210      24.00414
      19.83230      24.00414
      19.84250      24.00415
      19.85260      24.00416
      19.86280      24.00417
      19.87300      24.00418
      19.88310      24.00419
      19.89330      24.00420
      19.90350      24.00421
      19.91360      24.00422
      19.92380      24.00423
      19.93390      24.00424
      19.94410      24.00425
      19.95430      24.00426
      19.96440      24.00427
      19.97460      24.00428
      19.98480      24.00429
      19.99490      24.00430
      20.00510      24.00431
      20.01530      24.00432
      20.02540      24.00433
      20.03560      24.00434
      20.04580      24.00435
      20.05590      24.00436
      20.06610      24.00437
      20.07630      24.00438
      20.08640      24.00439
      20.09660      24.00440
      20.10670      24.00441
      20.11690      24.00443
      20.12710      24.00443
      20.13720      24.00445
      20.14740      24.00446
      20.15760      24.00447
      20.16770      24.00448
      20.17790      24.00449
      20.18810      24.00450
      20.19820      24.00451
      20.20840      24.00452
      20.21860      24.00453
      20.22870      24.00454
      20.23890      24.00455
      20.24900      24.00456
      20.25920      24.00458
      20.26940      24.00459
      20.27950      24.00460
      20.28970      24.00461
      20.29990      24.00462
      20.31000      24.00463
      20.32020      24.00464
      20.33040      24.00465
      20.34050      24.00466
      20.35070      24.00467
      20.36090      24.00469
      20.37100      24.00470
      20.38120      24.00471
      20.39140      24.00472
      20.40150      24.00473
      20.41170      24.00475
      20.42180      24.00476
      20.43200      24.00477
      20.44220      24.00478
      20.45230      24.00479
      20.46250      24.00480
      20.47270      24.00481
      20.48280      24.00483
      20.49300      24.00484
      20.50320      24.00485
      20.51330      24.00486
      20.52350      24.00488
      20.53370      24.00489
      20.54380      24.00490
      20.55400      24.00491
      20.56410      24.00492
      20.57430      24.00494
      20.58450      24.00495
      20.59460      24.00496
      20.60480      24.00497
      20.61500      24.00499
      20.62510      24.00500
      20.63530      24.00501
      20.64550      24.00502
      20.65560      24.00504
      20.66580      24.00505
      20.67600      24.00506
      20.68610      24.00508
      20.69630      24.00509
      20.70650      24.00510
      20.71660      24.00511
      20.72680      24.00513
      20.73690      24.00514
      20.74710      24.00515
      20.75730      24.00517
      20.76740      24.00518
      20.77760      24.00519
      20.78780      24.00521
      20.79790      24.00522
      20.80810      24.00523
      20.81830      24.00525
      20.82840      24.00526
      20.83860      24.00527
      20.84880      24.00529
      20.85890      24.00530
      20.86910      24.00531
      20.87920      24.00533
      20.88940      24.00534
      20.89960      24.00536
      20.90970      24.00537
      20.91990      24.00538
      20.93010      24.00540
      20.94020      24.00541
      20.95040      24.00543
      20.96060      24.00544
      20.97070      24.00546
      20.98090      24.00547
      20.99110      24.00548
      21.00120      24.00550
      21.01140      24.00551
      21.02160      24.00553
      21.03170      24.00554
      21.04190      24.00556
      21.05200      24.00557
      21.06220      24.00559
      21.07240      24.00560
      21.08250      24.00562
      21.09270      24.00563
      21.10290      24.00565
      21.11300      24.00566
      21.12320      24.00568
      21.13340      24.00569
      21.14350      24.00571
      21.15370      24.00572
      21.16390      24.00574
      21.17400      24.00575
      21.18420      24.00577
      21.19430      24.00578
      21.20450      24.00580
      21.21470      24.00582
      21.22480      24.00583
      21.23500      24.00585
      21.24520      24.00586
      21.25530      24.00588
      21.26550      24.00590
      21.27570      24.00591
      21.28580      24.00593
      21.29600      24.00594
      21.30620      24.00596
      21.31630      24.00598
      21.32650      24.00599
      21.33660      24.00601
      21.34680      24.00603
      21.35700      24.00604
      21.36710      24.00606
      21.37730      24.00608
      21.38750      24.00609
      21.39760      24.00611
      21.40780      24.00613
      21.41800      24.00614
      21.42810      24.00616
      21.43830      24.00618
      21.44850      24.00620
      21.45860      24.00621
      21.46880      24.00623
      21.47900      24.00625
      21.48910      24.00627
      21.49930      24.00628
      21.50940      24.00630
      21.51960      24.00632
      21.52980      24.00634
      21.53990      24.00636
      21.55010      24.00637
      21.56030      24.00639
      21.57040      24.00641
      21.58060      24.00643
      21.59080      24.00644
      21.60090      24.00646
      21.61110      24.00648
      21.62130      24.00650
      21.63140      24.00652
      21.64160      24.00654
      21.65170      24.00656
      21.66190      24.00658
      21.67210      24.00660
      21.68220      24.00661
      21.69240      24.00663
      21.70260      24.00665
      21.71270      24.00667
      21.72290      24.00669
      21.73310      24.00671
      21.74320      24.00673
      21.75340      24.00675
      21.76360      24.00677
      21.77370      24.00679
      21.78390      24.00681
      21.79410      24.00683
      21.80420      24.00685
      21.81440      24.00687
      21.82450      24.00689
      21.83470      24.00691
      21.84490      24.00693
      21.85500      24.00695
      21.86520      24.00697
      21.87540      24.00699
      21.88550      24.00701
      21.89570      24.00703
      21.90590      24.00706
      21.91600      24.00708
      21.92620      24.00710
      21.93640      24.00712
      21.94650      24.00714
      21.95670      24.00716
      21.96680      24.00718
      21.97700      24.00721
      21.98720      24.00723
      21.99730      24.00725
      22.00750      24.00727
      22.01770      24.00729
      22.02780      24.00731
      22.03800      24.00734
      22.04820      24.00736
      22.05830      24.00738
      22.06850      24.00741
      22.07870      24.00743
      22.08880      24.00745
      22.09900      24.00747
      22.10920      24.00750
      22.11930      24.00752
      22.12950      24.00754
      22.13960      24.00757
      22.14980      24.00759
      22.16000      24.00761
      22.17010      24.00764
      22.18030      24.00766
      22.19050      24.00768
      22.20060      24.00771
      22.21080      24.00773
      22.22100      24.00776
      22.23110      24.00778
      22.24130      24.00781
      22.25150      24.00783
      22.26160      24.00785
      22.27180      24.00788
      22.28190      24.00790
      22.29210      24.00793
      22.30230      24.00796
      22.31240      24.00798
      22.32260      24.00801
      22.33280      24.00803
      22.34290      24.00806
      22.35310      24.00808
      22.36330      24.00811
      22.37340      24.00813
      22.38360      24.00816
      22.39380      24.00819
      22.40390      24.00821
      22.41410      24.00824
      22.42430      24.00827
      22.43440      24.00829
      22.44460      24.00832
      22.45470      24.00835
      22.46490      24.00838
      22.47510      24.00840
      22.48520      24.00843
      22.49540      24.00846
      22.50560      24.00848
      22.51570      24.00851
      22.52590      24.00854
      22.53610      24.00857
      22.54620      24.00860
      22.55640      24.00863
      22.56660      24.00865
      22.57670      24.00868
      22.58690      24.00871
      22.59700      24.00874
      22.60720      24.00877
      22.61740      24.00880
      22.62750      24.00883
      22.63770      24.00886
      22.64790      24.00889
      22.65800      24.00892
      22.66820      24.00895
      22.67840      24.00898
      22.68850      24.00901
      22.69870      24.00904
      22.70890      24.00907
      22.71900      24.00910
      22.72920      24.00913
      22.73940      24.00916
      22.74950      24.00919
      22.75970      24.00922
      22.76980      24.00925
      22.78000      24.00929
      22.79020      24.00932
      22.80030      24.00935
      22.81050      24.00938
      22.82070      24.00941
      22.83080      24.00945
      22.84100      24.00948
      22.85120      24.00951
      22.86130      24.00955
      22.87150      24.00958
      22.88170      24.00961
      22.89180      24.00965
      22.90200      24.00968
      22.91210      24.00971
      22.92230      24.00975
      22.93250      24.00978
      22.94260      24.00982
      22.95280      24.00985
      22.96300      24.00989
      22.97310      24.00992
      22.98330      24.00996
      22.99350      24.00999
      23.00360      24.01003
      23.01380      24.01006
      23.02400      24.01010
      23.03410      24.01013
      23.04430      24.01017
      23.05450      24.01021
      23.06460      24.01024
      23.07480      24.01028
      23.08490      24.01032
      23.09510      24.01035
      23.10530      24.01039
      23.11540      24.01043
      23.12560      24.01047
      23.13580      24.01051
      23.14590      24.01055
      23.15610      24.01058
      23.16630      24.01062
      23.17640      24.01066
      23.18660      24.01070
      23.19680      24.01074
      23.20690      24.01078
      23.21710      24.01082
      23.22720      24.01086
      23.23740      24.01090
      23.24760      24.01094
      23.25770      24.01098
      23.26790      24.01102
      23.27810      24.01106
      23.28820      24.01110
      23.29840      24.01115
      23.30860      24.01119
      23.31870      24.01123
      23.32890      24.01127
      23.33910      24.01132
      23.34920      24.01136
      23.35940      24.01140
      23.36950      24.01144
      23.37970      24.01149
      23.38990      24.01153
      23.40000      24.01158
      23.41020      24.01162
      23.42040      24.01167
      23.43050      24.01171
      23.44070      24.01175
      23.45090      24.01180
      23.46100      24.01185
      23.47120      24.01189
      23.48140      24.01194
      23.49150      24.01198
      23.50170      24.01203
      23.51190      24.01208
      23.52200      24.01213
      23.53220      24.01217
      23.54230      24.01222
      23.55250      24.01227
      23.56270      24.01232
      23.57280      24.01237
      23.58300      24.01241
      23.59320      24.01246
      23.60330      24.01251
      23.61350      24.01256
      23.62370      24.01261
      23.63380      24.01266
      23.64400      24.01271
      23.65420      24.01277
      23.66430      24.01282
      23.67450      24.01287
      23.68460      24.01292
      23.69480      24.01297
      23.70500      24.01303
      23.71510      24.01308
      23.72530      24.01313
      23.73550      24.01319
      23.74560      24.01324
      23.75580      24.01329
      23.76600      24.01335
      23.77610      24.01340
      23.78630      24.01346
      23.79650      24.01351
      23.80660      24.01357
      23.81680      24.01362
      23.82700      24.01368
      23.83710      24.01374
      23.84730      24.01380
      23.85740      24.01385
      23.86760      24.01391
      23.87780      24.01397
      23.88790      24.01403
      23.89810      24.01409
      23.90830      24.01415
      23.91840      24.01421
      23.92860      24.01427
      23.93880      24.01433
      23.94890      24.01439
      23.95910      24.01445
      23.96930      24.01451
      23.97940      24.01457
      23.98960      24.01464
      23.99970      24.01470
      24.00990      24.01476
      24.02010      24.01483
      24.03020      24.01489
      24.04040      24.01496
      24.05060      24.01502
      24.06070      24.01509
      24.07090      24.01515
      24.08110      24.01522
      24.09120      24.01529
      24.10140      24.01535
      24.11160      24.01542
      24.12170      24.01549
      24.13190      24.01556
      24.14210      24.01563
      24.15220      24.01569
      24.16240      24.01576
      24.17250      24.01583
      24.18270      24.01591
      24.19290      24.01598
      24.20300      24.01605
      24.21320      24.01612
      24.22340      24.01619
      24.23350      24.01627
      24.24370      24.01634
      24.25390      24.01642
      24.26400      24.01649
      24.27420      24.01657
      24.28440      24.01664
      24.29450      24.01672
      24.30470      24.01679
      24.31480      24.01687
      24.32500      24.01695
      24.33520      24.01703
      24.34530      24.01711
      24.35550      24.01719
      24.36570      24.01727
      24.37580      24.01735
      24.38600      24.01743
      24.39620      24.01751
      24.40630      24.01759
      24.41650      24.01768
      24.42670      24.01776
      24.43680      24.01784
      24.44700      24.01793
      24.45720      24.01801
      24.46730      24.01810
      24.47750      24.01819
      24.48760      24.01827
      24.49780      24.01836
      24.50800      24.01845
      24.51810      24.01854
      24.52830      24.01863
      24.53850      24.01872
      24.54860      24.01881
      24.55880      24.01890
      24.56900      24.01899
      24.57910      24.01908
      24.58930      24.01918
      24.59950      24.01927
      24.60960      24.01937
      24.61980      24.01946
      24.62990      24.01956
      24.64010      24.01966
      24.65030      24.01976
      24.66040      24.01986
      24.67060      24.01995
      24.68080      24.02006
      24.69090      24.02015
      24.70110      24.02026
      24.71130      24.02036
      24.72140      24.02046
      24.73160      24.02057
      24.74180      24.02067
      24.75190      24.02078
      24.76210      24.02088
      24.77230      24.02099
      24.78240      24.02110
      24.79260      24.02121
      24.80270      24.02132
      24.81290      24.02143
      24.82310      24.02154
      24.83320      24.02165
      24.84340      24.02176
      24.85360      24.02188
      24.86370      24.02199
      24.87390      24.02211
      24.88410      24.02223
      24.89420      24.02234
      24.90440      24.02246
      24.91460      24.02258
      24.92470      24.02270
      24.93490      24.02282
      24.94500      24.02295
      24.95520      24.02307
      24.96540      24.02319
      24.97550      24.02332
      24.98570      24.02345
      24.99590      24.02357
      25.00600      24.02370
      25.01620      24.02383
      25.02640      24.02396
      25.03650      24.02409
      25.04670      24.02423
      25.05690      24.02436
      25.06700      24.02449
      25.07720      24.02463
      25.08740      24.02477
      25.09750      24.02491
      25.10770      24.02505
      25.11780      24.02518
      25.12800      24.02533
      25.13820      24.02547
      25.14830      24.02561
      25.15850      24.02576
      25.16870      24.02591
      25.17880      24.02605
      25.18900      24.02620
      25.19920      24.02636
      25.20930      24.02651
      25.21950      24.02666
      25.22970      24.02681
      25.23980      24.02697
      25.25000      24.02713
      25.26010      24.02728
      25.27030      24.02744
      25.28050      24.02761
      25.29060      24.02777
      25.30080      24.02793
      25.31100      24.02810
      25.32110      24.02826
      25.33130      24.02843
      25.34150      24.02860
      25.35160      24.02877
      25.36180      24.02895
      25.37200      24.02912
      25.38210      24.02930
      25.39230      24.02948
      25.40240      24.02966
      25.41260      24.02984
      25.42280      24.03002
      25.43290      24.03020
      25.44310      24.03039
      25.45330      24.03058
      25.46340      24.03077
      25.47360      24.03096
      25.48380      24.03115
      25.49390      24.03135
      25.50410      24.03154
      25.51430      24.03174
      25.52440      24.03194
      25.53460      24.03214
      25.54480      24.03235
      25.55490      24.03255
      25.56510      24.03276
      25.57520      24.03297
      25.58540      24.03318
      25.59560      24.03340
      25.60570      24.03361
      25.61590      24.03383
      25.62610      24.03405
      25.63620      24.03427
      25.64640      24.03450
      25.65660      24.03473
      25.66670      24.03495
      25.67690      24.03518
      25.68710      24.03542
      25.69720      24.03565
      25.70740      24.03589
      25.71750      24.03613
      25.72770      24.03638
      25.73790      24.03662
      25.74800      24.03687
      25.75820      24.03712
      25.76840      24.03737
      25.77850      24.03763
      25.78870      24.03789
      25.79890      24.03815
      25.80900      24.03841
      25.81920      24.03868
      25.82940      24.03895
      25.83950      24.03922
      25.84970      24.03949
      25.85990      24.03977
      25.87000      24.04005
      25.88020      24.04033
      25.89030      24.04062
      25.90050      24.04091
      25.91070      24.04120
      25.92080      24.04150
      25.93100      24.04180
      25.94120      24.04210
      25.95130      24.04240
      25.96150      24.04271
      25.97170      24.04302
      25.98180      24.04334
      25.99200      24.04366
      26.00220      24.04398
      26.01230      24.04430
      26.02250      24.04463
      26.03260      24.04496
      26.04280      24.04530
      26.05300      24.04564
      26.06310      24.04598
      26.07330      24.04633
      26.08350      24.04669
      26.09360      24.04704
      26.10380      24.04740
      26.11400      24.04777
      26.12410      24.04813
      26.13430      24.04851
      26.14450      24.04889
      26.15460      24.04926
      26.16480      24.04965
      26.17500      24.05004
      26.18510      24.05043
      26.19530      24.05083
      26.20540      24.05124
      26.21560      24.05165
      26.22580      24.05206
      26.23590      24.05248
      26.24610      24.05290
      26.25630      24.05333
      26.26640      24.05376
      26.27660      24.05420
      26.28680      24.05465
      26.29690      24.05510
      26.30710      24.05555
      26.31730      24.05601
      26.32740      24.05648
      26.33760      24.05695
      26.34770      24.05743
      26.35790      24.05791
      26.36810      24.05840
      26.37820      24.05890
      26.38840      24.05940
      26.39860      24.05991
      26.40870      24.06042
      26.41890      24.06095
      26.42910      24.06148
      26.43920      24.06201
      26.44940      24.06256
      26.45960      24.06311
      26.46970      24.06366
      26.47990      24.06423
      26.49010      24.06480
      26.50020      24.06538
      26.51040      24.06597
      26.52050      24.06656
      26.53070      24.06716
      26.54090      24.06778
      26.55100      24.06839
      26.56120      24.06902
      26.57140      24.06966
      26.58150      24.07030
      26.59170      24.07096
      26.60190      24.07162
      26.61200      24.07229
      26.62220      24.07298
      26.63240      24.07367
      26.64250      24.07437
      26.65270      24.07509
      26.66280      24.07581
      26.67300      24.07654
      26.68320      24.07729
      26.69330      24.07804
      26.70350      24.07881
      26.71370      24.07960
      26.72380      24.08039
      26.73400      24.08119
      26.74420      24.08201
      26.75430      24.08284
      26.76450      24.08369
      26.77470      24.08455
      26.78480      24.08542
      26.79500      24.08631
      26.80520      24.08722
      26.81530      24.08813
      26.82550      24.08908
      26.83560      24.09002
      26.84580      24.09100
      26.85600      24.09200
      26.86610      24.09301
      26.87630      24.09404
      26.88650      24.09510
      26.89660      24.09618
      26.90680      24.09728
      26.91700      24.09842
      26.92710      24.09956
      26.93730      24.10075
      26.94750      24.10197
      26.95760      24.10320
      26.96780      24.10449
      26.97790      24.10579
      26.98810      24.10715
      26.99830      24.10854
      27.00840      24.10996
      27.01860      24.11145
      27.02880      24.11298
      27.03890      24.11455
      27.04910      24.11619
      27.05930      24.11789
      27.06940      24.11964
      27.07960      24.12147
      27.08980      24.12338
      27.09990      24.12534
      27.11010      24.12741
      27.12020      24.12955
      27.13040      24.13181
      27.14060      24.13418
      27.15070      24.13663
      27.16090      24.13923
      27.17110      24.14196
      27.18120      24.14481
      27.19140      24.14784
      27.20160      24.15103
      27.21170      24.15437
      27.22190      24.15792
      27.23210      24.16169
      27.24220      24.16564
      27.25240      24.16986
      27.26260      24.17434
      27.27270      24.17905
      27.28290      24.18410
      27.29300      24.18941
      27.30320      24.19512
      27.31340      24.20120
      27.32350      24.20761
      27.33370      24.21449
      27.34390      24.22184
      27.35400      24.22959
      27.36420      24.23794
      27.37440      24.24684
      27.38450      24.25625
      27.39470      24.26638
      27.40490      24.27720
      27.41500      24.28863
      27.42520      24.30094
      27.43530      24.31395
      27.44550      24.32796
      27.45570      24.34292
      27.46580      24.35871
      27.47600      24.37572
      27.48620      24.39386
      27.49630      24.41300
      27.50650      24.43360
      27.51670      24.45554
      27.52680      24.47868
      27.53700      24.50355
      27.54720      24.53002
      27.55730      24.55790
      27.56750      24.58782
      27.57770      24.61963
      27.58780      24.65308
      27.59800      24.68894
      27.60810      24.72662
      27.61830      24.76695
      27.62850      24.80972
      27.63860      24.85458
      27.64880      24.90254
      27.65900      24.95329
      27.66910      25.00643
      27.67930      25.06313
      27.68950      25.12304
      27.69960      25.18563
      27.70980      25.25230
      27.72000      25.32258
      27.73010      25.39590
      27.74030      25.47381
      27.75040      25.55499
      27.76060      25.64114
      27.77080      25.73166
      27.78090      25.82575
      27.79110      25.92542
      27.80130      26.02991
      27.81140      26.13827
      27.82160      26.25282
      27.83180      26.37264
      27.84190      26.49662
      27.85210      26.62738
      27.86230      26.76386
      27.87240      26.90475
      27.88260      27.05300
      27.89280      27.20734
      27.90290      27.36636
      27.91310      27.53323
      27.92320      27.70489
      27.93340      27.88474
      27.94360      28.07129
      27.95370      28.26265
      27.96390      28.46272
      27.97410      28.66970
      27.98420      28.88148
      27.99440      29.10236
      28.00460      29.33027
      28.01470      29.56288
      28.02490      29.80485
      28.03510      30.05388
      28.04520      30.30737
      28.05540      30.57037
      28.06550      30.83760
      28.07570      31.11436
      28.08590      31.39785
      28.09600      31.68523
      28.10620      31.98191
      28.11640      32.28508
      28.12650      32.59141
      28.13670      32.90687
      28.14690      33.22822
      28.15700      33.55199
      28.16720      33.88440
      28.17740      34.22201
      28.18750      34.56110
      28.19770      34.90819
      28.20790      35.25951
      28.21800      35.61138
      28.22820      35.97031
      28.23830      36.32887
      28.24850      36.69386
      28.25870      37.06122
      28.26880      37.42707
      28.27900      37.79799
      28.28920      38.17010
      28.29930      38.53915
      28.30950      38.91202
      28.31970      39.28453
      28.32980      39.65248
      28.34000      40.02270
      28.35020      40.39096
      28.36030      40.75309
      28.37050      41.11578
      28.38060      41.47128
      28.39080      41.82612
      28.40100      42.17609
      28.41110      42.51739
      28.42130      42.85608
      28.43150      43.18811
      28.44160      43.50991
      28.45180      43.82706
      28.46200      44.13591
      28.47210      44.43288
      28.48230      44.72334
      28.49250      45.00372
      28.50260      45.27082
      28.51280      45.52945
      28.52300      45.77635
      28.53310      46.00874
      28.54330      46.23078
      28.55340      46.43760
      28.56360      46.63288
      28.57380      46.81402
      28.58390      46.97915
      28.59410      47.13107
      28.60430      47.26775
      28.61440      47.38780
      28.62460      47.49326
      28.63480      47.58266
      28.64490      47.65514
      28.65510      47.71196
      28.66530      47.75218
      28.67540      47.77556
      28.68560      47.78251
      28.69570      47.77287
      28.70590      47.74647
      28.71610      47.70339
      28.72620      47.64441
      28.73640      47.56849
      28.74660      47.47633
      28.75670      47.36925
      28.76690      47.24544
      28.77710      47.10611
      28.78720      46.95317
      28.79740      46.78402
      28.80760      46.60040
      28.81770      46.40476
      28.82790      46.19365
      28.83810      45.96939
      28.84820      45.73489
      28.85840      45.48593
      28.86850      45.22799
      28.87870      44.95640
      28.88890      44.67426
      28.89900      44.38506
      28.90920      44.08358
      28.91940      43.77332
      28.92950      43.45787
      28.93970      43.13175
      28.94990      42.79848
      28.96000      42.46212
      28.97020      42.11652
      28.98040      41.76563
      28.99050      41.41356
      29.00070      41.05386
      29.01080      40.69421
      29.02100      40.32800
      29.03120      39.95937
      29.04130      39.59255
      29.05150      39.22073
      29.06170      38.84812
      29.07180      38.47893
      29.08200      38.10626
      29.09220      37.73438
      29.10230      37.36722
      29.11250      36.99816
      29.12270      36.63111
      29.13280      36.27018
      29.14300      35.90855
      29.15310      35.55375
      29.16330      35.19905
      29.17350      34.84838
      29.18360      34.50548
      29.19380      34.16378
      29.20400      33.82705
      29.21410      33.49881
      29.22430      33.17273
      29.23450      32.85238
      29.24460      32.54103
      29.25480      32.23266
      29.26500      31.93065
      29.27510      31.63787
      29.28530      31.34883
      29.29550      31.06644
      29.30560      30.79355
      29.31580      30.52479
      29.32590      30.26555
      29.33610      30.01069
      29.34630      29.76287
      29.35640      29.52447
      29.36660      29.29071
      29.37680      29.06400
      29.38690      28.84647
      29.39710      28.63373
      29.40730      28.42794
      29.41740      28.23098
      29.42760      28.03884
      29.43780      27.85347
      29.44790      27.67642
      29.45810      27.50420
      29.46820      27.33997
      29.47840      27.18047
      29.48860      27.02716
      29.49870      26.88137
      29.50890      26.74005
      29.51910      26.60457
      29.52920      26.47603
      29.53940      26.35172
      29.54960      26.23281
      29.55970      26.12026
      29.56990      26.01165
      29.58010      25.90801
      29.59020      25.81009
      29.60040      25.71583
      29.61060      25.62608
      29.62070      25.54146
      29.63090      25.46019
      29.64100      25.38367
      29.65120      25.31028
      29.66140      25.24062
      29.67150      25.17519
      29.68170      25.11254
      29.69190      25.05319
      29.70200      24.99756
      29.71220      24.94439
      29.72240      24.89412
      29.73250      24.84709
      29.74270      24.80222
      29.75290      24.75988
      29.76300      24.72031
      29.77320      24.68265
      29.78330      24.64749
      29.79350      24.61404
      29.80370      24.58257
      29.81380      24.55323
      29.82400      24.52537
      29.83420      24.49918
      29.84430      24.47481
      29.85450      24.45168
      29.86470      24.42997
      29.87480      24.40979
      29.88500      24.39067
      29.89520      24.37273
      29.90530      24.35607
      29.91550      24.34029
      29.92570      24.32550
      29.93580      24.31177
      29.94600      24.29877
      29.95610      24.28671
      29.96630      24.27530
      29.97650      24.26460
      29.98660      24.25467
      29.99680      24.24528
      30.00700      24.23647
      30.01710      24.22829
      30.02730      24.22055
      30.03750      24.21328
      30.04760      24.20653
      30.05780      24.20013
      30.06800      24.19412
      30.07810      24.18852
      30.08830      24.18321
      30.09840      24.17826
      30.10860      24.17355
      30.11880      24.16912
      30.12890      24.16498
      30.13910      24.16103
      30.14930      24.15730
      30.15940      24.15381
      30.16960      24.15047
      30.17980      24.14731
      30.18990      24.14433
      30.20010      24.14149
      30.21030      24.13877
      30.22040      24.13622
      30.23060      24.13376
      30.24080      24.13142
      30.25090      24.12920
      30.26110      24.12705
      30.27120      24.12502
      30.28140      24.12304
      30.29160      24.12115
      30.30170      24.11935
      30.31190      24.11760
      30.32210      24.11591
      30.33220      24.11429
      30.34240      24.11271
      30.35260      24.11119
      30.36270      24.10973
      30.37290      24.10830
      30.38310      24.10691
      30.39320      24.10558
      30.40340      24.10426
      30.41350      24.10300
      30.42370      24.10176
      30.43390      24.10054
      30.44400      24.09937
      30.45420      24.09822
      30.46440      24.09709
      30.47450      24.09600
      30.48470      24.09492
      30.49490      24.09386
      30.50500      24.09284
      30.51520      24.09183
      30.52540      24.09083
      30.53550      24.08987
      30.54570      24.08891
      30.55590      24.08797
      30.56600      24.08706
      30.57620      24.08616
      30.58630      24.08528
      30.59650      24.08440
      30.60670      24.08354
      30.61680      24.08270
      30.62700      24.08187
      30.63720      24.08105
      30.64730      24.08026
      30.65750      24.07946
      30.66770      24.07868
      30.67780      24.07792
      30.68800      24.07716
      30.69820      24.07642
      30.70830      24.07569
      30.71850      24.07496
      30.72860      24.07426
      30.73880      24.07355
      30.74900      24.07286
      30.75910      24.07218
      30.76930      24.07151
      30.77950      24.07084
      30.78960      24.07020
      30.79980      24.06955
      30.81000      24.06891
      30.82010      24.06829
      30.83030      24.06767
      30.84050      24.06706
      30.85060      24.06646
      30.86080      24.06586
      30.87100      24.06528
      30.88110      24.06470
      30.89130      24.06413
      30.90140      24.06357
      30.91160      24.06301
      30.92180      24.06246
      30.93190      24.06192
      30.94210      24.06139
      30.95230      24.06086
      30.96240      24.06034
      30.97260      24.05982
      30.98280      24.05931
      30.99290      24.05882
      31.00310      24.05832
      31.01330      24.05783
      31.02340      24.05735
      31.03360      24.05687
      31.04370      24.05640
      31.05390      24.05593
      31.06410      24.05547
      31.07420      24.05502
      31.08440      24.05457
      31.09460      24.05413
      31.10470      24.05369
      31.11490      24.05326
      31.12510      24.05283
      31.13520      24.05241
      31.14540      24.05199
      31.15560      24.05157
      31.16570      24.05117
      31.17590      24.05077
      31.18600      24.05037
      31.19620      24.04997
      31.20640      24.04958
      31.21650      24.04920
      31.22670      24.04882
      31.23690      24.04844
      31.24700      24.04807
      31.25720      24.04770
      31.26740      24.04734
      31.27750      24.04698
      31.28770      24.04663
      31.29790      24.04627
      31.30800      24.04593
      31.31820      24.04558
      31.32840      24.04524
      31.33850      24.04491
      31.34870      24.04458
      31.35880      24.04425
      31.36900      24.04392
      31.37920      24.04360
      31.38930      24.04329
      31.39950      24.04297
      31.40970      24.04266
      31.41980      24.04235
      31.43000      24.04205
      31.44020      24.04174
      31.45030      24.04145
      31.46050      24.04115
      31.47070      24.04086
      31.48080      24.04057
      31.49100      24.04029
      31.50110      24.04000
      31.51130      24.03972
      31.52150      24.03945
      31.53160      24.03917
      31.54180      24.03890
      31.55200      24.03863
      31.56210      24.03837
      31.57230      24.03810
      31.58250      24.03784
      31.59260      24.03759
      31.60280      24.03733
      31.61300      24.03708
      31.62310      24.03683
      31.63330      24.03658
      31.64350      24.03633
      31.65360      24.03609
      31.66380      24.03585
      31.67390      24.03562
      31.68410      24.03538
      31.69430      24.03514
      31.70440      24.03492
      31.71460      24.03469
      31.72480      24.03446
      31.73490      24.03424
      31.74510      24.03401
      31.75530      24.03379
      31.76540      24.03358
      31.77560      24.03336
      31.78580      24.03315
      31.79590      24.03294
      31.80610      24.03272
      31.81620      24.03252
      31.82640      24.03231
      31.83660      24.03211
      31.84670      24.03191
      31.85690      24.03171
      31.86710      24.03151
      31.87720      24.03131
      31.88740      24.03112
      31.89760      24.03092
      31.90770      24.03074
      31.91790      24.03054
      31.92810      24.03036
      31.93820      24.03017
      31.94840      24.02999
      31.95860      24.02980
      31.96870      24.02962
      31.97890      24.02945
      31.98900      24.02927
      31.99920      24.02909
      32.00940      24.02892
      32.01950      24.02875
      32.02970      24.02857
      32.03990      24.02840
      32.05000      24.02824
      32.06020      24.02807
      32.07040      24.02790
      32.08050      24.02774
      32.09070      24.02758
      32.10090      24.02742
      32.11100      24.02726
      32.12120      24.02710
      32.13130      24.02694
      32.14150      24.02679
      32.15170      24.02663
      32.16180      24.02648
      32.17200      24.02633
      32.18220      24.02618
      32.19230      24.02603
      32.20250      24.02588
      32.21270      24.02574
      32.22280      24.02559
      32.23300      24.02545
      32.24320      24.02530
      32.25330      24.02516
      32.26350      24.02502
      32.27370      24.02488
      32.28380      24.02474
      32.29400      24.02461
      32.30410      24.02447
      32.31430      24.02434
      32.32450      24.02420
      32.33460      24.02407
      32.34480      24.02394
      32.35500      24.02381
      32.36510      24.02368
      32.37530      24.02355
      32.38550      24.02342
      32.39560      24.02330
      32.40580      24.02317
      32.41600      24.02305
      32.42610      24.02292
      32.43630      24.02280
      32.44640      24.02268
      32.45660      24.02256
      32.46680      24.02244
      32.47690      24.02232
      32.48710      24.02221
      32.49730      24.02209
      32.50740      24.02197
      32.51760      24.02186
      32.52780      24.02175
      32.53790      24.02163
      32.54810      24.02152
      32.55830      24.02141
      32.56840      24.02130
      32.57860      24.02119
      32.58880      24.02108
      32.59890      24.02097
      32.60910      24.02086
      32.61920      24.02076
      32.62940      24.02065
      32.63960      24.02055
      32.64970      24.02044
      32.65990      24.02034
      32.67010      24.02024
      32.68020      24.02014
      32.69040      24.02004
      32.70060      24.01994
      32.71070      24.01984
      32.72090      24.01974
      32.73110      24.01964
      32.74120      24.01954
      32.75140      24.01945
      32.76150      24.01935
      32.77170      24.01926
      32.78190      24.01916
      32.79200      24.01907
      32.80220      24.01898
      32.81240      24.01888
      32.82250      24.01879
      32.83270      24.01870
      32.84290      24.01861
      32.85300      24.01852
      32.86320      24.01843
      32.87340      24.01834
      32.88350      24.01826
      32.89370      24.01817
      32.90390      24.01808
      32.91400      24.01800
      32.92420      24.01791
      32.93430      24.01783
      32.94450      24.01774
      32.95470      24.01766
      32.96480      24.01758
      32.97500      24.01750
      32.98520      24.01741
      32.99530      24.01733
      33.00550      24.01725
      33.01570      24.01717
      33.02580      24.01709
      33.03600      24.01702
      33.04620      24.01694
      33.05630      24.01686
      33.06650      24.01678
      33.07660      24.01670
      33.08680      24.01663
      33.09700      24.01655
      33.10710      24.01648
      33.11730      24.01640
      33.12750      24.01633
      33.13760      24.01625
      33.14780      24.01618
      33.15800      24.01611
      33.16810      24.01604
      33.17830      24.01596
      33.18850      24.01589
      33.19860      24.01582
      33.20880      24.01575
      33.21890      24.01568
      33.22910      24.01561
      33.23930      24.01554
      33.24940      24.01548
      33.25960      24.01541
      33.26980      24.01534
      33.27990      24.01527
      33.29010      24.01521
      33.30030      24.01514
      33.31040      24.01508
      33.32060      24.01501
      33.33080      24.01494
      33.34090      24.01488
      33.35110      24.01482
      33.36130      24.01475
      33.37140      24.01469
      33.38160      24.01463
      33.39170      24.01456
      33.40190      24.01450
      33.41210      24.01444
      33.42220      24.01438
      33.43240      24.01432
      33.44260      24.01426
      33.45270      24.01420
      33.46290      24.01414
      33.47310      24.01408
      33.48320      24.01402
      33.49340      24.01396
      33.50360      24.01390
      33.51370      24.01384
      33.52390      24.01379
      33.53400      24.01373
      33.54420      24.01367
      33.55440      24.01361
      33.56450      24.01356
      33.57470      24.01350
      33.58490      24.01345
      33.59500      24.01339
      33.60520      24.01334
      33.61540      24.01328
      33.62550      24.01323
      33.63570      24.01318
      33.64590      24.01312
      33.65600      24.01307
      33.66620      24.01302
      33.67640      24.01296
      33.68650      24.01291
      33.69670      24.01286
      33.70680      24.01281
      33.71700      24.01276
      33.72720      24.01270
      33.73730      24.01266
      33.74750      24.01260
      33.75770      24.01255
      33.76780      24.01250
      33.77800      24.01245
      33.78820      24.01241
      33.79830      24.01236
      33.80850      24.01231
      33.81870      24.01226
      33.82880      24.01221
      33.83900      24.01217
      33.84910      24.01212
      33.85930      24.01207
      33.86950      24.01202
      33.87960      24.01198
      33.88980      24.01193
      33.90000      24.01188
      33.91010      24.01184
      33.92030      24.01179
      33.93050      24.01175
      33.94060      24.01170
      33.95080      24.01166
      33.96100      24.01161
      33.97110      24.01157
      33.98130      24.01152
      33.99150      24.01148
      34.00160      24.01144
      34.01180      24.01139
      34.02190      24.01135
      34.03210      24.01131
      34.04230      24.01126
      34.05240      24.01122
      34.06260      24.01118
      34.07280      24.01114
      34.08290      24.01110
      34.09310      24.01106
      34.10330      24.01101
      34.11340      24.01097
      34.12360      24.01093
      34.13380      24.01089
      34.14390      24.01085
      34.15410      24.01081
      34.16420      24.01077
      34.17440      24.01073
      34.18460      24.01069
      34.19470      24.01065
      34.20490      24.01062
      34.21510      24.01058
      34.22520      24.01054
      34.23540      24.01050
      34.24560      24.01046
      34.25570      24.01042
      34.26590      24.01039
      34.27610      24.01035
      34.28620      24.01031
      34.29640      24.01027
      34.30660      24.01024
      34.31670      24.01020
      34.32690      24.01016
      34.33700      24.01013
      34.34720      24.01009
      34.35740      24.01006
      34.36750      24.01002
      34.37770      24.00998
      34.38790      24.00995
      34.39800      24.00991
      34.40820      24.00988
      34.41840      24.00985
      34.42850      24.00981
      34.43870      24.00978
      34.44890      24.00974
      34.45900      24.00971
      34.46920      24.00967
      34.47930      24.00964
      34.48950      24.00961
      34.49970      24.00957
      34.50980      24.00954
      34.52000      24.00951
      34.53020      24.00947
      34.54030      24.00944
      34.55050      24.00941
      34.56070      24.00938
      34.57080      24.00934
      34.58100      24.00931
      34.59120      24.00928
      34.60130      24.00925
      34.61150      24.00922
      34.62170      24.00919
      34.63180      24.00916
      34.64200      24.00912
      34.65210      24.00909
      34.66230      24.00906
      34.67250      24.00903
      34.68260      24.00900
      34.69280      24.00897
      34.70300      24.00894
      34.71310      24.00891
      34.72330      24.00888
      34.73350      24.00885
      34.74360      24.00882
      34.75380      24.00879
      34.76400      24.00876
      34.77410      24.00874
      34.78430      24.00871
      34.79440      24.00868
      34.80460      24.00865
      34.81480      24.00862
      34.82490      24.00859
      34.83510      24.00856
      34.84530      24.00854
      34.85540      24.00851
      34.86560      24.00848
      34.87580      24.00845
      34.88590      24.00842
      34.89610      24.00840
      34.90630      24.00837
      34.91640      24.00834
      34.92660      24.00832
      34.93670      24.00829
      34.94690      24.00826
      34.95710      24.00824
      34.96720      24.00821
      34.97740      24.00818
      34.98760      24.00816
      34.99770      24.00813
      35.00790      24.00810
      35.01810      24.00808
      35.02820      24.00805
      35.03840      24.00803
      35.04860      24.00800
      35.05870      24.00798
      35.06890      24.00795
      35.07910      24.00793
      35.08920      24.00790
      35.09940      24.00788
      35.10950      24.00785
      35.11970      24.00783
      35.12990      24.00780
      35.14000      24.00778
      35.15020      24.00775
      35.16040      24.00773
      35.17050      24.00771
      35.18070      24.00768
      35.19090      24.00766
      35.20100      24.00763
      35.21120      24.00761
      35.22140      24.00759
      35.23150      24.00756
      35.24170      24.00754
      35.25180      24.00752
      35.26200      24.00749
      35.27220      24.00747
      35.28230      24.00745
      35.29250      24.00742
      35.30270      24.00740
      35.31280      24.00738
      35.32300      24.00736
      35.33320      24.00733
      35.34330      24.00731
      35.35350      24.00729
      35.36370      24.00727
      35.37380      24.00725
      35.38400      24.00722
      35.39420      24.00720
      35.40430      24.00718
      35.41450      24.00716
      35.42460      24.00714
      35.43480      24.00712
      35.44500      24.00710
      35.45510      24.00707
      35.46530      24.00705
      35.47550      24.00703
      35.48560      24.00701
      35.49580      24.00699
      35.50600      24.00697
      35.51610      24.00695
      35.52630      24.00693
      35.53650      24.00691
      35.54660      24.00689
      35.55680      24.00687
      35.56690      24.00685
      35.57710      24.00683
      35.58730      24.00681
      35.59740      24.00679
      35.60760      24.00677
      35.61780      24.00675
      35.62790      24.00673
      35.63810      24.00671
      35.64830      24.00669
      35.65840      24.00667
      35.66860      24.00665
      35.67880      24.00663
      35.68890      24.00661
      35.69910      24.00659
      35.70930      24.00657
      35.71940      24.00655
      35.72960      24.00653
      35.73970      24.00652
      35.74990      24.00650
      35.76010      24.00648
      35.77020      24.00646
      35.78040      24.00644
      35.79060      24.00642
      35.80070      24.00641
      35.81090      24.00639
      35.82110      24.00637
      35.83120      24.00635
      35.84140      24.00633
      35.85160      24.00632
      35.86170      24.00630
      35.87190      24.00628
      35.88200      24.00626
      35.89220      24.00624
      35.90240      24.00623
      35.91250      24.00621
      35.92270      24.00619
      35.93290      24.00618
      35.94300      24.00616
      35.95320      24.00614
      35.96340      24.00612
      35.97350      24.00611
      35.98370      24.00609
      35.99390      24.00607
