! TITLE: Yobs                                                                                                                                                                                                                                                            
! Peak:  3
       6.20170      21.16697
       6.21190      21.16787
       6.22200      21.16877
       6.23220      21.16967
       6.24240      21.17057
       6.25250      21.17146
       6.26270      21.17237
       6.27290      21.17327
       6.28300      21.17416
       6.29320      21.17506
       6.30340      21.17597
       6.31350      21.17686
       6.32370      21.17776
       6.33380      21.17866
       6.34400      21.17956
       6.35420      21.18046
       6.36430      21.18135
       6.37450      21.18225
       6.38470      21.18316
       6.39480      21.18405
       6.40500      21.18495
       6.41520      21.18586
       6.42530      21.18675
       6.43550      21.18765
       6.44570      21.18855
       6.45580      21.18945
       6.46600      21.19035
       6.47620      21.19125
       6.48630      21.19214
       6.49650      21.19305
       6.50660      21.19394
       6.51680      21.19484
       6.52700      21.19574
       6.53710      21.19664
       6.54730      21.19754
       6.55750      21.19844
       6.56760      21.19934
       6.57780      21.20024
       6.58800      21.20114
       6.59810      21.20203
       6.60830      21.20294
       6.61850      21.20384
       6.62860      21.20473
       6.63880      21.20563
       6.64890      21.20653
       6.65910      21.20743
       6.66930      21.20833
       6.67940      21.20922
       6.68960      21.21013
       6.69980      21.21103
       6.70990      21.21192
       6.72010      21.21282
       6.73030      21.21373
       6.74040      21.21462
       6.75060      21.21552
       6.76080      21.21642
       6.77090      21.21732
       6.78110      21.21822
       6.79130      21.21912
       6.80140      21.22002
       6.81160      21.22092
       6.82170      21.22181
       6.83190      21.22271
       6.84210      21.22362
       6.85220      21.22451
       6.86240      21.22541
       6.87260      21.22631
       6.88270      21.22721
       6.89290      21.22811
       6.90310      21.22901
       6.91320      21.22990
       6.92340      21.23081
       6.93360      21.23171
       6.94370      21.23260
       6.95390      21.23351
       6.96400      21.23440
       6.97420      21.23530
       6.98440      21.23620
       6.99450      21.23709
       7.00470      21.23800
       7.01490      21.23890
       7.02500      21.23979
       7.03520      21.24070
       7.04540      21.24160
       7.05550      21.24249
       7.06570      21.24339
       7.07590      21.24430
       7.08600      21.24519
       7.09620      21.24609
       7.10640      21.24699
       7.11650      21.24789
       7.12670      21.24879
       7.13680      21.24968
       7.14700      21.25058
       7.15720      21.25149
       7.16730      21.25238
       7.17750      21.25328
       7.18770      21.25418
       7.19780      21.25508
       7.20800      21.25598
       7.21820      21.25688
       7.22830      21.25778
       7.23850      21.25868
       7.24870      21.25958
       7.25880      21.26047
       7.26900      21.26138
       7.27910      21.26227
       7.28930      21.26317
       7.29950      21.26407
       7.30960      21.26497
       7.31980      21.26587
       7.33000      21.26677
       7.34010      21.26766
       7.35030      21.26857
       7.36050      21.26947
       7.37060      21.27036
       7.38080      21.27127
       7.39100      21.27217
       7.40110      21.27306
       7.41130      21.27396
       7.42150      21.27486
       7.43160      21.27576
       7.44180      21.27666
       7.45190      21.27755
       7.46210      21.27846
       7.47230      21.27936
       7.48240      21.28025
       7.49260      21.32749
       7.50280      21.32846
       7.51290      21.32941
       7.52310      21.33038
       7.53330      21.33134
       7.54340      21.33230
       7.55360      21.33326
       7.56380      21.33423
       7.57390      21.33518
       7.58410      21.33615
       7.59420      21.33710
       7.60440      21.33807
       7.61460      21.33904
       7.62470      21.33999
       7.63490      21.34096
       7.64510      21.34193
       7.65520      21.34288
       7.66540      21.34385
       7.67560      21.34482
       7.68570      21.34577
       7.69590      21.34674
       7.70610      21.34771
       7.71620      21.34867
       7.72640      21.34963
       7.73650      21.35059
       7.74670      21.35156
       7.75690      21.35253
       7.76700      21.35349
       7.77720      21.35445
       7.78740      21.35542
       7.79750      21.35638
       7.80770      21.35735
       7.81790      21.35832
       7.82800      21.35928
       7.83820      21.36025
       7.84840      21.36122
       7.85850      21.36217
       7.86870      21.36314
       7.87890      21.36411
       7.88900      21.36507
       7.89920      21.36604
       7.90930      21.36700
       7.91950      21.36798
       7.92970      21.36894
       7.93980      21.36991
       7.95000      21.37088
       7.96020      21.37185
       7.97030      21.37281
       7.98050      21.37378
       7.99070      21.37475
       8.00080      21.37571
       8.01100      21.37668
       8.02120      21.37766
       8.03130      21.37862
       8.04150      21.37959
       8.05160      21.38055
       8.06180      21.38152
       8.07200      21.38249
       8.08210      21.38346
       8.09230      21.38443
       8.10250      21.38540
       8.11260      21.38637
       8.12280      21.38734
       8.13300      21.38831
       8.14310      21.38928
       8.15330      21.39025
       8.16350      21.39122
       8.17360      21.39219
       8.18380      21.39316
       8.19400      21.39413
       8.20410      21.39510
       8.21430      21.39607
       8.22440      21.39704
       8.23460      21.39801
       8.24480      21.39899
       8.25490      21.39995
       8.26510      21.40093
       8.27530      21.40190
       8.28540      21.40287
       8.29560      21.40384
       8.30580      21.40482
       8.31590      21.40579
       8.32610      21.40676
       8.33630      21.40774
       8.34640      21.40870
       8.35660      21.40968
       8.36670      21.41065
       8.37690      21.41162
       8.38710      21.41260
       8.39720      21.41357
       8.40740      21.41455
       8.41760      21.41552
       8.42770      21.41649
       8.43790      21.41747
       8.44810      21.41845
       8.45820      21.41942
       8.46840      21.42039
       8.47860      21.42137
       8.48870      21.42234
       8.49890      21.42332
       8.50910      21.42430
       8.51920      21.42527
       8.52940      21.42625
       8.53950      21.42722
       8.54970      21.42820
       8.55990      21.42918
       8.57000      21.43015
       8.58020      21.43113
       8.59040      21.43211
       8.60050      21.43308
       8.61070      21.43406
       8.62090      21.43504
       8.63100      21.43601
       8.64120      21.43699
       8.65140      21.43797
       8.66150      21.43895
       8.67170      21.43993
       8.68180      21.44090
       8.69200      21.44188
       8.70220      21.44286
       8.71230      21.44384
       8.72250      21.44482
       8.73270      21.44580
       8.74280      21.44677
       8.75300      21.44776
       8.76320      21.44874
       8.77330      21.44971
       8.78350      21.45070
       8.79370      21.45168
       8.80380      21.45266
       8.81400      21.45364
       8.82420      21.45462
       8.83430      21.45560
       8.84450      21.45658
       8.85460      21.45756
       8.86480      21.45854
       8.87500      21.45953
       8.88510      21.46050
       8.89530      21.46149
       8.90550      21.46247
       8.91560      21.46345
       8.92580      21.46444
       8.93600      21.46542
       8.94610      21.46640
       8.95630      21.46739
       8.96650      21.46837
       8.97660      21.46935
       8.98680      21.47034
       8.99690      21.47132
       9.00710      21.47230
       9.01730      21.47329
       9.02740      21.47427
       9.03760      21.47526
       9.04780      21.47625
       9.05790      21.47722
       9.06810      21.47821
       9.07830      21.47920
       9.08840      21.48018
       9.09860      21.48117
       9.10880      21.48216
       9.11890      21.48314
       9.12910      21.48413
       9.13930      21.48512
       9.14940      21.48610
       9.15960      21.48709
       9.16970      21.48807
       9.17990      21.48906
       9.19010      21.49006
       9.20020      21.49104
       9.21040      21.49203
       9.22060      21.49302
       9.23070      21.49400
       9.24090      21.49499
       9.25110      21.49599
       9.26120      21.49697
       9.27140      21.49796
       9.28160      21.49895
       9.29170      21.49994
       9.30190      21.50093
       9.31200      21.50191
       9.32220      21.50291
       9.33240      21.50390
       9.34250      21.50489
       9.35270      21.50588
       9.36290      21.50688
       9.37300      21.50786
       9.38320      21.50886
       9.39340      21.50985
       9.40350      21.51084
       9.41370      21.51183
       9.42390      21.51283
       9.43400      21.51381
       9.44420      21.51481
       9.45440      21.51581
       9.46450      21.51679
       9.47470      21.51779
       9.48480      21.51878
       9.49500      21.51978
       9.50520      21.52077
       9.51530      21.52176
       9.52550      21.52276
       9.53570      21.52376
       9.54580      21.52475
       9.55600      21.52575
       9.56620      21.52674
       9.57630      21.52773
       9.58650      21.52873
       9.59670      21.52973
       9.60680      21.53072
       9.61700      21.53172
       9.62710      21.53271
       9.63730      21.53371
       9.64750      21.53472
       9.65760      21.53571
       9.66780      21.53671
       9.67800      21.53771
       9.68810      21.53870
       9.69830      21.53970
       9.70850      21.54070
       9.71860      21.54170
       9.72880      21.54270
       9.73900      21.54370
       9.74910      21.54470
       9.75930      21.54570
       9.76940      21.54669
       9.77960      21.54770
       9.78980      21.54870
       9.79990      21.54970
       9.81010      21.55070
       9.82030      21.55170
       9.83040      21.55270
       9.84060      21.55371
       9.85080      21.55471
       9.86090      21.55571
       9.87110      21.55671
       9.88130      21.55772
       9.89140      21.55872
       9.90160      21.55972
       9.91180      21.56073
       9.92190      21.56173
       9.93210      21.56273
       9.94220      21.56373
       9.95240      21.56474
       9.96260      21.56575
       9.97270      21.56675
       9.98290      21.56776
       9.99310      21.56877
      10.00320      21.56977
      10.01340      21.57077
      10.02360      21.57178
      10.03370      21.57278
      10.04390      21.57380
      10.05410      21.57481
      10.06420      21.57581
      10.07440      21.57682
      10.08450      21.57782
      10.09470      21.57883
      10.10490      21.57984
      10.11500      21.58084
      10.12520      21.58186
      10.13540      21.58287
      10.14550      21.58387
      10.15570      21.58489
      10.16590      21.58590
      10.17600      21.58690
      10.18620      21.58792
      10.19640      21.58893
      10.20650      21.58994
      10.21670      21.59095
      10.22690      21.59197
      10.23700      21.59297
      10.24720      21.59399
      10.25730      21.59500
      10.26750      21.59601
      10.27770      21.59703
      10.28780      21.59803
      10.29800      21.59905
      10.30820      21.60007
      10.31830      21.60108
      10.32850      21.60209
      10.33870      21.60311
      10.34880      21.60412
      10.35900      21.60514
      10.36920      21.60616
      10.37930      21.60717
      10.38950      21.60819
      10.39960      21.60920
      10.40980      21.61022
      10.42000      21.61124
      10.43010      21.61225
      10.44030      21.61327
      10.45050      21.61429
      10.46060      21.61530
      10.47080      21.61633
      10.48100      21.61735
      10.49110      21.61836
      10.50130      21.61938
      10.51150      21.62041
      10.52160      21.62142
      10.53180      21.62245
      10.54200      21.62347
      10.55210      21.62449
      10.56230      21.62551
      10.57240      21.62653
      10.58260      21.62755
      10.59280      21.62858
      10.60290      21.62959
      10.61310      21.63062
      10.62330      21.63165
      10.63340      21.63266
      10.64360      21.63369
      10.65380      21.63472
      10.66390      21.63573
      10.67410      21.63676
      10.68430      21.63779
      10.69440      21.63881
      10.70460      21.63984
      10.71470      21.64086
      10.72490      21.64189
      10.73510      21.64292
      10.74520      21.64394
      10.75540      21.64497
      10.76560      21.64600
      10.77570      21.64702
      10.78590      21.64806
      10.79610      21.64909
      10.80620      21.65011
      10.81640      21.65114
      10.82660      21.65218
      10.83670      21.65320
      10.84690      21.65423
      10.85710      21.65527
      10.86720      21.65629
      10.87740      21.65733
      10.88750      21.65835
      10.89770      21.65939
      10.90790      21.66043
      10.91800      21.66145
      10.92820      21.66249
      10.93840      21.66352
      10.94850      21.66455
      10.95870      21.66559
      10.96890      21.66663
      10.97900      21.66766
      10.98920      21.66869
      10.99940      21.66973
      11.00950      21.67076
      11.01970      21.67180
      11.02980      21.67283
      11.04000      21.67387
      11.05020      21.67491
      11.06030      21.67595
      11.07050      21.67699
      11.08070      21.67803
      11.09080      21.67906
      11.10100      21.68010
      11.11120      21.68115
      11.12130      21.68218
      11.13150      21.68322
      11.14170      21.68427
      11.15180      21.68530
      11.16200      21.68635
      11.17220      21.68739
      11.18230      21.68843
      11.19250      21.68947
      11.20260      21.69051
      11.21280      21.69156
      11.22300      21.69261
      11.23310      21.69364
      11.24330      21.69469
      11.25350      21.69574
      11.26360      21.69678
      11.27380      21.69783
      11.28400      21.69888
      11.29410      21.69992
      11.30430      21.70097
      11.31450      21.70202
      11.32460      21.70306
      11.33480      21.70411
      11.34490      21.70515
      11.35510      21.70621
      11.36530      21.70726
      11.37540      21.70830
      11.38560      21.70935
      11.39580      21.71041
      11.40590      21.71145
      11.41610      21.71251
      11.42630      21.71356
      11.43640      21.71461
      11.44660      21.71566
      11.45680      21.71672
      11.46690      21.71777
      11.47710      21.71882
      11.48730      21.71988
      11.49740      21.72093
      11.50760      21.72199
      11.51770      21.72304
      11.52790      21.72410
      11.53810      21.72516
      11.54820      21.72621
      11.55840      21.72727
      11.56860      21.72833
      11.57870      21.72938
      11.58890      21.73044
      11.59910      21.73150
      11.60920      21.73256
      11.61940      21.73362
      11.62960      21.73469
      11.63970      21.73574
      11.64990      21.73680
      11.66000      21.73786
      11.67020      21.73892
      11.68040      21.73999
      11.69050      21.74105
      11.70070      21.74211
      11.71090      21.74318
      11.72100      21.74424
      11.73120      21.74531
      11.74140      21.74638
      11.75150      21.74743
      11.76170      21.74850
      11.77190      21.74957
      11.78200      21.75064
      11.79220      21.75171
      11.80230      21.75277
      11.81250      21.75384
      11.82270      21.75491
      11.83280      21.75598
      11.84300      21.75705
      11.85320      21.75812
      11.86330      21.75919
      11.87350      21.76026
      11.88370      21.76134
      11.89380      21.76240
      11.90400      21.76348
      11.91420      21.76456
      11.92430      21.76563
      11.93450      21.76670
      11.94470      21.76778
      11.95480      21.76885
      11.96500      21.76993
      11.97510      21.77100
      11.98530      21.77208
      11.99550      21.77316
      12.00560      21.77423
      12.01580      21.77531
      12.02600      21.77640
      12.03610      21.77747
      12.04630      21.77855
      12.05650      21.77964
      12.06660      21.78071
      12.07680      21.78180
      12.08700      21.78288
      12.09710      21.78396
      12.10730      21.78504
      12.11740      21.78612
      12.12760      21.78721
      12.13780      21.78830
      12.14790      21.78938
      12.15810      21.79046
      12.16830      21.79156
      12.17840      21.79263
      12.18860      21.79373
      12.19880      21.79482
      12.20890      21.79590
      12.21910      21.79699
      12.22930      21.79809
      12.23940      21.79917
      12.24960      21.80026
      12.25980      21.80136
      12.26990      21.80244
      12.28010      21.80354
      12.29020      21.80463
      12.30040      21.80572
      12.31060      21.80682
      12.32070      21.80791
      12.33090      21.80901
      12.34110      21.81011
      12.35120      21.81120
      12.36140      21.81230
      12.37160      21.81340
      12.38170      21.81449
      12.39190      21.81559
      12.40210      21.81670
      12.41220      21.81779
      12.42240      21.81889
      12.43250      21.81999
      12.44270      21.82109
      12.45290      21.82220
      12.46300      21.82330
      12.47320      21.82440
      12.48340      21.82551
      12.49350      21.82661
      12.50370      21.82772
      12.51390      21.82883
      12.52400      21.82993
      12.53420      21.83104
      12.54440      21.83215
      12.55450      21.83325
      12.56470      21.83436
      12.57490      21.83548
      12.58500      21.83658
      12.59520      21.83770
      12.60530      21.83880
      12.61550      21.83992
      12.62570      21.84103
      12.63580      21.84214
      12.64600      21.84326
      12.65620      21.84438
      12.66630      21.84549
      12.67650      21.84661
      12.68670      21.84773
      12.69680      21.84884
      12.70700      21.84996
      12.71720      21.85108
      12.72730      21.85220
      12.73750      21.85332
      12.74760      21.85443
      12.75780      21.85556
      12.76800      21.85669
      12.77810      21.85780
      12.78830      21.85893
      12.79850      21.86006
      12.80860      21.86118
      12.81880      21.86230
      12.82900      21.86344
      12.83910      21.86456
      12.84930      21.86569
      12.85950      21.86682
      12.86960      21.86794
      12.87980      21.86908
      12.89000      21.87021
      12.90010      21.87133
      12.91030      21.87247
      12.92040      21.87360
      12.93060      21.87473
      12.94080      21.87587
      12.95090      21.87700
      12.96110      21.87814
      12.97130      21.87928
      12.98140      21.88041
      12.99160      21.88155
      13.00180      21.88270
      13.01190      21.88383
      13.02210      21.88497
      13.03230      21.88612
      13.04240      21.88725
      13.05260      21.88840
      13.06270      21.88954
      13.07290      21.89068
      13.08310      21.89183
      13.09320      21.89297
      13.10340      21.89412
      13.11360      21.89527
      13.12370      21.89641
      13.13390      21.89757
      13.14410      21.89872
      13.15420      21.89986
      13.16440      21.90102
      13.17460      21.90218
      13.18470      21.90332
      13.19490      21.90448
      13.20510      21.90564
      13.21520      21.90679
      13.22540      21.90795
      13.23550      21.90910
      13.24570      21.91026
      13.25590      21.91142
      13.26600      21.91257
      13.27620      21.91374
      13.28640      21.91490
      13.29650      21.91606
      13.30670      21.91722
      13.31690      21.91839
      13.32700      21.91955
      13.33720      21.92072
      13.34740      21.92189
      13.35750      21.92305
      13.36770      21.92422
      13.37780      21.92538
      13.38800      21.92656
      13.39820      21.92773
      13.40830      21.92890
      13.41850      21.93007
      13.42870      21.93125
      13.43880      21.93242
      13.44900      21.93360
      13.45920      21.93478
      13.46930      21.93595
      13.47950      21.93713
      13.48970      21.93831
      13.49980      21.93949
      13.51000      21.94067
      13.52010      21.94185
      13.53030      21.94303
      13.54050      21.94422
      13.55060      21.94540
      13.56080      21.94659
      13.57100      21.94778
      13.58110      21.94896
      13.59130      21.95015
      13.60150      21.95135
      13.61160      21.95253
      13.62180      21.95372
      13.63200      21.95492
      13.64210      21.95611
      13.65230      21.95731
      13.66250      21.95851
      13.67260      21.95969
      13.68280      21.96090
      13.69290      21.96209
      13.70310      21.96329
      13.71330      21.96449
      13.72340      21.96569
      13.73360      21.96690
      13.74380      21.96810
      13.75390      21.96930
      13.76410      21.97051
      13.77430      21.97172
      13.78440      21.97292
      13.79460      21.97413
      13.80480      21.97535
      13.81490      21.97655
      13.82510      21.97777
      13.83520      21.97898
      13.84540      21.98019
      13.85560      21.98141
      13.86570      21.98262
      13.87590      21.98384
      13.88610      21.98507
      13.89620      21.98628
      13.90640      21.98750
      13.91660      21.98873
      13.92670      21.98994
      13.93690      21.99117
      13.94710      21.99240
      13.95720      21.99362
      13.96740      21.99485
      13.97760      21.99609
      13.98770      21.99731
      13.99790      21.99854
      14.00800      21.99977
      14.01820      22.00101
      14.02840      22.00224
      14.03850      22.00347
      14.04870      22.00471
      14.05890      22.00596
      14.06900      22.00719
      14.07920      22.00843
      14.08940      22.00968
      14.09950      22.01092
      14.10970      22.01216
      14.11990      22.01341
      14.13000      22.01465
      14.14020      22.01591
      14.15030      22.01715
      14.16050      22.01840
      14.17070      22.01966
      14.18080      22.02090
      14.19100      22.02216
      14.20120      22.02342
      14.21130      22.02467
      14.22150      22.02593
      14.23170      22.02719
      14.24180      22.02845
      14.25200      22.02971
      14.26220      22.03098
      14.27230      22.03224
      14.28250      22.03351
      14.29270      22.03478
      14.30280      22.03604
      14.31300      22.03732
      14.32310      22.03858
      14.33330      22.03986
      14.34350      22.04114
      14.35360      22.04240
      14.36380      22.04368
      14.37400      22.04497
      14.38410      22.04624
      14.39430      22.04752
      14.40450      22.04881
      14.41460      22.05009
      14.42480      22.05138
      14.43500      22.05267
      14.44510      22.05395
      14.45530      22.05524
      14.46540      22.05652
      14.47560      22.05782
      14.48580      22.05912
      14.49590      22.06041
      14.50610      22.06171
      14.51630      22.06301
      14.52640      22.06430
      14.53660      22.06561
      14.54680      22.06692
      14.55690      22.06821
      14.56710      22.06952
      14.57730      22.07083
      14.58740      22.07213
      14.59760      22.07345
      14.60780      22.07477
      14.61790      22.07607
      14.62810      22.07739
      14.63820      22.07870
      14.64840      22.08002
      14.65860      22.08135
      14.66870      22.08266
      14.67890      22.08399
      14.68910      22.08532
      14.69920      22.08664
      14.70940      22.08797
      14.71960      22.08930
      14.72970      22.09063
      14.73990      22.09196
      14.75010      22.09330
      14.76020      22.09463
      14.77040      22.09597
      14.78050      22.09730
      14.79070      22.09865
      14.80090      22.10000
      14.81100      22.10133
      14.82120      22.10268
      14.83140      22.10404
      14.84150      22.10538
      14.85170      22.10674
      14.86190      22.10809
      14.87200      22.10944
      14.88220      22.11080
      14.89240      22.11217
      14.90250      22.11352
      14.91270      22.11489
      14.92290      22.11625
      14.93300      22.11761
      14.94320      22.11898
      14.95330      22.12035
      14.96350      22.12172
      14.97370      22.12310
      14.98380      22.12447
      14.99400      22.12585
      15.00420      22.12723
      15.01430      22.12860
      15.02450      22.12999
      15.03470      22.13138
      15.04480      22.13276
      15.05500      22.13416
      15.06520      22.13555
      15.07530      22.13693
      15.08550      22.13833
      15.09560      22.13972
      15.10580      22.14112
      15.11600      22.14253
      15.12610      22.14392
      15.13630      22.14533
      15.14650      22.14675
      15.15660      22.14815
      15.16680      22.14956
      15.17700      22.15098
      15.18710      22.15239
      15.19730      22.15381
      15.20750      22.15523
      15.21760      22.15664
      15.22780      22.15807
      15.23800      22.15950
      15.24810      22.16092
      15.25830      22.16236
      15.26840      22.16378
      15.27860      22.16522
      15.28880      22.16666
      15.29890      22.16809
      15.30910      22.16954
      15.31930      22.17099
      15.32940      22.17242
      15.33960      22.17388
      15.34980      22.17533
      15.35990      22.17677
      15.37010      22.17823
      15.38030      22.17970
      15.39040      22.18115
      15.40060      22.18261
      15.41070      22.18407
      15.42090      22.18554
      15.43110      22.18701
      15.44120      22.18847
      15.45140      22.18995
      15.46160      22.19143
      15.47170      22.19290
      15.48190      22.19439
      15.49210      22.19588
      15.50220      22.19736
      15.51240      22.19885
      15.52260      22.20034
      15.53270      22.20183
      15.54290      22.20333
      15.55300      22.20482
      15.56320      22.20633
      15.57340      22.20783
      15.58350      22.20933
      15.59370      22.21084
      15.60390      22.21236
      15.61400      22.21387
      15.62420      22.21539
      15.63440      22.21691
      15.64450      22.21842
      15.65470      22.21996
      15.66490      22.22149
      15.67500      22.22301
      15.68520      22.22455
      15.69540      22.22609
      15.70550      22.22762
      15.71570      22.22916
      15.72580      22.23070
      15.73600      22.23225
      15.74620      22.23380
      15.75630      22.23535
      15.76650      22.23691
      15.77670      22.23847
      15.78680      22.24002
      15.79700      22.24159
      15.80720      22.24317
      15.81730      22.24472
      15.82750      22.24630
      15.83770      22.24788
      15.84780      22.24945
      15.85800      22.25104
      15.86810      22.25262
      15.87830      22.25421
      15.88850      22.25581
      15.89860      22.25739
      15.90880      22.25900
      15.91900      22.26060
      15.92910      22.26220
      15.93930      22.26381
      15.94950      22.26542
      15.95960      22.26703
      15.96980      22.26865
      15.98000      22.27028
      15.99010      22.27189
      16.00030      22.27352
      16.01050      22.27515
      16.02060      22.27678
      16.03080      22.27842
      16.04090      22.28005
      16.05110      22.28170
      16.06130      22.28335
      16.07140      22.28499
      16.08160      22.28665
      16.09180      22.28831
      16.10190      22.28996
      16.11210      22.29163
      16.12230      22.29331
      16.13240      22.29497
      16.14260      22.29665
      16.15280      22.29833
      16.16290      22.30000
      16.17310      22.30169
      16.18320      22.30337
      16.19340      22.30507
      16.20360      22.30677
      16.21370      22.30846
      16.22390      22.31017
      16.23410      22.31189
      16.24420      22.31359
      16.25440      22.31531
      16.26460      22.31704
      16.27470      22.31875
      16.28490      22.32048
      16.29510      22.32222
      16.30520      22.32394
      16.31540      22.32569
      16.32560      22.32744
      16.33570      22.32918
      16.34590      22.33093
      16.35600      22.33268
      16.36620      22.33444
      16.37640      22.33621
      16.38650      22.33797
      16.39670      22.33975
      16.40690      22.34153
      16.41700      22.34330
      16.42720      22.34509
      16.43740      22.34689
      16.44750      22.34867
      16.45770      22.35047
      16.46790      22.35228
      16.47800      22.35408
      16.48820      22.35589
      16.49830      22.35770
      16.50850      22.35953
      16.51870      22.36136
      16.52880      22.36317
      16.53900      22.36502
      16.54920      22.36686
      16.55930      22.36869
      16.56950      22.37055
      16.57970      22.37240
      16.58980      22.37425
      16.60000      22.37612
      16.61020      22.37799
      16.62030      22.37985
      16.63050      22.38173
      16.64070      22.38362
      16.65080      22.38550
      16.66100      22.38740
      16.67110      22.38928
      16.68130      22.39119
      16.69150      22.39310
      16.70160      22.39500
      16.71180      22.39692
      16.72200      22.39886
      16.73210      22.40077
      16.74230      22.40271
      16.75250      22.40465
      16.76260      22.40658
      16.77280      22.40854
      16.78300      22.41050
      16.79310      22.41245
      16.80330      22.41442
      16.81340      22.41638
      16.82360      22.41836
      16.83380      22.42035
      16.84390      22.42232
      16.85410      22.42432
      16.86430      22.42633
      16.87440      22.42832
      16.88460      22.43034
      16.89480      22.43236
      16.90490      22.43437
      16.91510      22.43640
      16.92530      22.43844
      16.93540      22.44047
      16.94560      22.44252
      16.95580      22.44458
      16.96590      22.44663
      16.97610      22.44870
      16.98620      22.45075
      16.99640      22.45284
      17.00660      22.45493
      17.01670      22.45700
      17.02690      22.45911
      17.03710      22.46122
      17.04720      22.46331
      17.05740      22.46543
      17.06760      22.46756
      17.07770      22.46968
      17.08790      22.47182
      17.09810      22.47397
      17.10820      22.47610
      17.11840      22.47826
      17.12850      22.48041
      17.13870      22.48259
      17.14890      22.48477
      17.15900      22.48694
      17.16920      22.48914
      17.17940      22.49134
      17.18950      22.49353
      17.19970      22.49575
      17.20990      22.49798
      17.22000      22.50019
      17.23020      22.50243
      17.24040      22.50468
      17.25050      22.50691
      17.26070      22.50917
      17.27090      22.51144
      17.28100      22.51370
      17.29120      22.51599
      17.30130      22.51826
      17.31150      22.52056
      17.32170      22.52287
      17.33180      22.52517
      17.34200      22.52749
      17.35220      22.52983
      17.36230      22.53214
      17.37250      22.53449
      17.38270      22.53685
      17.39280      22.53920
      17.40300      22.54157
      17.41320      22.54396
      17.42330      22.54633
      17.43350      22.54873
      17.44360      22.55111
      17.45380      22.55353
      17.46400      22.55596
      17.47410      22.55837
      17.48430      22.56082
      17.49450      22.56327
      17.50460      22.56571
      17.51480      22.56818
      17.52500      22.57066
      17.53510      22.57313
      17.54530      22.57563
      17.55550      22.57814
      17.56560      22.58063
      17.57580      22.58316
      17.58590      22.58567
      17.59610      22.58822
      17.60630      22.59078
      17.61640      22.59332
      17.62660      22.59590
      17.63680      22.59849
      17.64690      22.60106
      17.65710      22.60367
      17.66730      22.60628
      17.67740      22.60889
      17.68760      22.61152
      17.69780      22.61417
      17.70790      22.61681
      17.71810      22.61948
      17.72830      22.62216
      17.73840      22.62483
      17.74860      22.62753
      17.75870      22.63022
      17.76890      22.63294
      17.77910      22.63568
      17.78920      22.63840
      17.79940      22.64116
      17.80960      22.64393
      17.81970      22.64669
      17.82990      22.64948
      17.84010      22.65229
      17.85020      22.65508
      17.86040      22.65791
      17.87060      22.66075
      17.88070      22.66358
      17.89090      22.66644
      17.90100      22.66929
      17.91120      22.67219
      17.92140      22.67509
      17.93150      22.67798
      17.94170      22.68091
      17.95190      22.68385
      17.96200      22.68678
      17.97220      22.68975
      17.98240      22.69273
      17.99250      22.69569
      18.00270      22.69870
      18.01290      22.70173
      18.02300      22.70473
      18.03320      22.70778
      18.04340      22.71085
      18.05350      22.71389
      18.06370      22.71699
      18.07380      22.72006
      18.08400      22.72318
      18.09420      22.72632
      18.10430      22.72944
      18.11450      22.73260
      18.12470      22.73579
      18.13480      22.73895
      18.14500      22.74216
      18.15520      22.74539
      18.16530      22.74860
      18.17550      22.75185
      18.18570      22.75513
      18.19580      22.75838
      18.20600      22.76169
      18.21610      22.76498
      18.22630      22.76831
      18.23650      22.77167
      18.24660      22.77500
      18.25680      22.77839
      18.26700      22.78180
      18.27710      22.78518
      18.28730      22.78862
      18.29750      22.79208
      18.30760      22.79552
      18.31780      22.79901
      18.32800      22.80252
      18.33810      22.80601
      18.34830      22.80956
      18.35850      22.81312
      18.36860      22.81667
      18.37880      22.82027
      18.38890      22.82385
      18.39910      22.82749
      18.40930      22.83115
      18.41940      22.83479
      18.42960      22.83849
      18.43980      22.84221
      18.44990      22.84591
      18.46010      22.84966
      18.47030      22.85344
      18.48040      22.85720
      18.49060      22.86102
      18.50080      22.86486
      18.51090      22.86868
      18.52110      22.87257
      18.53120      22.87643
      18.54140      22.88036
      18.55160      22.88430
      18.56170      22.88824
      18.57190      22.89223
      18.58210      22.89624
      18.59220      22.90024
      18.60240      22.90430
      18.61260      22.90839
      18.62270      22.91245
      18.63290      22.91658
      18.64310      22.92074
      18.65320      22.92488
      18.66340      22.92908
      18.67360      22.93331
      18.68370      22.93752
      18.69390      22.94180
      18.70400      22.94606
      18.71420      22.95039
      18.72440      22.95475
      18.73450      22.95909
      18.74470      22.96350
      18.75490      22.96793
      18.76500      22.97235
      18.77520      22.97684
      18.78540      22.98136
      18.79550      22.98586
      18.80570      22.99043
      18.81590      22.99503
      18.82600      22.99961
      18.83620      23.00427
      18.84630      23.00892
      18.85650      23.01363
      18.86670      23.01838
      18.87680      23.02311
      18.88700      23.02792
      18.89720      23.03276
      18.90730      23.03758
      18.91750      23.04248
      18.92770      23.04742
      18.93780      23.05234
      18.94800      23.05733
      18.95820      23.06237
      18.96830      23.06738
      18.97850      23.07248
      18.98870      23.07761
      18.99880      23.08273
      19.00900      23.08793
      19.01910      23.09311
      19.02930      23.09838
      19.03950      23.10369
      19.04960      23.10898
      19.05980      23.11436
      19.07000      23.11978
      19.08010      23.12518
      19.09030      23.13067
      19.10050      23.13620
      19.11060      23.14171
      19.12080      23.14732
      19.13100      23.15297
      19.14110      23.15860
      19.15130      23.16433
      19.16140      23.17004
      19.17160      23.17585
      19.18180      23.18170
      19.19190      23.18753
      19.20210      23.19347
      19.21230      23.19945
      19.22240      23.20541
      19.23260      23.21148
      19.24280      23.21759
      19.25290      23.22368
      19.26310      23.22989
      19.27330      23.23613
      19.28340      23.24236
      19.29360      23.24871
      19.30380      23.25510
      19.31390      23.26147
      19.32410      23.26796
      19.33420      23.27443
      19.34440      23.28102
      19.35460      23.28765
      19.36470      23.29428
      19.37490      23.30102
      19.38510      23.30781
      19.39520      23.31459
      19.40540      23.32149
      19.41560      23.32844
      19.42570      23.33538
      19.43590      23.34245
      19.44610      23.34957
      19.45620      23.35667
      19.46640      23.36391
      19.47650      23.37113
      19.48670      23.37848
      19.49690      23.38590
      19.50700      23.39330
      19.51720      23.40083
      19.52740      23.40842
      19.53750      23.41601
      19.54770      23.42373
      19.55790      23.43152
      19.56800      23.43930
      19.57820      23.44721
      19.58840      23.45520
      19.59850      23.46317
      19.60870      23.47129
      19.61880      23.47940
      19.62900      23.48767
      19.63920      23.49600
      19.64930      23.50432
      19.65950      23.51280
      19.66970      23.52135
      19.67980      23.52989
      19.69000      23.53860
      19.70020      23.54737
      19.71030      23.55614
      19.72050      23.56508
      19.73070      23.57409
      19.74080      23.58310
      19.75100      23.59228
      19.76120      23.60154
      19.77130      23.61080
      19.78150      23.62023
      19.79160      23.62965
      19.80180      23.63926
      19.81200      23.64896
      19.82210      23.65865
      19.83230      23.66852
      19.84250      23.67849
      19.85260      23.68845
      19.86280      23.69861
      19.87300      23.70887
      19.88310      23.71912
      19.89330      23.72957
      19.90350      23.74012
      19.91360      23.75067
      19.92380      23.76143
      19.93390      23.77218
      19.94410      23.78315
      19.95430      23.79423
      19.96440      23.80530
      19.97460      23.81660
      19.98480      23.82801
      19.99490      23.83942
      20.00510      23.85107
      20.01530      23.86283
      20.02540      23.87459
      20.03560      23.88659
      20.04580      23.89871
      20.05590      23.91084
      20.06610      23.92322
      20.07630      23.93573
      20.08640      23.94824
      20.09660      23.96101
      20.10670      23.97379
      20.11690      23.98684
      20.12710      24.00002
      20.13720      24.01322
      20.14740      24.02669
      20.15760      24.04031
      20.16770      24.05394
      20.17790      24.06787
      20.18810      24.08194
      20.19820      24.09604
      20.20840      24.11044
      20.21860      24.12499
      20.22870      24.13958
      20.23890      24.15447
      20.24900      24.16940
      20.25920      24.18464
      20.26940      24.20006
      20.27950      24.21552
      20.28970      24.23132
      20.29990      24.24730
      20.31000      24.26333
      20.32020      24.27971
      20.33040      24.29630
      20.34050      24.31292
      20.35070      24.32993
      20.36090      24.34715
      20.37100      24.36442
      20.38120      24.38209
      20.39140      24.40000
      20.40150      24.41796
      20.41170      24.43634
      20.42180      24.45480
      20.43200      24.47369
      20.44220      24.49285
      20.45230      24.51208
      20.46250      24.53178
      20.47270      24.55177
      20.48280      24.57185
      20.49300      24.59243
      20.50320      24.61332
      20.51330      24.63432
      20.52350      24.65585
      20.53370      24.67772
      20.54380      24.69972
      20.55400      24.72230
      20.56410      24.74502
      20.57430      24.76835
      20.58450      24.79207
      20.59460      24.81597
      20.60480      24.84051
      20.61500      24.86550
      20.62510      24.89068
      20.63530      24.91657
      20.64550      24.94296
      20.65560      24.96957
      20.66580      24.99696
      20.67600      25.02489
      20.68610      25.05309
      20.69630      25.08215
      20.70650      25.11180
      20.71660      25.14178
      20.72680      25.17270
      20.73690      25.20397
      20.74710      25.23624
      20.75730      25.26924
      20.76740      25.30266
      20.77760      25.33717
      20.78780      25.37251
      20.79790      25.40833
      20.80810      25.44538
      20.81830      25.48335
      20.82840      25.52188
      20.83860      25.56178
      20.84880      25.60271
      20.85890      25.64429
      20.86910      25.68741
      20.87920      25.73124
      20.88940      25.77672
      20.89960      25.82345
      20.90970      25.87103
      20.91990      25.92043
      20.93010      25.97126
      20.94020      26.02306
      20.95040      26.07690
      20.96060      26.13236
      20.97070      26.18892
      20.98090      26.24778
      20.99110      26.30845
      21.00120      26.37039
      21.01140      26.43491
      21.02160      26.50147
      21.03170      26.56947
      21.04190      26.64035
      21.05200      26.71280
      21.06220      26.78837
      21.07240      26.86640
      21.08250      26.94625
      21.09270      27.02954
      21.10290      27.11563
      21.11300      27.20375
      21.12320      27.29572
      21.13340      27.39084
      21.14350      27.48821
      21.15370      27.58991
      21.16390      27.69510
      21.17400      27.80282
      21.18420      27.91535
      21.19430      28.03060
      21.20450      28.15102
      21.21470      28.27560
      21.22480      28.40321
      21.23500      28.53654
      21.24520      28.67447
      21.25530      28.81580
      21.26550      28.96339
      21.27570      29.11612
      21.28580      29.27255
      21.29600      29.43591
      21.30620      29.60490
      21.31630      29.77793
      21.32650      29.95862
      21.33660      30.14358
      21.34680      30.33670
      21.35700      30.53633
      21.36710      30.74060
      21.37730      30.95378
      21.38750      31.17406
      21.39760      31.39934
      21.40780      31.63432
      21.41800      31.87695
      21.42810      32.12504
      21.43830      32.38356
      21.44850      32.65042
      21.45860      32.92301
      21.46880      33.20698
      21.47900      33.49985
      21.48910      33.79879
      21.49930      34.10998
      21.50940      34.42745
      21.51960      34.75776
      21.52980      35.09797
      21.53990      35.44477
      21.55010      35.80528
      21.56030      36.17628
      21.57040      36.55412
      21.58060      36.94655
      21.59080      37.34995
      21.60090      37.76056
      21.61110      38.18646
      21.62130      38.62400
      21.63140      39.06875
      21.64160      39.52978
      21.65170      39.99809
      21.66190      40.48320
      21.67210      40.98061
      21.68220      41.48535
      21.69240      42.00764
      21.70260      42.54259
      21.71270      43.08482
      21.72290      43.64527
      21.73310      44.21866
      21.74320      44.79919
      21.75340      45.39854
      21.76360      46.01090
      21.77370      46.63039
      21.78390      47.26896
      21.79410      47.92083
      21.80420      48.57925
      21.81440      49.25736
      21.82450      49.94170
      21.83470      50.64594
      21.84490      51.36321
      21.85500      52.08615
      21.86520      52.82912
      21.87540      53.58487
      21.88550      54.34557
      21.89570      55.12633
      21.90590      55.91927
      21.91600      56.71663
      21.92620      57.53371
      21.93640      58.36239
      21.94650      59.19451
      21.95670      60.04584
      21.96680      60.89987
      21.97700      61.77275
      21.98720      62.65619
      21.99730      63.54075
      22.00750      64.44381
      22.01770      65.35618
      22.02780      66.26828
      22.03800      67.19795
      22.04820      68.13568
      22.05830      69.07158
      22.06850      70.02390
      22.07870      70.98263
      22.08880      71.93816
      22.09900      72.90855
      22.10920      73.88367
      22.11930      74.85372
      22.12950      75.83678
      22.13960      76.81343
      22.14980      77.80183
      22.16000      78.79207
      22.17010      79.77341
      22.18030      80.76472
      22.19050      81.75545
      22.20060      82.73497
      22.21080      83.72208
      22.22100      84.70612
      22.23110      85.67651
      22.24130      86.65179
      22.25150      87.62113
      22.26160      88.57462
      22.27180      89.52965
      22.28190      90.46703
      22.29210      91.40400
      22.30230      92.33009
      22.31240      93.23577
      22.32260      94.13743
      22.33280      95.02535
      22.34290      95.88969
      22.35310      96.74664
      22.36330      97.58637
      22.37340      98.39968
      22.38360      99.20171
      22.39380      99.98310
      22.40390     100.73527
      22.41410     101.47215
      22.42430     102.18481
      22.43440     102.86587
      22.44460     103.52731
      22.45470     104.15543
      22.46490     104.76128
      22.47510     105.33771
      22.48520     105.87845
      22.49540     106.39303
      22.50560     106.87524
      22.51570     107.31979
      22.52590     107.73474
      22.53610     108.11468
      22.54620     108.45560
      22.55640     108.76368
      22.56660     109.03469
      22.57670     109.26597
      22.58690     109.46166
      22.59700     109.61750
      22.60720     109.73627
      22.61740     109.81599
      22.62750     109.85628
      22.63770     109.85786
      22.64790     109.82014
      22.65800     109.74413
      22.66820     109.62852
      22.67840     109.47408
      22.68850     109.28323
      22.69870     109.05257
      22.70890     108.78429
      22.71900     108.48212
      22.72920     108.14066
      22.73940     107.76340
      22.74950     107.35537
      22.75970     106.90917
      22.76980     106.43449
      22.78000     105.92273
      22.79020     105.37951
      22.80030     104.81135
      22.81050     104.20831
      22.82070     103.57664
      22.83080     102.92422
      22.84100     102.23906
      22.85120     101.52867
      22.86130     100.80157
      22.87150     100.04434
      22.88170      99.26529
      22.89180      98.47358
      22.90200      97.65450
      22.91210      96.82540
      22.92230      95.97083
      22.93250      95.10010
      22.94260      94.22319
      22.95280      93.32363
      22.96300      92.41140
      22.97310      91.49625
      22.98330      90.56162
      22.99350      89.61710
      23.00360      88.67339
      23.01380      87.71257
      23.02400      86.74500
      23.03410      85.78133
      23.04430      84.80316
      23.05450      83.82101
      23.06460      82.84555
      23.07480      81.85809
      23.08490      80.87900
      23.09510      79.88948
      23.10530      78.90012
      23.11540      77.92145
      23.12560      76.93459
      23.13580      75.95026
      23.14590      74.97826
      23.15610      74.00056
      23.16630      73.02695
      23.17640      72.06781
      23.18660      71.10453
      23.19680      70.14726
      23.20690      69.20597
      23.21710      68.26229
      23.22720      67.33542
      23.23740      66.40726
      23.24760      65.48758
      23.25770      64.58577
      23.26790      63.68419
      23.27810      62.79245
      23.28820      61.91909
      23.29840      61.04748
      23.30860      60.18671
      23.31870      59.34496
      23.32890      58.50629
      23.33910      57.67898
      23.34920      56.87143
      23.35940      56.06769
      23.36950      55.28389
      23.37970      54.50451
      23.38990      53.73762
      23.40000      52.99078
      23.41020      52.24916
      23.42040      51.52041
      23.43050      50.81165
      23.44070      50.10877
      23.45090      49.41912
      23.46100      48.74900
      23.47120      48.08541
      23.48140      47.43513
      23.49150      46.80405
      23.50170      46.18002
      23.51190      45.56902
      23.52200      44.97701
      23.53220      44.39209
      23.54230      43.82578
      23.55250      43.26669
      23.56270      42.72046
      23.57280      42.19222
      23.58300      41.67131
      23.59320      41.16295
      23.60330      40.67189
      23.61350      40.18816
      23.62370      39.71669
      23.63380      39.26159
      23.64400      38.81392
      23.65420      38.37789
      23.66430      37.95751
      23.67450      37.54441
      23.68460      37.14632
      23.69480      36.75539
      23.70500      36.37525
      23.71510      36.00940
      23.72530      35.65033
      23.73550      35.30157
      23.74560      34.96622
      23.75580      34.63738
      23.76600      34.31825
      23.77610      34.01165
      23.78630      33.71126
      23.79650      33.42002
      23.80660      33.14034
      23.81680      32.86662
      23.82700      32.60136
      23.83710      32.34689
      23.84730      32.09794
      23.85740      31.85918
      23.86760      31.62579
      23.87780      31.39984
      23.88790      31.18332
      23.89810      30.97170
      23.90830      30.76699
      23.91840      30.57092
      23.92860      30.37939
      23.93880      30.19420
      23.94890      30.01690
      23.95910      29.84378
      23.96930      29.67648
      23.97940      29.51631
      23.98960      29.36001
      23.99970      29.21040
      24.00990      29.06444
      24.02010      28.92339
      24.03020      28.78845
      24.04040      28.65676
      24.05060      28.52955
      24.06070      28.40786
      24.07090      28.28911
      24.08110      28.17439
      24.09120      28.06465
      24.10140      27.95754
      24.11160      27.85407
      24.12170      27.75507
      24.13190      27.65843
      24.14210      27.56505
      24.15220      27.47566
      24.16240      27.38840
      24.17250      27.30485
      24.18270      27.22327
      24.19290      27.14437
      24.20300      27.06880
      24.21320      26.99496
      24.22340      26.92352
      24.23350      26.85505
      24.24370      26.78811
      24.25390      26.72331
      24.26400      26.66116
      24.27420      26.60035
      24.28440      26.54143
      24.29450      26.48489
      24.30470      26.42952
      24.31480      26.37635
      24.32500      26.32425
      24.33520      26.27371
      24.34530      26.22511
      24.35550      26.17747
      24.36570      26.13119
      24.37580      26.08666
      24.38600      26.04294
      24.39620      26.00044
      24.40630      25.95951
      24.41650      25.91928
      24.42670      25.88013
      24.43680      25.84238
      24.44700      25.80524
      24.45720      25.76906
      24.46730      25.73413
      24.47750      25.69973
      24.48760      25.66651
      24.49780      25.63376
      24.50800      25.60180
      24.51810      25.57089
      24.52830      25.54040
      24.53850      25.51060
      24.54860      25.48175
      24.55880      25.45327
      24.56900      25.42540
      24.57910      25.39840
      24.58930      25.37170
      24.59950      25.34556
      24.60960      25.32021
      24.61980      25.29512
      24.62990      25.27078
      24.64010      25.24667
      24.65030      25.22303
      24.66040      25.20006
      24.67060      25.17730
      24.68080      25.15497
      24.69090      25.13325
      24.70110      25.11172
      24.71130      25.09056
      24.72140      25.06998
      24.73160      25.04956
      24.74180      25.02948
      24.75190      25.00993
      24.76210      24.99052
      24.77230      24.97143
      24.78240      24.95283
      24.79260      24.93435
      24.80270      24.91633
      24.81290      24.89843
      24.82310      24.88080
      24.83320      24.86361
      24.84340      24.84652
      24.85360      24.82968
      24.86370      24.81325
      24.87390      24.79691
      24.88410      24.78080
      24.89420      24.76508
      24.90440      24.74944
      24.91460      24.73401
      24.92470      24.71895
      24.93490      24.70396
      24.94500      24.68932
      24.95520      24.67473
      24.96540      24.66035
      24.97550      24.64630
      24.98570      24.63230
      24.99590      24.61849
      25.00600      24.60500
      25.01620      24.59155
      25.02640      24.57828
      25.03650      24.56531
      25.04670      24.55239
      25.05690      24.53963
      25.06700      24.52715
      25.07720      24.51472
      25.08740      24.50244
      25.09750      24.49044
      25.10770      24.47847
      25.11780      24.46677
      25.12800      24.45509
      25.13820      24.44357
      25.14830      24.43229
      25.15850      24.42105
      25.16870      24.40994
      25.17880      24.39908
      25.18900      24.38824
      25.19920      24.37754
      25.20930      24.36706
      25.21950      24.35662
      25.22970      24.34629
      25.23980      24.33619
      25.25000      24.32611
      25.26010      24.31625
      25.27030      24.30641
      25.28050      24.29669
      25.29060      24.28717
      25.30080      24.27768
      25.31100      24.26829
      25.32110      24.25911
      25.33130      24.24994
      25.34150      24.24088
      25.35160      24.23201
      25.36180      24.22316
      25.37200      24.21441
      25.38210      24.20584
      25.39230      24.19729
      25.40240      24.18892
      25.41260      24.18056
      25.42280      24.17230
      25.43290      24.16422
      25.44310      24.15614
      25.45330      24.14816
      25.46340      24.14034
      25.47360      24.13254
      25.48380      24.12482
      25.49390      24.11727
      25.50410      24.10972
      25.51430      24.10226
      25.52440      24.09496
      25.53460      24.08766
      25.54480      24.08045
      25.55490      24.07339
      25.56510      24.06633
      25.57520      24.05942
      25.58540      24.05252
      25.59560      24.04570
      25.60570      24.03901
      25.61590      24.03234
      25.62610      24.02573
      25.63620      24.01927
      25.64640      24.01281
      25.65660      24.00642
      25.66670      24.00016
      25.67690      23.99391
      25.68710      23.98773
      25.69720      23.98167
      25.70740      23.97562
      25.71750      23.96970
      25.72770      23.96378
      25.73790      23.95792
      25.74800      23.95218
      25.75820      23.94645
      25.76840      23.94078
      25.77850      23.93523
      25.78870      23.92968
      25.79890      23.92418
      25.80900      23.91881
      25.81920      23.91343
      25.82940      23.90811
      25.83950      23.90290
      25.84970      23.89770
      25.85990      23.89255
      25.87000      23.88750
      25.88020      23.88246
      25.89030      23.87752
      25.90050      23.87258
      25.91070      23.86769
      25.92080      23.86291
      25.93100      23.85812
      25.94120      23.85339
      25.95130      23.84875
      25.96150      23.84412
      25.97170      23.83953
      25.98180      23.83504
      25.99200      23.83055
      26.00220      23.82610
      26.01230      23.82174
      26.02250      23.81739
      26.03260      23.81313
      26.04280      23.80886
      26.05300      23.80464
      26.06310      23.80051
      26.07330      23.79638
      26.08350      23.79229
      26.09360      23.78828
      26.10380      23.78427
      26.11400      23.78031
      26.12410      23.77642
      26.13430      23.77254
      26.14450      23.76869
      26.15460      23.76493
      26.16480      23.76116
      26.17500      23.75744
      26.18510      23.75378
      26.19530      23.75013
      26.20540      23.74656
      26.21560      23.74298
      26.22580      23.73944
      26.23590      23.73597
      26.24610      23.73250
      26.25630      23.72907
      26.26640      23.72571
      26.27660      23.72234
      26.28680      23.71901
      26.29690      23.71575
      26.30710      23.71249
      26.31730      23.70926
      26.32740      23.70610
      26.33760      23.70294
      26.34770      23.69984
      26.35790      23.69674
      26.36810      23.69367
      26.37820      23.69066
      26.38840      23.68766
      26.39860      23.68468
      26.40870      23.68177
      26.41890      23.67886
      26.42910      23.67597
      26.43920      23.67314
      26.44940      23.67032
      26.45960      23.66752
      26.46970      23.66478
      26.47990      23.66203
      26.49010      23.65932
      26.50020      23.65666
      26.51040      23.65401
      26.52050      23.65140
      26.53070      23.64879
      26.54090      23.64622
      26.55100      23.64369
      26.56120      23.64116
      26.57140      23.63866
      26.58150      23.63621
      26.59170      23.63376
      26.60190      23.63134
      26.61200      23.62896
      26.62220      23.62659
      26.63240      23.62423
      26.64250      23.62193
      26.65270      23.61962
      26.66280      23.61737
      26.67300      23.61511
      26.68320      23.61287
      26.69330      23.61069
      26.70350      23.60850
      26.71370      23.60633
      26.72380      23.60421
      26.73400      23.60209
      26.74420      23.59999
      26.75430      23.59793
      26.76450      23.59587
      26.77470      23.59383
      26.78480      23.59184
      26.79500      23.58984
      26.80520      23.58787
      26.81530      23.58594
      26.82550      23.58400
      26.83560      23.58211
      26.84580      23.58022
      26.85600      23.57834
      26.86610      23.57651
      26.87630      23.57467
      26.88650      23.57285
      26.89660      23.57107
      26.90680      23.56930
      26.91700      23.56754
      26.92710      23.56581
      26.93730      23.56409
      26.94750      23.56238
      26.95760      23.56071
      26.96780      23.55904
      26.97790      23.55741
      26.98810      23.55577
      26.99830      23.55415
      27.00840      23.55257
      27.01860      23.55099
      27.02880      23.54942
      27.03890      23.54789
      27.04910      23.54635
      27.05930      23.54483
      27.06940      23.54335
      27.07960      23.54186
      27.08980      23.54039
      27.09990      23.53896
      27.11010      23.53752
      27.12020      23.53611
      27.13040      23.53470
      27.14060      23.53331
      27.15070      23.53195
      27.16090      23.53059
      27.17110      23.52924
      27.18120      23.52792
      27.19140      23.52661
      27.20160      23.52530
      27.21170      23.52403
      27.22190      23.52275
      27.23210      23.52149
      27.24220      23.52026
      27.25240      23.51903
      27.26260      23.51781
      27.27270      23.51661
      27.28290      23.51542
      27.29300      23.51426
      27.30320      23.51309
      27.31340      23.51194
      27.32350      23.51081
      27.33370      23.50969
      27.34390      23.50857
      27.35400      23.50748
      27.36420      23.50640
      27.37440      23.50532
      27.38450      23.50427
      27.39470      23.50322
      27.40490      23.50218
      27.41500      23.50117
      27.42520      23.50015
      27.43530      23.49916
      27.44550      23.49817
      27.45570      23.49719
      27.46580      23.49623
      27.47600      23.49528
      27.48620      23.49433
      27.49630      23.49341
      27.50650      23.49249
      27.51670      23.49158
      27.52680      23.49069
      27.53700      23.48980
      27.54720      23.48892
      27.55730      23.48806
      27.56750      23.48721
      27.57770      23.48636
      27.58780      23.48554
      27.59800      23.48471
      27.60810      23.48391
      27.61830      23.48310
      27.62850      23.48231
      27.63860      23.48153
      27.64880      23.48076
      27.65900      23.48000
      27.66910      23.47925
      27.67930      23.47851
      27.68950      23.47777
      27.69960      23.47705
      27.70980      23.47634
      27.72000      23.47564
      27.73010      23.47495
      27.74030      23.47426
      27.75040      23.47359
      27.76060      23.47292
      27.77080      23.47226
      27.78090      23.47162
      27.79110      23.47098
      27.80130      23.47035
      27.81140      23.46973
      27.82160      23.46911
      27.83180      23.46851
      27.84190      23.46792
      27.85210      23.46733
      27.86230      23.46675
      27.87240      23.46618
      27.88260      23.46562
      27.89280      23.46507
      27.90290      23.46453
      27.91310      23.46399
      27.92320      23.46346
      27.93340      23.46294
      27.94360      23.46243
      27.95370      23.46193
      27.96390      23.46143
      27.97410      23.46094
      27.98420      23.46046
      27.99440      23.45999
      28.00460      23.45952
      28.01470      23.45907
      28.02490      23.45861
      28.03510      23.45817
      28.04520      23.45774
      28.05540      23.45731
      28.06550      23.45689
      28.07570      23.45648
      28.08590      23.45607
      28.09600      23.45567
      28.10620      23.45528
      28.11640      23.45490
      28.12650      23.45452
      28.13670      23.45415
      28.14690      23.45378
      28.15700      23.45343
      28.16720      23.45308
      28.17740      23.45273
      28.18750      23.45240
      28.19770      23.45207
      28.20790      23.45174
      28.21800      23.45143
      28.22820      23.45111
      28.23830      23.45081
      28.24850      23.45052
      28.25870      23.45022
      28.26880      23.44994
      28.27900      23.44966
      28.28920      23.44939
      28.29930      23.44912
      28.30950      23.44886
      28.31970      23.44861
      28.32980      23.44836
      28.34000      23.44812
      28.35020      23.44788
      28.36030      23.44765
      28.37050      23.44743
      28.38060      23.44721
      28.39080      23.44700
      28.40100      23.44679
      28.41110      23.44659
      28.42130      23.44640
      28.43150      23.44621
      28.44160      23.44603
      28.45180      23.44585
      28.46200      23.44567
      28.47210      23.44551
      28.48230      23.44535
      28.49250      23.44519
      28.50260      23.44504
      28.51280      23.44490
      28.52300      23.44476
      28.53310      23.44462
      28.54330      23.44449
      28.55340      23.44437
      28.56360      23.44425
      28.57380      23.44414
      28.58390      23.44403
      28.59410      23.44392
      28.60430      23.44382
      28.61440      23.44373
      28.62460      23.44364
      28.63480      23.44356
      28.64490      23.44348
      28.65510      23.44341
      28.66530      23.44334
      28.67540      23.44327
      28.68560      23.44321
      28.69570      23.44316
      28.70590      23.44311
      28.71610      23.44306
      28.72620      23.44302
      28.73640      23.44299
      28.74660      23.44296
      28.75670      23.44293
      28.76690      23.44291
      28.77710      23.44289
      28.78720      23.44288
      28.79740      23.44287
      28.80760      23.44286
      28.81770      23.44286
      28.82790      23.44287
      28.83810      23.44288
      28.84820      23.44289
      28.85840      23.44291
      28.86850      23.44293
      28.87870      23.44296
      28.88890      23.44299
      28.89900      23.44302
      28.90920      23.44306
      28.91940      23.44310
      28.92950      23.44315
      28.93970      23.44320
      28.94990      23.44325
      28.96000      23.44331
      28.97020      23.44337
      28.98040      23.44344
      28.99050      23.44351
      29.00070      23.44358
      29.01080      23.44366
      29.02100      23.44374
      29.03120      23.44383
      29.04130      23.44392
      29.05150      23.44402
      29.06170      23.44411
      29.07180      23.44421
      29.08200      23.44432
      29.09220      23.44443
      29.10230      23.44454
      29.11250      23.44466
      29.12270      23.44478
      29.13280      23.44490
      29.14300      23.44503
      29.15310      23.44516
      29.16330      23.44529
      29.17350      23.44543
      29.18360      23.44557
      29.19380      23.44571
      29.20400      23.44586
      29.21410      23.44601
      29.22430      23.44617
      29.23450      23.44633
      29.24460      23.44649
      29.25480      23.44665
      29.26500      23.44682
      29.27510      23.44699
      29.28530      23.44717
      29.29550      23.44735
      29.30560      23.44753
      29.31580      23.44771
      29.32590      23.44790
      29.33610      23.44809
      29.34630      23.44828
      29.35640      23.44848
      29.36660      23.44868
      29.37680      23.44888
      29.38690      23.44909
      29.39710      23.44930
      29.40730      23.44952
      29.41740      23.44973
      29.42760      23.44995
      29.43780      23.45017
      29.44790      23.45040
      29.45810      23.45062
      29.46820      23.45085
      29.47840      23.45109
      29.48860      23.45133
      29.49870      23.45156
      29.50890      23.45181
      29.51910      23.45205
      29.52920      23.45230
      29.53940      23.45255
      29.54960      23.45281
      29.55970      23.45306
      29.56990      23.45332
      29.58010      23.45359
      29.59020      23.45385
      29.60040      23.45412
      29.61060      23.45439
      29.62070      23.45466
      29.63090      23.45494
      29.64100      23.45522
      29.65120      23.45550
      29.66140      23.45578
      29.67150      23.45607
      29.68170      23.45636
      29.69190      23.45665
      29.70200      23.45694
      29.71220      23.45724
      29.72240      23.45754
      29.73250      23.45784
      29.74270      23.45815
      29.75290      23.45846
      29.76300      23.45877
      29.77320      23.45908
      29.78330      23.45939
      29.79350      23.45971
      29.80370      23.46003
      29.81380      23.46035
      29.82400      23.46068
      29.83420      23.46100
      29.84430      23.46133
      29.85450      23.46166
      29.86470      23.46200
      29.87480      23.46233
      29.88500      23.46267
      29.89520      23.46301
      29.90530      23.46336
      29.91550      23.46370
      29.92570      23.46405
      29.93580      23.46440
      29.94600      23.46475
      29.95610      23.46511
      29.96630      23.46547
      29.97650      23.46583
      29.98660      23.46618
      29.99680      23.46655
      30.00700      23.46692
      30.01710      23.46728
      30.02730      23.46765
      30.03750      23.46803
      30.04760      23.46840
      30.05780      23.46878
      30.06800      23.46916
      30.07810      23.46954
      30.08830      23.46992
      30.09840      23.47030
      30.10860      23.47069
      30.11880      23.47108
      30.12890      23.47147
      30.13910      23.47186
      30.14930      23.47226
      30.15940      23.47266
      30.16960      23.47306
      30.17980      23.47346
      30.18990      23.47386
      30.20010      23.47427
      30.21030      23.47468
      30.22040      23.47508
      30.23060      23.47550
      30.24080      23.47591
      30.25090      23.47632
      30.26110      23.47674
      30.27120      23.47716
      30.28140      23.47758
      30.29160      23.47800
      30.30170      23.47843
      30.31190      23.47885
      30.32210      23.47928
      30.33220      23.47971
      30.34240      23.48014
      30.35260      23.48058
      30.36270      23.48101
      30.37290      23.48145
      30.38310      23.48189
      30.39320      23.48233
      30.40340      23.48277
      30.41350      23.48322
      30.42370      23.48366
      30.43390      23.48411
      30.44400      23.48456
      30.45420      23.48501
      30.46440      23.48547
      30.47450      23.48592
      30.48470      23.48638
      30.49490      23.48684
      30.50500      23.48730
      30.51520      23.48776
      30.52540      23.48823
      30.53550      23.48869
      30.54570      23.48915
      30.55590      23.48963
      30.56600      23.49009
      30.57620      23.49057
      30.58630      23.49104
      30.59650      23.49151
      30.60670      23.49199
      30.61680      23.49247
      30.62700      23.49295
      30.63720      23.49343
      30.64730      23.49391
      30.65750      23.49440
      30.66770      23.49488
      30.67780      23.49537
      30.68800      23.49586
      30.69820      23.49635
      30.70830      23.49684
      30.71850      23.49734
      30.72860      23.49783
      30.73880      23.49833
      30.74900      23.49883
      30.75910      23.49932
      30.76930      23.49983
      30.77950      23.50033
      30.78960      23.50083
      30.79980      23.50134
      30.81000      23.50185
      30.82010      23.50235
      30.83030      23.50287
      30.84050      23.50338
      30.85060      23.50389
      30.86080      23.50441
      30.87100      23.50492
      30.88110      23.50544
      30.89130      23.50596
      30.90140      23.50647
      30.91160      23.50700
      30.92180      23.50752
      30.93190      23.50804
      30.94210      23.50857
      30.95230      23.50910
      30.96240      23.50962
      30.97260      23.51015
      30.98280      23.51069
      30.99290      23.51122
      31.00310      23.51175
      31.01330      23.51229
      31.02340      23.51282
      31.03360      23.51336
      31.04370      23.51389
      31.05390      23.51443
      31.06410      23.51498
      31.07420      23.51552
      31.08440      23.51606
      31.09460      23.51661
      31.10470      23.51715
      31.11490      23.51770
      31.12510      23.51825
      31.13520      23.51880
      31.14540      23.51935
      31.15560      23.51991
      31.16570      23.52046
      31.17590      23.52102
      31.18600      23.52157
      31.19620      23.52213
      31.20640      23.52269
      31.21650      23.52324
      31.22670      23.52381
      31.23690      23.52437
      31.24700      23.52493
      31.25720      23.52550
      31.26740      23.52607
      31.27750      23.52663
      31.28770      23.52720
      31.29790      23.52777
      31.30800      23.52834
      31.31820      23.52891
      31.32840      23.52949
      31.33850      23.53006
      31.34870      23.53063
      31.35880      23.53121
      31.36900      23.53179
      31.37920      23.53237
      31.38930      23.53294
      31.39950      23.53352
      31.40970      23.53411
      31.41980      23.53469
      31.43000      23.53527
      31.44020      23.53586
      31.45030      23.53644
      31.46050      23.53703
      31.47070      23.53762
      31.48080      23.53821
      31.49100      23.53880
      31.50110      23.53939
      31.51130      23.53998
      31.52150      23.54058
      31.53160      23.54117
      31.54180      23.54177
      31.55200      23.54236
      31.56210      23.54296
      31.57230      23.54356
      31.58250      23.54416
      31.59260      23.54476
      31.60280      23.54536
      31.61300      23.54597
      31.62310      23.54656
      31.63330      23.54717
      31.64350      23.54778
      31.65360      23.54838
      31.66380      23.54899
      31.67390      23.54960
      31.68410      23.55021
      31.69430      23.55082
      31.70440      23.55143
      31.71460      23.55204
      31.72480      23.55266
      31.73490      23.55327
      31.74510      23.55389
      31.75530      23.55450
      31.76540      23.55512
      31.77560      23.55574
      31.78580      23.55636
      31.79590      23.55697
      31.80610      23.55760
      31.81620      23.55822
      31.82640      23.55884
      31.83660      23.55947
      31.84670      23.56009
      31.85690      23.56071
      31.86710      23.56134
      31.87720      23.56197
      31.88740      23.56260
      31.89760      23.56323
      31.90770      23.56385
      31.91790      23.56449
      31.92810      23.56512
      31.93820      23.56575
      31.94840      23.56639
      31.95860      23.56702
      31.96870      23.56765
      31.97890      23.56829
      31.98900      23.56892
      31.99920      23.56956
      32.00940      23.57020
      32.01950      23.57084
      32.02970      23.57148
      32.03990      23.57212
      32.05000      23.57276
      32.06020      23.57341
      32.07040      23.57405
      32.08050      23.57469
      32.09070      23.57534
      32.10090      23.57599
      32.11100      23.57663
      32.12120      23.57728
      32.13130      23.57792
      32.14150      23.57858
      32.15170      23.57923
      32.16180      23.57988
      32.17200      23.58053
      32.18220      23.58118
      32.19230      23.58183
      32.20250      23.58249
      32.21270      23.58315
      32.22280      23.58380
      32.23300      23.58446
      32.24320      23.58511
      32.25330      23.58577
      32.26350      23.58643
      32.27370      23.58709
      32.28380      23.58775
      32.29400      23.58841
      32.30410      23.58907
      32.31430      23.58973
      32.32450      23.59040
      32.33460      23.59105
      32.34480      23.59172
      32.35500      23.59239
      32.36510      23.59305
      32.37530      23.59372
      32.38550      23.59439
      32.39560      23.59505
      32.40580      23.59573
      32.41600      23.59640
      32.42610      23.59706
      32.43630      23.59774
      32.44640      23.59840
      32.45660      23.59908
      32.46680      23.59975
      32.47690      23.60042
      32.48710      23.60110
      32.49730      23.60178
      32.50740      23.60245
      32.51760      23.60313
      32.52780      23.60381
      32.53790      23.60448
      32.54810      23.60516
      32.55830      23.60584
      32.56840      23.60652
      32.57860      23.60720
      32.58880      23.60789
      32.59890      23.60856
      32.60910      23.60925
      32.61920      23.60993
      32.62940      23.61061
      32.63960      23.61130
      32.64970      23.61198
      32.65990      23.61267
      32.67010      23.61336
      32.68020      23.61404
      32.69040      23.61473
      32.70060      23.61542
      32.71070      23.61611
      32.72090      23.61680
      32.73110      23.61749
      32.74120      23.61818
      32.75140      23.61887
      32.76150      23.61956
      32.77170      23.62025
      32.78190      23.62095
      32.79200      23.62164
      32.80220      23.62234
      32.81240      23.62303
      32.82250      23.62372
      32.83270      23.62442
      32.84290      23.62512
      32.85300      23.62582
      32.86320      23.62652
      32.87340      23.62722
      32.88350      23.62791
      32.89370      23.62861
      32.90390      23.62932
      32.91400      23.63001
      32.92420      23.63072
      32.93430      23.63142
      32.94450      23.63212
      32.95470      23.63283
      32.96480      23.63353
      32.97500      23.63424
      32.98520      23.63494
      32.99530      23.63564
      33.00550      23.63635
      33.01570      23.63706
      33.02580      23.63776
      33.03600      23.63848
      33.04620      23.63919
      33.05630      23.63989
      33.06650      23.64060
      33.07660      23.64131
      33.08680      23.64202
      33.09700      23.64274
      33.10710      23.64344
      33.11730      23.64416
      33.12750      23.64487
      33.13760      23.64558
      33.14780      23.64630
      33.15800      23.64702
      33.16810      23.64773
      33.17830      23.64845
      33.18850      23.64916
      33.19860      23.64988
      33.20880      23.65059
      33.21890      23.65131
      33.22910      23.65203
      33.23930      23.65275
      33.24940      23.65347
      33.25960      23.65419
      33.26980      23.65491
      33.27990      23.65563
      33.29010      23.65635
      33.30030      23.65707
      33.31040      23.65779
      33.32060      23.65852
      33.33080      23.65924
      33.34090      23.65996
      33.35110      23.66069
      33.36130      23.66142
      33.37140      23.66214
      33.38160      23.66286
      33.39170      23.66359
      33.40190      23.66432
      33.41210      23.66505
      33.42220      23.66577
      33.43240      23.66650
      33.44260      23.66723
      33.45270      23.66796
      33.46290      23.66869
      33.47310      23.66942
      33.48320      23.67015
      33.49340      23.67088
      33.50360      23.67161
      33.51370      23.67234
      33.52390      23.67308
      33.53400      23.67381
      33.54420      23.67454
      33.55440      23.67528
      33.56450      23.67601
      33.57470      23.67674
      33.58490      23.67748
      33.59500      23.67821
      33.60520      23.67895
      33.61540      23.67969
      33.62550      23.68042
      33.63570      23.68116
      33.64590      23.68190
      33.65600      23.68264
      33.66620      23.68338
      33.67640      23.68412
      33.68650      23.68485
      33.69670      23.68560
      33.70680      23.68633
      33.71700      23.68708
      33.72720      23.68782
      33.73730      23.68856
      33.74750      23.68930
      33.75770      23.69005
      33.76780      23.69079
      33.77800      23.69153
      33.78820      23.69228
      33.79830      23.69302
      33.80850      23.69377
      33.81870      23.69452
      33.82880      23.69526
      33.83900      23.69600
      33.84910      23.69674
      33.85930      23.69749
      33.86950      23.69825
      33.87960      23.69899
      33.88980      23.69974
      33.90000      23.70049
      33.91010      23.70123
      33.92030      23.70199
      33.93050      23.70274
      33.94060      23.70348
      33.95080      23.70424
      33.96100      23.70499
      33.97110      23.70574
      33.98130      23.70649
      33.99150      23.70725
      34.00160      23.70799
      34.01180      23.70875
      34.02190      23.70950
      34.03210      23.71025
      34.04230      23.71101
      34.05240      23.71176
      34.06260      23.71252
      34.07280      23.71328
      34.08290      23.71403
      34.09310      23.71479
      34.10330      23.71554
      34.11340      23.71630
      34.12360      23.71706
      34.13380      23.71782
      34.14390      23.71857
      34.15410      23.71933
      34.16420      23.72008
      34.17440      23.72085
      34.18460      23.72161
      34.19470      23.72236
      34.20490      23.72313
      34.21510      23.72389
      34.22520      23.72464
      34.23540      23.72541
      34.24560      23.72617
      34.25570      23.72693
      34.26590      23.72769
      34.27610      23.72846
      34.28620      23.72922
      34.29640      23.72998
      34.30660      23.73075
      34.31670      23.73151
      34.32690      23.73228
      34.33700      23.73304
      34.34720      23.73380
      34.35740      23.73457
      34.36750      23.73533
      34.37770      23.73610
      34.38790      23.73687
      34.39800      23.73763
      34.40820      23.73840
      34.41840      23.73917
      34.42850      23.73993
      34.43870      23.74071
      34.44890      23.74148
      34.45900      23.74224
      34.46920      23.74301
      34.47930      23.74378
      34.48950      23.74455
      34.49970      23.74532
      34.50980      23.74609
      34.52000      23.74686
      34.53020      23.74764
      34.54030      23.74840
      34.55050      23.74918
      34.56070      23.74995
      34.57080      23.75072
      34.58100      23.75150
      34.59120      23.75227
      34.60130      23.75304
      34.61150      23.75382
      34.62170      23.75459
      34.63180      23.75536
      34.64200      23.75614
      34.65210      23.75691
      34.66230      23.75769
      34.67250      23.75847
      34.68260      23.75924
      34.69280      23.76002
      34.70300      23.76080
      34.71310      23.76157
      34.72330      23.76235
      34.73350      23.76313
      34.74360      23.76390
      34.75380      23.76468
      34.76400      23.76546
      34.77410      23.76624
      34.78430      23.76702
      34.79440      23.76779
      34.80460      23.76857
      34.81480      23.76936
      34.82490      23.77013
      34.83510      23.77091
      34.84530      23.77170
      34.85540      23.77247
      34.86560      23.77326
      34.87580      23.77404
      34.88590      23.77482
      34.89610      23.77560
      34.90630      23.77639
      34.91640      23.77717
      34.92660      23.77795
      34.93670      23.77873
      34.94690      23.77952
      34.95710      23.78031
      34.96720      23.78108
      34.97740      23.78187
      34.98760      23.78266
      34.99770      23.78344
      35.00790      23.78423
      35.01810      23.78502
      35.02820      23.78580
      35.03840      23.78658
      35.04860      23.78737
      35.05870      23.78816
      35.06890      23.78895
      35.07910      23.78974
      35.08920      23.79052
      35.09940      23.79131
      35.10950      23.79209
      35.11970      23.79288
      35.12990      23.79367
      35.14000      23.79446
      35.15020      23.79525
      35.16040      23.79604
      35.17050      23.79683
      35.18070      23.79762
      35.19090      23.79841
      35.20100      23.79920
      35.21120      23.79999
      35.22140      23.80079
      35.23150      23.80157
      35.24170      23.80237
      35.25180      23.80315
      35.26200      23.80395
      35.27220      23.80474
      35.28230      23.80553
      35.29250      23.80633
      35.30270      23.80712
      35.31280      23.80791
      35.32300      23.80871
      35.33320      23.80950
      35.34330      23.81029
      35.35350      23.81109
      35.36370      23.81189
      35.37380      23.81268
      35.38400      23.81347
      35.39420      23.81427
      35.40430      23.81506
      35.41450      23.81586
      35.42460      23.81665
      35.43480      23.81745
      35.44500      23.81825
      35.45510      23.81904
      35.46530      23.81984
      35.47550      23.82064
      35.48560      23.82144
      35.49580      23.82224
      35.50600      23.82304
      35.51610      23.82383
      35.52630      23.82463
      35.53650      23.82543
      35.54660      23.82623
      35.55680      23.82703
      35.56690      23.82782
      35.57710      23.82863
      35.58730      23.82943
      35.59740      23.83022
      35.60760      23.83103
      35.61780      23.83183
      35.62790      23.83263
      35.63810      23.83343
      35.64830      23.83423
      35.65840      23.83503
      35.66860      23.83583
      35.67880      23.83664
      35.68890      23.83744
      35.69910      23.83824
      35.70930      23.83905
      35.71940      23.83985
      35.72960      23.84065
      35.73970      23.84145
      35.74990      23.84226
      35.76010      23.84306
      35.77020      23.84386
      35.78040      23.84467
      35.79060      23.84548
      35.80070      23.84628
      35.81090      23.84708
      35.82110      23.84789
      35.83120      23.84869
      35.84140      23.84950
      35.85160      23.85031
      35.86170      23.85111
      35.87190      23.85192
      35.88200      23.85272
      35.89220      23.85353
      35.90240      23.85434
      35.91250      23.85514
      35.92270      23.85595
      35.93290      23.85676
