! TITLE: Yobs                                                                                                                                                                                                                                                            
! peaks position
      18.79558      -1.98700
      20.62933      -1.98700
      22.63278      -1.98700
      28.69515      -1.98700
      30.19214      -1.98700
      33.45029      -1.98700
      17.22222      -1.98700
      20.33417      -1.98700
