! TITLE: Yobs                                                                                                                                                                                                                                                            
! Peak:  3
       6.00860      20.00000
       6.01870      20.00000
       6.02890      20.00000
       6.03910      20.00000
       6.04920      20.00000
       6.05940      20.00000
       6.06960      20.00000
       6.07970      20.00000
       6.08990      20.00000
       6.10010      20.00000
       6.11020      20.00000
       6.12040      20.00000
       6.13060      20.00000
       6.14070      20.00000
       6.15090      20.00000
       6.16110      20.00000
       6.17120      20.00000
       6.18140      20.00000
       6.19150      20.00000
       6.20170      20.00000
       6.21190      20.00000
       6.22200      20.00000
       6.23220      20.00000
       6.24240      20.00000
       6.25250      20.00000
       6.26270      20.00000
       6.27290      20.00000
       6.28300      20.00000
       6.29320      20.00000
       6.30340      20.00000
       6.31350      20.00000
       6.32370      20.00000
       6.33380      20.00000
       6.34400      20.00000
       6.35420      20.00000
       6.36430      20.00000
       6.37450      20.00000
       6.38470      20.00000
       6.39480      20.00000
       6.40500      20.00000
       6.41520      20.00000
       6.42530      20.00000
       6.43550      20.00000
       6.44570      20.00000
       6.45580      20.00000
       6.46600      20.00000
       6.47620      20.00000
       6.48630      20.00000
       6.49650      20.00000
       6.50660      20.00000
       6.51680      20.00000
       6.52700      20.00000
       6.53710      20.00000
       6.54730      20.00000
       6.55750      20.00000
       6.56760      20.00000
       6.57780      20.00000
       6.58800      20.00000
       6.59810      20.00000
       6.60830      20.00000
       6.61850      20.00000
       6.62860      20.00000
       6.63880      20.00000
       6.64890      20.00000
       6.65910      20.00000
       6.66930      20.00000
       6.67940      20.00000
       6.68960      20.00000
       6.69980      20.00000
       6.70990      20.00000
       6.72010      20.00000
       6.73030      20.00000
       6.74040      20.00000
       6.75060      20.00000
       6.76080      20.00000
       6.77090      20.00000
       6.78110      20.00000
       6.79130      20.00000
       6.80140      20.00000
       6.81160      20.00000
       6.82170      20.00000
       6.83190      20.00000
       6.84210      20.00000
       6.85220      20.00000
       6.86240      20.00000
       6.87260      20.00000
       6.88270      20.00000
       6.89290      20.00000
       6.90310      20.00000
       6.91320      20.00000
       6.92340      20.00000
       6.93360      20.00000
       6.94370      20.00000
       6.95390      20.00000
       6.96400      20.00000
       6.97420      20.00000
       6.98440      20.00000
       6.99450      20.00000
       7.00470      20.00000
       7.01490      20.00000
       7.02500      20.00000
       7.03520      20.00000
       7.04540      20.00000
       7.05550      20.00000
       7.06570      20.00000
       7.07590      20.00000
       7.08600      20.00000
       7.09620      20.00000
       7.10640      20.00000
       7.11650      20.00000
       7.12670      20.00000
       7.13680      20.00000
       7.14700      20.00000
       7.15720      20.00000
       7.16730      20.00000
       7.17750      20.00000
       7.18770      20.00000
       7.19780      20.00000
       7.20800      20.00000
       7.21820      20.00000
       7.22830      20.00000
       7.23850      20.00000
       7.24870      20.00000
       7.25880      20.00000
       7.26900      20.00000
       7.27910      20.00000
       7.28930      20.00000
       7.29950      20.00000
       7.30960      20.00000
       7.31980      20.00000
       7.33000      20.00000
       7.34010      20.00000
       7.35030      20.00000
       7.36050      20.00000
       7.37060      20.00000
       7.38080      20.00000
       7.39100      20.00000
       7.40110      20.00000
       7.41130      20.00000
       7.42150      20.00000
       7.43160      20.00000
       7.44180      20.00000
       7.45190      20.00000
       7.46210      20.00000
       7.47230      20.00000
       7.48240      20.00000
       7.49260      20.00000
       7.50280      20.00000
       7.51290      20.00000
       7.52310      20.00000
       7.53330      20.00000
       7.54340      20.00000
       7.55360      20.00000
       7.56380      20.00000
       7.57390      20.00000
       7.58410      20.00000
       7.59420      20.00000
       7.60440      20.00000
       7.61460      20.00000
       7.62470      20.00000
       7.63490      20.00000
       7.64510      20.00000
       7.65520      20.00000
       7.66540      20.00000
       7.67560      20.00000
       7.68570      20.00000
       7.69590      20.00000
       7.70610      20.00000
       7.71620      20.00000
       7.72640      20.00000
       7.73650      20.00000
       7.74670      20.00000
       7.75690      20.00000
       7.76700      20.00000
       7.77720      20.00000
       7.78740      20.00000
       7.79750      20.00000
       7.80770      20.00000
       7.81790      20.00000
       7.82800      20.00000
       7.83820      20.00000
       7.84840      20.00000
       7.85850      20.00000
       7.86870      20.00000
       7.87890      20.00000
       7.88900      20.00000
       7.89920      20.00000
       7.90930      20.00000
       7.91950      20.00000
       7.92970      20.00000
       7.93980      20.00000
       7.95000      20.00000
       7.96020      20.00000
       7.97030      20.00000
       7.98050      20.00000
       7.99070      20.00000
       8.00080      20.00000
       8.01100      20.00000
       8.02120      20.00000
       8.03130      20.00000
       8.04150      20.00000
       8.05160      20.00000
       8.06180      20.00000
       8.07200      20.00000
       8.08210      20.00000
       8.09230      20.00000
       8.10250      20.00000
       8.11260      20.00000
       8.12280      20.00000
       8.13300      20.00000
       8.14310      20.00000
       8.15330      20.00000
       8.16350      20.00000
       8.17360      20.00000
       8.18380      20.00000
       8.19400      20.00000
       8.20410      20.00000
       8.21430      20.00000
       8.22440      20.00000
       8.23460      20.00000
       8.24480      20.00000
       8.25490      20.00000
       8.26510      20.00000
       8.27530      20.00000
       8.28540      20.00000
       8.29560      20.00000
       8.30580      20.00000
       8.31590      20.00000
       8.32610      20.00000
       8.33630      20.00000
       8.34640      20.00000
       8.35660      20.00000
       8.36670      20.00000
       8.37690      20.00000
       8.38710      20.00000
       8.39720      20.00000
       8.40740      20.00000
       8.41760      20.00000
       8.42770      20.00000
       8.43790      20.00000
       8.44810      20.00000
       8.45820      20.00000
       8.46840      20.00000
       8.47860      20.00000
       8.48870      20.00000
       8.49890      20.00000
       8.50910      20.00000
       8.51920      20.00000
       8.52940      20.00000
       8.53950      20.00000
       8.54970      20.00000
       8.55990      20.00000
       8.57000      20.00000
       8.58020      20.00000
       8.59040      20.00000
       8.60050      20.00000
       8.61070      20.00000
       8.62090      20.00000
       8.63100      20.00000
       8.64120      20.00000
       8.65140      20.00000
       8.66150      20.00000
       8.67170      20.00000
       8.68180      20.00000
       8.69200      20.00000
       8.70220      20.00000
       8.71230      20.00000
       8.72250      20.00000
       8.73270      20.00000
       8.74280      20.00000
       8.75300      20.00000
       8.76320      20.00000
       8.77330      20.00000
       8.78350      20.00000
       8.79370      20.00000
       8.80380      20.00000
       8.81400      20.00000
       8.82420      20.00000
       8.83430      20.00000
       8.84450      20.00000
       8.85460      20.00000
       8.86480      20.00000
       8.87500      20.00000
       8.88510      20.00000
       8.89530      20.00000
       8.90550      20.00000
       8.91560      20.00000
       8.92580      20.00000
       8.93600      20.00000
       8.94610      20.00000
       8.95630      20.00000
       8.96650      20.00000
       8.97660      20.00000
       8.98680      20.00000
       8.99690      20.00000
       9.00710      20.00000
       9.01730      20.00000
       9.02740      20.00000
       9.03760      20.00000
       9.04780      20.00000
       9.05790      20.00000
       9.06810      20.00000
       9.07830      20.00000
       9.08840      20.00000
       9.09860      20.00000
       9.10880      20.00000
       9.11890      20.00000
       9.12910      20.00000
       9.13930      20.00000
       9.14940      20.00000
       9.15960      20.00000
       9.16970      20.00000
       9.17990      20.00000
       9.19010      20.00000
       9.20020      20.00000
       9.21040      20.00000
       9.22060      20.00000
       9.23070      20.00000
       9.24090      20.00000
       9.25110      20.00000
       9.26120      20.00000
       9.27140      20.00000
       9.28160      20.00000
       9.29170      20.00000
       9.30190      20.00000
       9.31200      20.00000
       9.32220      20.00000
       9.33240      20.00000
       9.34250      20.04389
       9.35270      20.04396
       9.36290      20.04403
       9.37300      20.04409
       9.38320      20.04416
       9.39340      20.04423
       9.40350      20.04430
       9.41370      20.04437
       9.42390      20.04444
       9.43400      20.04451
       9.44420      20.04458
       9.45440      20.04465
       9.46450      20.04472
       9.47470      20.04479
       9.48480      20.04486
       9.49500      20.04493
       9.50520      20.04500
       9.51530      20.04507
       9.52550      20.04514
       9.53570      20.04521
       9.54580      20.04528
       9.55600      20.04535
       9.56620      20.04543
       9.57630      20.04550
       9.58650      20.04557
       9.59670      20.04564
       9.60680      20.04572
       9.61700      20.04579
       9.62710      20.04586
       9.63730      20.04593
       9.64750      20.04601
       9.65760      20.04608
       9.66780      20.04615
       9.67800      20.04623
       9.68810      20.04630
       9.69830      20.04637
       9.70850      20.04645
       9.71860      20.04652
       9.72880      20.04660
       9.73900      20.04667
       9.74910      20.04675
       9.75930      20.04682
       9.76940      20.04690
       9.77960      20.04697
       9.78980      20.04705
       9.79990      20.04712
       9.81010      20.04720
       9.82030      20.04727
       9.83040      20.04735
       9.84060      20.04743
       9.85080      20.04750
       9.86090      20.04758
       9.87110      20.04766
       9.88130      20.04774
       9.89140      20.04781
       9.90160      20.04789
       9.91180      20.04797
       9.92190      20.04804
       9.93210      20.04812
       9.94220      20.04820
       9.95240      20.04828
       9.96260      20.04836
       9.97270      20.04844
       9.98290      20.04852
       9.99310      20.04860
      10.00320      20.04867
      10.01340      20.04875
      10.02360      20.04883
      10.03370      20.04891
      10.04390      20.04899
      10.05410      20.04907
      10.06420      20.04915
      10.07440      20.04924
      10.08450      20.04932
      10.09470      20.04940
      10.10490      20.04948
      10.11500      20.04956
      10.12520      20.04964
      10.13540      20.04972
      10.14550      20.04981
      10.15570      20.04989
      10.16590      20.04997
      10.17600      20.05005
      10.18620      20.05014
      10.19640      20.05022
      10.20650      20.05030
      10.21670      20.05039
      10.22690      20.05047
      10.23700      20.05056
      10.24720      20.05064
      10.25730      20.05072
      10.26750      20.05081
      10.27770      20.05090
      10.28780      20.05098
      10.29800      20.05107
      10.30820      20.05115
      10.31830      20.05124
      10.32850      20.05132
      10.33870      20.05141
      10.34880      20.05149
      10.35900      20.05158
      10.36920      20.05167
      10.37930      20.05176
      10.38950      20.05184
      10.39960      20.05193
      10.40980      20.05202
      10.42000      20.05211
      10.43010      20.05219
      10.44030      20.05228
      10.45050      20.05237
      10.46060      20.05246
      10.47080      20.05255
      10.48100      20.05264
      10.49110      20.05273
      10.50130      20.05282
      10.51150      20.05291
      10.52160      20.05300
      10.53180      20.05309
      10.54200      20.05318
      10.55210      20.05327
      10.56230      20.05336
      10.57240      20.05345
      10.58260      20.05354
      10.59280      20.05364
      10.60290      20.05373
      10.61310      20.05382
      10.62330      20.05391
      10.63340      20.05401
      10.64360      20.05410
      10.65380      20.05419
      10.66390      20.05429
      10.67410      20.05438
      10.68430      20.05447
      10.69440      20.05457
      10.70460      20.05466
      10.71470      20.05476
      10.72490      20.05485
      10.73510      20.05495
      10.74520      20.05504
      10.75540      20.05514
      10.76560      20.05523
      10.77570      20.05533
      10.78590      20.05543
      10.79610      20.05552
      10.80620      20.05562
      10.81640      20.05572
      10.82660      20.05582
      10.83670      20.05591
      10.84690      20.05601
      10.85710      20.05611
      10.86720      20.05621
      10.87740      20.05631
      10.88750      20.05641
      10.89770      20.05651
      10.90790      20.05661
      10.91800      20.05671
      10.92820      20.05681
      10.93840      20.05691
      10.94850      20.05701
      10.95870      20.05711
      10.96890      20.05721
      10.97900      20.05731
      10.98920      20.05741
      10.99940      20.05751
      11.00950      20.05762
      11.01970      20.05772
      11.02980      20.05782
      11.04000      20.05792
      11.05020      20.05803
      11.06030      20.05813
      11.07050      20.05824
      11.08070      20.05834
      11.09080      20.05844
      11.10100      20.05855
      11.11120      20.05865
      11.12130      20.05876
      11.13150      20.05886
      11.14170      20.05897
      11.15180      20.05908
      11.16200      20.05918
      11.17220      20.05929
      11.18230      20.05940
      11.19250      20.05951
      11.20260      20.05961
      11.21280      20.05972
      11.22300      20.05983
      11.23310      20.05994
      11.24330      20.06005
      11.25350      20.06016
      11.26360      20.06026
      11.27380      20.06037
      11.28400      20.06048
      11.29410      20.06059
      11.30430      20.06071
      11.31450      20.06082
      11.32460      20.06093
      11.33480      20.06104
      11.34490      20.06115
      11.35510      20.06126
      11.36530      20.06137
      11.37540      20.06149
      11.38560      20.06160
      11.39580      20.06171
      11.40590      20.06183
      11.41610      20.06194
      11.42630      20.06206
      11.43640      20.06217
      11.44660      20.06229
      11.45680      20.06240
      11.46690      20.06252
      11.47710      20.06263
      11.48730      20.06275
      11.49740      20.06286
      11.50760      20.06298
      11.51770      20.06310
      11.52790      20.06322
      11.53810      20.06334
      11.54820      20.06345
      11.55840      20.06357
      11.56860      20.06369
      11.57870      20.06381
      11.58890      20.06393
      11.59910      20.06405
      11.60920      20.06417
      11.61940      20.06429
      11.62960      20.06441
      11.63970      20.06453
      11.64990      20.06465
      11.66000      20.06477
      11.67020      20.06490
      11.68040      20.06502
      11.69050      20.06514
      11.70070      20.06527
      11.71090      20.06539
      11.72100      20.06551
      11.73120      20.06564
      11.74140      20.06576
      11.75150      20.06589
      11.76170      20.06601
      11.77190      20.06614
      11.78200      20.06626
      11.79220      20.06639
      11.80230      20.06652
      11.81250      20.06664
      11.82270      20.06677
      11.83280      20.06690
      11.84300      20.06703
      11.85320      20.06716
      11.86330      20.06729
      11.87350      20.06742
      11.88370      20.06754
      11.89380      20.06767
      11.90400      20.06781
      11.91420      20.06794
      11.92430      20.06807
      11.93450      20.06820
      11.94470      20.06833
      11.95480      20.06846
      11.96500      20.06860
      11.97510      20.06873
      11.98530      20.06886
      11.99550      20.06900
      12.00560      20.06913
      12.01580      20.06927
      12.02600      20.06940
      12.03610      20.06954
      12.04630      20.06967
      12.05650      20.06981
      12.06660      20.06995
      12.07680      20.07008
      12.08700      20.07022
      12.09710      20.07036
      12.10730      20.07050
      12.11740      20.07064
      12.12760      20.07078
      12.13780      20.07092
      12.14790      20.07105
      12.15810      20.07120
      12.16830      20.07134
      12.17840      20.07148
      12.18860      20.07162
      12.19880      20.07176
      12.20890      20.07190
      12.21910      20.07205
      12.22930      20.07219
      12.23940      20.07233
      12.24960      20.07248
      12.25980      20.07262
      12.26990      20.07277
      12.28010      20.07291
      12.29020      20.07306
      12.30040      20.07321
      12.31060      20.07335
      12.32070      20.07350
      12.33090      20.07365
      12.34110      20.07380
      12.35120      20.07394
      12.36140      20.07409
      12.37160      20.07424
      12.38170      20.07439
      12.39190      20.07454
      12.40210      20.07470
      12.41220      20.07485
      12.42240      20.07500
      12.43250      20.07515
      12.44270      20.07530
      12.45290      20.07546
      12.46300      20.07561
      12.47320      20.07576
      12.48340      20.07592
      12.49350      20.07607
      12.50370      20.07623
      12.51390      20.07639
      12.52400      20.07654
      12.53420      20.07670
      12.54440      20.07686
      12.55450      20.07701
      12.56470      20.07717
      12.57490      20.07733
      12.58500      20.07749
      12.59520      20.07765
      12.60530      20.07781
      12.61550      20.07797
      12.62570      20.07813
      12.63580      20.07829
      12.64600      20.07846
      12.65620      20.07862
      12.66630      20.07878
      12.67650      20.07895
      12.68670      20.07911
      12.69680      20.07928
      12.70700      20.07944
      12.71720      20.07961
      12.72730      20.07977
      12.73750      20.07994
      12.74760      20.08011
      12.75780      20.08028
      12.76800      20.08045
      12.77810      20.08061
      12.78830      20.08079
      12.79850      20.08096
      12.80860      20.08113
      12.81880      20.08130
      12.82900      20.08147
      12.83910      20.08164
      12.84930      20.08182
      12.85950      20.08199
      12.86960      20.08216
      12.87980      20.08234
      12.89000      20.08251
      12.90010      20.08269
      12.91030      20.08286
      12.92040      20.08304
      12.93060      20.08322
      12.94080      20.08340
      12.95090      20.08357
      12.96110      20.08375
      12.97130      20.08393
      12.98140      20.08411
      12.99160      20.08430
      13.00180      20.08448
      13.01190      20.08466
      13.02210      20.08484
      13.03230      20.08502
      13.04240      20.08521
      13.05260      20.08539
      13.06270      20.08558
      13.07290      20.08576
      13.08310      20.08595
      13.09320      20.08613
      13.10340      20.08632
      13.11360      20.08651
      13.12370      20.08670
      13.13390      20.08689
      13.14410      20.08708
      13.15420      20.08727
      13.16440      20.08746
      13.17460      20.08765
      13.18470      20.08784
      13.19490      20.08804
      13.20510      20.08823
      13.21520      20.08842
      13.22540      20.08862
      13.23550      20.08881
      13.24570      20.08901
      13.25590      20.08921
      13.26600      20.08941
      13.27620      20.08960
      13.28640      20.08980
      13.29650      20.09000
      13.30670      20.09020
      13.31690      20.09040
      13.32700      20.09060
      13.33720      20.09081
      13.34740      20.09101
      13.35750      20.09121
      13.36770      20.09142
      13.37780      20.09162
      13.38800      20.09183
      13.39820      20.09204
      13.40830      20.09224
      13.41850      20.09245
      13.42870      20.09266
      13.43880      20.09286
      13.44900      20.09308
      13.45920      20.09329
      13.46930      20.09350
      13.47950      20.09371
      13.48970      20.09392
      13.49980      20.09414
      13.51000      20.09435
      13.52010      20.09456
      13.53030      20.09478
      13.54050      20.09500
      13.55060      20.09521
      13.56080      20.09543
      13.57100      20.09565
      13.58110      20.09587
      13.59130      20.09609
      13.60150      20.09631
      13.61160      20.09653
      13.62180      20.09675
      13.63200      20.09698
      13.64210      20.09720
      13.65230      20.09743
      13.66250      20.09765
      13.67260      20.09788
      13.68280      20.09810
      13.69290      20.09833
      13.70310      20.09856
      13.71330      20.09879
      13.72340      20.09902
      13.73360      20.09925
      13.74380      20.09948
      13.75390      20.09971
      13.76410      20.09995
      13.77430      20.10018
      13.78440      20.10042
      13.79460      20.10065
      13.80480      20.10089
      13.81490      20.10113
      13.82510      20.10137
      13.83520      20.10160
      13.84540      20.10184
      13.85560      20.10209
      13.86570      20.10233
      13.87590      20.10257
      13.88610      20.10281
      13.89620      20.10306
      13.90640      20.10330
      13.91660      20.10355
      13.92670      20.10379
      13.93690      20.10404
      13.94710      20.10429
      13.95720      20.10454
      13.96740      20.10479
      13.97760      20.10505
      13.98770      20.10530
      13.99790      20.10555
      14.00800      20.10580
      14.01820      20.10606
      14.02840      20.10632
      14.03850      20.10657
      14.04870      20.10683
      14.05890      20.10709
      14.06900      20.10735
      14.07920      20.10761
      14.08940      20.10787
      14.09950      20.10813
      14.10970      20.10840
      14.11990      20.10866
      14.13000      20.10892
      14.14020      20.10919
      14.15030      20.10946
      14.16050      20.10973
      14.17070      20.11000
      14.18080      20.11027
      14.19100      20.11054
      14.20120      20.11081
      14.21130      20.11108
      14.22150      20.11136
      14.23170      20.11164
      14.24180      20.11191
      14.25200      20.11219
      14.26220      20.11247
      14.27230      20.11275
      14.28250      20.11303
      14.29270      20.11331
      14.30280      20.11359
      14.31300      20.11388
      14.32310      20.11416
      14.33330      20.11445
      14.34350      20.11473
      14.35360      20.11502
      14.36380      20.11531
      14.37400      20.11560
      14.38410      20.11589
      14.39430      20.11618
      14.40450      20.11648
      14.41460      20.11677
      14.42480      20.11707
      14.43500      20.11736
      14.44510      20.11766
      14.45530      20.11796
      14.46540      20.11826
      14.47560      20.11856
      14.48580      20.11887
      14.49590      20.11917
      14.50610      20.11947
      14.51630      20.11978
      14.52640      20.12009
      14.53660      20.12040
      14.54680      20.12071
      14.55690      20.12102
      14.56710      20.12133
      14.57730      20.12164
      14.58740      20.12195
      14.59760      20.12227
      14.60780      20.12259
      14.61790      20.12291
      14.62810      20.12323
      14.63820      20.12354
      14.64840      20.12387
      14.65860      20.12419
      14.66870      20.12451
      14.67890      20.12484
      14.68910      20.12517
      14.69920      20.12549
      14.70940      20.12582
      14.71960      20.12616
      14.72970      20.12649
      14.73990      20.12682
      14.75010      20.12716
      14.76020      20.12749
      14.77040      20.12783
      14.78050      20.12817
      14.79070      20.12851
      14.80090      20.12885
      14.81100      20.12919
      14.82120      20.12954
      14.83140      20.12988
      14.84150      20.13023
      14.85170      20.13058
      14.86190      20.13093
      14.87200      20.13128
      14.88220      20.13163
      14.89240      20.13198
      14.90250      20.13234
      14.91270      20.13270
      14.92290      20.13305
      14.93300      20.13341
      14.94320      20.13377
      14.95330      20.13413
      14.96350      20.13450
      14.97370      20.13487
      14.98380      20.13523
      14.99400      20.13560
      15.00420      20.13597
      15.01430      20.13634
      15.02450      20.13671
      15.03470      20.13709
      15.04480      20.13746
      15.05500      20.13784
      15.06520      20.13822
      15.07530      20.13860
      15.08550      20.13899
      15.09560      20.13937
      15.10580      20.13976
      15.11600      20.14014
      15.12610      20.14053
      15.13630      20.14092
      15.14650      20.14131
      15.15660      20.14170
      15.16680      20.14210
      15.17700      20.14250
      15.18710      20.14290
      15.19730      20.14330
      15.20750      20.14370
      15.21760      20.14410
      15.22780      20.14451
      15.23800      20.14492
      15.24810      20.14532
      15.25830      20.14573
      15.26840      20.14614
      15.27860      20.14656
      15.28880      20.14698
      15.29890      20.14739
      15.30910      20.14781
      15.31930      20.14824
      15.32940      20.14865
      15.33960      20.14908
      15.34980      20.14951
      15.35990      20.14993
      15.37010      20.15037
      15.38030      20.15080
      15.39040      20.15123
      15.40060      20.15167
      15.41070      20.15210
      15.42090      20.15254
      15.43110      20.15299
      15.44120      20.15343
      15.45140      20.15387
      15.46160      20.15432
      15.47170      20.15477
      15.48190      20.15522
      15.49210      20.15568
      15.50220      20.15613
      15.51240      20.15659
      15.52260      20.15705
      15.53270      20.15751
      15.54290      20.15797
      15.55300      20.15843
      15.56320      20.15890
      15.57340      20.15937
      15.58350      20.15984
      15.59370      20.16031
      15.60390      20.16079
      15.61400      20.16127
      15.62420      20.16175
      15.63440      20.16223
      15.64450      20.16271
      15.65470      20.16320
      15.66490      20.16369
      15.67500      20.16418
      15.68520      20.16467
      15.69540      20.16517
      15.70550      20.16566
      15.71570      20.16616
      15.72580      20.16666
      15.73600      20.16717
      15.74620      20.16768
      15.75630      20.16818
      15.76650      20.16869
      15.77670      20.16921
      15.78680      20.16972
      15.79700      20.17024
      15.80720      20.17076
      15.81730      20.17128
      15.82750      20.17181
      15.83770      20.17234
      15.84780      20.17286
      15.85800      20.17340
      15.86810      20.17393
      15.87830      20.17447
      15.88850      20.17501
      15.89860      20.17555
      15.90880      20.17610
      15.91900      20.17665
      15.92910      20.17719
      15.93930      20.17775
      15.94950      20.17830
      15.95960      20.17886
      15.96980      20.17942
      15.98000      20.17998
      15.99010      20.18054
      16.00030      20.18111
      16.01050      20.18169
      16.02060      20.18226
      16.03080      20.18283
      16.04090      20.18341
      16.05110      20.18399
      16.06130      20.18458
      16.07140      20.18516
      16.08160      20.18576
      16.09180      20.18635
      16.10190      20.18694
      16.11210      20.18754
      16.12230      20.18815
      16.13240      20.18875
      16.14260      20.18936
      16.15280      20.18997
      16.16290      20.19058
      16.17310      20.19120
      16.18320      20.19181
      16.19340      20.19244
      16.20360      20.19306
      16.21370      20.19369
      16.22390      20.19432
      16.23410      20.19496
      16.24420      20.19559
      16.25440      20.19623
      16.26460      20.19688
      16.27470      20.19752
      16.28490      20.19817
      16.29510      20.19883
      16.30520      20.19948
      16.31540      20.20014
      16.32560      20.20081
      16.33570      20.20147
      16.34590      20.20214
      16.35600      20.20281
      16.36620      20.20349
      16.37640      20.20417
      16.38650      20.20485
      16.39670      20.20554
      16.40690      20.20623
      16.41700      20.20692
      16.42720      20.20762
      16.43740      20.20832
      16.44750      20.20902
      16.45770      20.20973
      16.46790      20.21044
      16.47800      20.21115
      16.48820      20.21188
      16.49830      20.21259
      16.50850      20.21332
      16.51870      20.21405
      16.52880      20.21478
      16.53900      20.21552
      16.54920      20.21626
      16.55930      20.21700
      16.56950      20.21775
      16.57970      20.21851
      16.58980      20.21926
      16.60000      20.22002
      16.61020      20.22079
      16.62030      20.22155
      16.63050      20.22233
      16.64070      20.22310
      16.65080      20.22388
      16.66100      20.22467
      16.67110      20.22545
      16.68130      20.22625
      16.69150      20.22705
      16.70160      20.22784
      16.71180      20.22865
      16.72200      20.22946
      16.73210      20.23027
      16.74230      20.23109
      16.75250      20.23191
      16.76260      20.23273
      16.77280      20.23357
      16.78300      20.23441
      16.79310      20.23524
      16.80330      20.23609
      16.81340      20.23693
      16.82360      20.23779
      16.83380      20.23865
      16.84390      20.23951
      16.85410      20.24038
      16.86430      20.24125
      16.87440      20.24212
      16.88460      20.24301
      16.89480      20.24390
      16.90490      20.24478
      16.91510      20.24568
      16.92530      20.24659
      16.93540      20.24749
      16.94560      20.24840
      16.95580      20.24932
      16.96590      20.25024
      16.97610      20.25117
      16.98620      20.25209
      16.99640      20.25303
      17.00660      20.25397
      17.01670      20.25492
      17.02690      20.25587
      17.03710      20.25683
      17.04720      20.25779
      17.05740      20.25876
      17.06760      20.25974
      17.07770      20.26071
      17.08790      20.26170
      17.09810      20.26269
      17.10820      20.26368
      17.11840      20.26469
      17.12850      20.26569
      17.13870      20.26671
      17.14890      20.26773
      17.15900      20.26875
      17.16920      20.26978
      17.17940      20.27082
      17.18950      20.27186
      17.19970      20.27291
      17.20990      20.27397
      17.22000      20.27502
      17.23020      20.27609
      17.24040      20.27717
      17.25050      20.27824
      17.26070      20.27933
      17.27090      20.28043
      17.28100      20.28152
      17.29120      20.28263
      17.30130      20.28373
      17.31150      20.28485
      17.32170      20.28598
      17.33180      20.28710
      17.34200      20.28824
      17.35220      20.28939
      17.36230      20.29054
      17.37250      20.29170
      17.38270      20.29287
      17.39280      20.29403
      17.40300      20.29522
      17.41320      20.29641
      17.42330      20.29759
      17.43350      20.29880
      17.44360      20.30000
      17.45380      20.30122
      17.46400      20.30244
      17.47410      20.30366
      17.48430      20.30490
      17.49450      20.30615
      17.50460      20.30740
      17.51480      20.30866
      17.52500      20.30994
      17.53510      20.31120
      17.54530      20.31249
      17.55550      20.31379
      17.56560      20.31508
      17.57580      20.31639
      17.58590      20.31770
      17.59610      20.31903
      17.60630      20.32036
      17.61640      20.32169
      17.62660      20.32305
      17.63680      20.32441
      17.64690      20.32577
      17.65710      20.32715
      17.66730      20.32853
      17.67740      20.32992
      17.68760      20.33132
      17.69780      20.33274
      17.70790      20.33415
      17.71810      20.33558
      17.72830      20.33702
      17.73840      20.33846
      17.74860      20.33992
      17.75870      20.34137
      17.76890      20.34285
      17.77910      20.34434
      17.78920      20.34582
      17.79940      20.34733
      17.80960      20.34885
      17.81970      20.35036
      17.82990      20.35190
      17.84010      20.35345
      17.85020      20.35499
      17.86040      20.35656
      17.87060      20.35814
      17.88070      20.35971
      17.89090      20.36131
      17.90100      20.36290
      17.91120      20.36452
      17.92140      20.36616
      17.93150      20.36778
      17.94170      20.36944
      17.95190      20.37110
      17.96200      20.37276
      17.97220      20.37445
      17.98240      20.37614
      17.99250      20.37784
      18.00270      20.37956
      18.01290      20.38129
      18.02300      20.38302
      18.03320      20.38478
      18.04340      20.38655
      18.05350      20.38831
      18.06370      20.39010
      18.07380      20.39189
      18.08400      20.39371
      18.09420      20.39554
      18.10430      20.39736
      18.11450      20.39922
      18.12470      20.40109
      18.13480      20.40295
      18.14500      20.40485
      18.15520      20.40676
      18.16530      20.40866
      18.17550      20.41059
      18.18570      20.41254
      18.19580      20.41449
      18.20600      20.41647
      18.21610      20.41844
      18.22630      20.42044
      18.23650      20.42246
      18.24660      20.42447
      18.25680      20.42652
      18.26700      20.42859
      18.27710      20.43064
      18.28730      20.43274
      18.29750      20.43484
      18.30760      20.43695
      18.31780      20.43909
      18.32800      20.44124
      18.33810      20.44339
      18.34830      20.44558
      18.35850      20.44778
      18.36860      20.44998
      18.37880      20.45221
      18.38890      20.45444
      18.39910      20.45671
      18.40930      20.45899
      18.41940      20.46127
      18.42960      20.46359
      18.43980      20.46593
      18.44990      20.46826
      18.46010      20.47063
      18.47030      20.47302
      18.48040      20.47541
      18.49060      20.47783
      18.50080      20.48028
      18.51090      20.48272
      18.52110      20.48520
      18.53120      20.48767
      18.54140      20.49019
      18.55160      20.49273
      18.56170      20.49527
      18.57190      20.49785
      18.58210      20.50045
      18.59220      20.50304
      18.60240      20.50568
      18.61260      20.50834
      18.62270      20.51099
      18.63290      20.51370
      18.64310      20.51642
      18.65320      20.51914
      18.66340      20.52191
      18.67360      20.52469
      18.68370      20.52748
      18.69390      20.53031
      18.70400      20.53314
      18.71420      20.53602
      18.72440      20.53892
      18.73450      20.54182
      18.74470      20.54477
      18.75490      20.54774
      18.76500      20.55070
      18.77520      20.55373
      18.78540      20.55677
      18.79550      20.55981
      18.80570      20.56291
      18.81590      20.56603
      18.82600      20.56915
      18.83620      20.57232
      18.84630      20.57549
      18.85650      20.57872
      18.86670      20.58197
      18.87680      20.58522
      18.88700      20.58853
      18.89720      20.59186
      18.90730      20.59520
      18.91750      20.59859
      18.92770      20.60201
      18.93780      20.60542
      18.94800      20.60891
      18.95820      20.61242
      18.96830      20.61592
      18.97850      20.61949
      18.98870      20.62309
      18.99880      20.62669
      19.00900      20.63035
      19.01910      20.63401
      19.02930      20.63774
      19.03950      20.64150
      19.04960      20.64525
      19.05980      20.64908
      19.07000      20.65294
      19.08010      20.65680
      19.09030      20.66073
      19.10050      20.66469
      19.11060      20.66865
      19.12080      20.67269
      19.13100      20.67676
      19.14110      20.68082
      19.15130      20.68497
      19.16140      20.68911
      19.17160      20.69333
      19.18180      20.69759
      19.19190      20.70185
      19.20210      20.70618
      19.21230      20.71056
      19.22240      20.71494
      19.23260      20.71939
      19.24280      20.72389
      19.25290      20.72839
      19.26310      20.73297
      19.27330      20.73760
      19.28340      20.74222
      19.29360      20.74693
      19.30380      20.75169
      19.31390      20.75645
      19.32410      20.76130
      19.33420      20.76615
      19.34440      20.77109
      19.35460      20.77608
      19.36470      20.78106
      19.37490      20.78615
      19.38510      20.79128
      19.39520      20.79642
      19.40540      20.80165
      19.41560      20.80694
      19.42570      20.81222
      19.43590      20.81761
      19.44610      20.82306
      19.45620      20.82850
      19.46640      20.83405
      19.47650      20.83960
      19.48670      20.84526
      19.49690      20.85098
      19.50700      20.85670
      19.51720      20.86254
      19.52740      20.86843
      19.53750      20.87433
      19.54770      20.88034
      19.55790      20.88642
      19.56800      20.89249
      19.57820      20.89869
      19.58840      20.90496
      19.59850      20.91122
      19.60870      20.91762
      19.61880      20.92402
      19.62900      20.93055
      19.63920      20.93714
      19.64930      20.94374
      19.65950      20.95048
      19.66970      20.95729
      19.67980      20.96410
      19.69000      20.97106
      19.70020      20.97808
      19.71030      20.98512
      19.72050      20.99230
      19.73070      20.99955
      19.74080      21.00682
      19.75100      21.01423
      19.76120      21.02173
      19.77130      21.02923
      19.78150      21.03690
      19.79160      21.04457
      19.80180      21.05240
      19.81200      21.06032
      19.82210      21.06824
      19.83230      21.07634
      19.84250      21.08453
      19.85260      21.09273
      19.86280      21.10110
      19.87300      21.10957
      19.88310      21.11805
      19.89330      21.12671
      19.90350      21.13547
      19.91360      21.14425
      19.92380      21.15321
      19.93390      21.16219
      19.94410      21.17136
      19.95430      21.18064
      19.96440      21.18994
      19.97460      21.19944
      19.98480      21.20905
      19.99490      21.21868
      20.00510      21.22853
      20.01530      21.23849
      20.02540      21.24846
      20.03560      21.25867
      20.04580      21.26899
      20.05590      21.27933
      20.06610      21.28991
      20.07630      21.30061
      20.08640      21.31134
      20.09660      21.32231
      20.10670      21.33331
      20.11690      21.34455
      20.12710      21.35594
      20.13720      21.36735
      20.14740      21.37902
      20.15760      21.39084
      20.16770      21.40269
      20.17790      21.41481
      20.18810      21.42709
      20.19820      21.43940
      20.20840      21.45199
      20.21860      21.46475
      20.22870      21.47755
      20.23890      21.49064
      20.24900      21.50378
      20.25920      21.51721
      20.26940      21.53083
      20.27950      21.54450
      20.28970      21.55848
      20.29990      21.57266
      20.31000      21.58688
      20.32020      21.60145
      20.33040      21.61621
      20.34050      21.63103
      20.35070      21.64620
      20.36090      21.66158
      20.37100      21.67703
      20.38120      21.69285
      20.39140      21.70889
      20.40150      21.72500
      20.41170      21.74151
      20.42180      21.75809
      20.43200      21.77508
      20.44220      21.79231
      20.45230      21.80963
      20.46250      21.82738
      20.47270      21.84540
      20.48280      21.86351
      20.49300      21.88208
      20.50320      21.90094
      20.51330      21.91989
      20.52350      21.93934
      20.53370      21.95909
      20.54380      21.97895
      20.55400      21.99934
      20.56410      22.01984
      20.57430      22.04090
      20.58450      22.06229
      20.59460      22.08384
      20.60480      22.10595
      20.61500      22.12845
      20.62510      22.15111
      20.63530      22.17439
      20.64550      22.19809
      20.65560      22.22196
      20.66580      22.24651
      20.67600      22.27151
      20.68610      22.29671
      20.69630      22.32265
      20.70650      22.34907
      20.71660      22.37574
      20.72680      22.40319
      20.73690      22.43091
      20.74710      22.45946
      20.75730      22.48858
      20.76740      22.51802
      20.77760      22.54836
      20.78780      22.57935
      20.79790      22.61069
      20.80810      22.64302
      20.81830      22.67608
      20.82840      22.70953
      20.83860      22.74409
      20.84880      22.77944
      20.85890      22.81526
      20.86910      22.85229
      20.87920      22.88984
      20.88940      22.92869
      20.89960      22.96849
      20.90970      23.00890
      20.91990      23.05075
      20.93010      23.09367
      20.94020      23.13730
      20.95040      23.18251
      20.96060      23.22894
      20.97070      23.27617
      20.98090      23.32519
      20.99110      23.37558
      21.00120      23.42688
      21.01140      23.48018
      21.02160      23.53502
      21.03170      23.59092
      21.04190      23.64904
      21.05200      23.70830
      21.06220      23.76997
      21.07240      23.83352
      21.08250      23.89840
      21.09270      23.96594
      21.10290      24.03562
      21.11300      24.10681
      21.12320      24.18097
      21.13340      24.25754
      21.14350      24.33580
      21.15370      24.41742
      21.16390      24.50172
      21.17400      24.58793
      21.18420      24.67789
      21.19430      24.76991
      21.20450      24.86596
      21.21470      24.96524
      21.22480      25.06684
      21.23500      25.17291
      21.24520      25.28257
      21.25530      25.39485
      21.26550      25.51206
      21.27570      25.63328
      21.28580      25.75740
      21.29600      25.88697
      21.30620      26.02097
      21.31630      26.15815
      21.32650      26.30138
      21.33660      26.44798
      21.34680      26.60104
      21.35700      26.75927
      21.36710      26.92117
      21.37730      27.09016
      21.38750      27.26479
      21.39760      27.44341
      21.40780      27.62976
      21.41800      27.82221
      21.42810      28.01903
      21.43830      28.22418
      21.44850      28.43600
      21.45860      28.65242
      21.46880      28.87793
      21.47900      29.11056
      21.48910      29.34807
      21.49930      29.59538
      21.50940      29.84774
      21.51960      30.11035
      21.52980      30.38090
      21.53990      30.65673
      21.55010      30.94351
      21.56030      31.23867
      21.57040      31.53931
      21.58060      31.85158
      21.59080      32.17258
      21.60090      32.49932
      21.61110      32.83821
      21.62130      33.18634
      21.63140      33.54015
      21.64160      33.90685
      21.65170      34.27925
      21.66190      34.66490
      21.67210      35.06020
      21.68220      35.46115
      21.69240      35.87585
      21.70260      36.30039
      21.71270      36.73044
      21.72290      37.17466
      21.73310      37.62880
      21.74320      38.08822
      21.75340      38.56211
      21.76360      39.04583
      21.77370      39.53465
      21.78390      40.03796
      21.79410      40.55112
      21.80420      41.06874
      21.81440      41.60108
      21.82450      42.13749
      21.83470      42.68858
      21.84490      43.24887
      21.85500      43.81252
      21.86520      44.39064
      21.87540      44.97740
      21.88550      45.56666
      21.89570      46.16996
      21.90590      46.78106
      21.91600      47.39385
      21.92620      48.01992
      21.93640      48.65284
      21.94650      49.28622
      21.95670      49.93188
      21.96680      50.57707
      21.97700      51.23378
      21.98720      51.89547
      21.99730      52.55487
      22.00750      53.22464
      22.01770      53.89764
      22.02780      54.56653
      22.03800      55.24408
      22.04820      55.92290
      22.05830      56.59555
      22.06850      57.27476
      22.07870      57.95285
      22.08880      58.62270
      22.09900      59.29644
      22.10920      59.96649
      22.11930      60.62567
      22.12950      61.28571
      22.13960      61.93301
      22.14980      62.57899
      22.16000      63.21641
      22.17010      63.83784
      22.18030      64.45457
      22.19050      65.05916
      22.20060      65.64458
      22.21080      66.22133
      22.22100      66.78223
      22.23110      67.32072
      22.24130      67.84631
      22.25150      68.35218
      22.26160      68.83261
      22.27180      69.29563
      22.28190      69.73119
      22.29210      70.14657
      22.30230      70.53611
      22.31240      70.89547
      22.32260      71.23048
      22.33280      71.53660
      22.34290      71.81023
      22.35310      72.05598
      22.36330      72.27019
      22.37340      72.45050
      22.38360      72.59995
      22.39380      72.71605
      22.40390      72.79778
      22.41410      72.84651
      22.42430      72.86107
      22.43440      72.84178
      22.44460      72.78834
      22.45470      72.70193
      22.46490      72.58119
      22.47510      72.42715
      22.48520      72.24234
      22.49540      72.02376
      22.50560      71.77368
      22.51570      71.49590
      22.52590      71.18570
      22.53610      70.84669
      22.54620      70.48364
      22.55640      70.09037
      22.56660      69.67152
      22.57670      69.23275
      22.58690      68.76649
      22.59700      68.28320
      22.60720      67.77444
      22.61740      67.24632
      22.62750      66.70530
      22.63770      66.14223
      22.64790      65.56337
      22.65800      64.97594
      22.66820      64.36971
      22.67840      63.75138
      22.68850      63.12853
      22.69870      62.48985
      22.70890      61.84262
      22.71900      61.19448
      22.72920      60.53349
      22.73940      59.86713
      22.74950      59.20303
      22.75970      58.52886
      22.76980      57.85884
      22.78000      57.18044
      22.79020      56.50129
      22.80030      55.82854
      22.81050      55.14998
      22.82070      54.47266
      22.83080      53.80409
      22.84100      53.13151
      22.85120      52.46222
      22.86130      51.80339
      22.87150      51.14235
      22.88170      50.48623
      22.89180      49.84193
      22.90200      49.19699
      22.91210      48.56461
      22.92230      47.93251
      22.93250      47.30744
      22.94260      46.69580
      22.95280      46.08567
      22.96300      45.48360
      22.97310      44.89537
      22.98330      44.30991
      22.99350      43.73301
      23.00360      43.17059
      23.01380      42.61156
      23.02400      42.06177
      23.03410      41.52665
      23.04430      40.99564
      23.05450      40.47422
      23.06460      39.96753
      23.07480      39.46549
      23.08490      38.97811
      23.09510      38.49569
      23.10530      38.02317
      23.11540      37.56511
      23.12560      37.11235
      23.13580      36.66959
      23.14590      36.24081
      23.15610      35.81773
      23.16630      35.40438
      23.17640      35.00477
      23.18660      34.61082
      23.19680      34.22650
      23.20690      33.85541
      23.21710      33.49002
      23.22720      33.13749
      23.23740      32.79064
      23.24760      32.45295
      23.25770      32.12751
      23.26790      31.80767
      23.27810      31.49668
      23.28820      31.19716
      23.29840      30.90317
      23.30860      30.61759
      23.31870      30.34283
      23.32890      30.07345
      23.33910      29.81192
      23.34920      29.56062
      23.35940      29.31436
      23.36950      29.07785
      23.37970      28.84622
      23.38990      28.62168
      23.40000      28.40621
      23.41020      28.19532
      23.42040      27.99104
      23.43050      27.79513
      23.44070      27.60351
      23.45090      27.41803
      23.46100      27.24018
      23.47120      27.06635
      23.48140      26.89816
      23.49150      26.73697
      23.50170      26.57950
      23.51190      26.42715
      23.52200      26.28122
      23.53220      26.13865
      23.54230      26.00211
      23.55250      25.86873
      23.56270      25.73974
      23.57280      25.61622
      23.58300      25.49556
      23.59320      25.37887
      23.60330      25.26713
      23.61350      25.15796
      23.62370      25.05240
      23.63380      24.95125
      23.64400      24.85244
      23.65420      24.75683
      23.66430      24.66521
      23.67450      24.57568
      23.68460      24.48984
      23.69480      24.40593
      23.70500      24.32468
      23.71510      24.24677
      23.72530      24.17054
      23.73550      24.09669
      23.74560      24.02582
      23.75580      23.95644
      23.76600      23.88918
      23.77610      23.82458
      23.78630      23.76129
      23.79650      23.69989
      23.80660      23.64086
      23.81680      23.58299
      23.82700      23.52677
      23.83710      23.47269
      23.84730      23.41961
      23.85740      23.36850
      23.86760      23.31831
      23.87780      23.26948
      23.88790      23.22243
      23.89810      23.17616
      23.90830      23.13111
      23.91840      23.08765
      23.92860      23.04487
      23.93880      23.00317
      23.94890      22.96291
      23.95910      22.92323
      23.96930      22.88453
      23.97940      22.84710
      23.98960      22.81019
      23.99970      22.77448
      24.00990      22.73925
      24.02010      22.70480
      24.03020      22.67145
      24.04040      22.63850
      24.05060      22.60626
      24.06070      22.57501
      24.07090      22.54412
      24.08110      22.51386
      24.09120      22.48451
      24.10140      22.45546
      24.11160      22.42698
      24.12170      22.39935
      24.13190      22.37197
      24.14210      22.34511
      24.15220      22.31902
      24.16240      22.29316
      24.17250      22.26801
      24.18270      22.24308
      24.19290      22.21859
      24.20300      22.19478
      24.21320      22.17114
      24.22340      22.14791
      24.23350      22.12531
      24.24370      22.10286
      24.25390      22.08079
      24.26400      22.05930
      24.27420      22.03795
      24.28440      22.01695
      24.29450      21.99648
      24.30470      21.97614
      24.31480      21.95632
      24.32500      21.93662
      24.33520      21.91722
      24.34530      21.89830
      24.35550      21.87949
      24.36570      21.86096
      24.37580      21.84289
      24.38600      21.82491
      24.39620      21.80719
      24.40630      21.78991
      24.41650      21.77270
      24.42670      21.75575
      24.43680      21.73920
      24.44700      21.72273
      24.45720      21.70649
      24.46730      21.69064
      24.47750      21.67485
      24.48760      21.65943
      24.49780      21.64408
      24.50800      21.62894
      24.51810      21.61415
      24.52830      21.59941
      24.53850      21.58488
      24.54860      21.57068
      24.55880      21.55653
      24.56900      21.54257
      24.57910      21.52893
      24.58930      21.51534
      24.59950      21.50192
      24.60960      21.48881
      24.61980      21.47574
      24.62990      21.46297
      24.64010      21.45023
      24.65030      21.43766
      24.66040      21.42537
      24.67060      21.41312
      24.68080      21.40102
      24.69090      21.38919
      24.70110      21.37739
      24.71130      21.36574
      24.72140      21.35435
      24.73160      21.34298
      24.74180      21.33176
      24.75190      21.32078
      24.76210      21.30983
      24.77230      21.29901
      24.78240      21.28843
      24.79260      21.27787
      24.80270      21.26755
      24.81290      21.25724
      24.82310      21.24706
      24.83320      21.23709
      24.84340      21.22715
      24.85360      21.21733
      24.86370      21.20771
      24.87390      21.19812
      24.88410      21.18863
      24.89420      21.17935
      24.90440      21.17008
      24.91460      21.16092
      24.92470      21.15196
      24.93490      21.14301
      24.94500      21.13425
      24.95520      21.12550
      24.96540      21.11685
      24.97550      21.10839
      24.98570      21.09993
      24.99590      21.09157
      25.00600      21.08339
      25.01620      21.07521
      25.02640      21.06713
      25.03650      21.05921
      25.04670      21.05131
      25.05690      21.04349
      25.06700      21.03583
      25.07720      21.02818
      25.08740      21.02061
      25.09750      21.01320
      25.10770      21.00579
      25.11780      20.99854
      25.12800      20.99129
      25.13820      20.98413
      25.14830      20.97710
      25.15850      20.97009
      25.16870      20.96314
      25.17880      20.95634
      25.18900      20.94954
      25.19920      20.94282
      25.20930      20.93622
      25.21950      20.92964
      25.22970      20.92312
      25.23980      20.91673
      25.25000      20.91034
      25.26010      20.90409
      25.27030      20.89783
      25.28050      20.89164
      25.29060      20.88557
      25.30080      20.87950
      25.31100      20.87350
      25.32110      20.86761
      25.33130      20.86172
      25.34150      20.85590
      25.35160      20.85019
      25.36180      20.84447
      25.37200      20.83882
      25.38210      20.83328
      25.39230      20.82773
      25.40240      20.82230
      25.41260      20.81686
      25.42280      20.81148
      25.43290      20.80620
      25.44310      20.80092
      25.45330      20.79569
      25.46340      20.79057
      25.47360      20.78544
      25.48380      20.78036
      25.49390      20.77538
      25.50410      20.77040
      25.51430      20.76546
      25.52440      20.76062
      25.53460      20.75578
      25.54480      20.75098
      25.55490      20.74628
      25.56510      20.74157
      25.57520      20.73695
      25.58540      20.73233
      25.59560      20.72775
      25.60570      20.72326
      25.61590      20.71877
      25.62610      20.71432
      25.63620      20.70995
      25.64640      20.70558
      25.65660      20.70125
      25.66670      20.69700
      25.67690      20.69274
      25.68710      20.68853
      25.69720      20.68439
      25.70740      20.68025
      25.71750      20.67619
      25.72770      20.67212
      25.73790      20.66809
      25.74800      20.66414
      25.75820      20.66018
      25.76840      20.65626
      25.77850      20.65240
      25.78870      20.64855
      25.79890      20.64473
      25.80900      20.64097
      25.81920      20.63722
      25.82940      20.63350
      25.83950      20.62984
      25.84970      20.62618
      25.85990      20.62255
      25.87000      20.61899
      25.88020      20.61543
      25.89030      20.61193
      25.90050      20.60842
      25.91070      20.60494
      25.92080      20.60153
      25.93100      20.59811
      25.94120      20.59473
      25.95130      20.59140
      25.96150      20.58807
      25.97170      20.58476
      25.98180      20.58152
      25.99200      20.57827
      26.00220      20.57504
      26.01230      20.57188
      26.02250      20.56871
      26.03260      20.56560
      26.04280      20.56248
      26.05300      20.55939
      26.06310      20.55635
      26.07330      20.55331
      26.08350      20.55029
      26.09360      20.54732
      26.10380      20.54435
      26.11400      20.54141
      26.12410      20.53852
      26.13430      20.53562
      26.14450      20.53274
      26.15460      20.52992
      26.16480      20.52709
      26.17500      20.52428
      26.18510      20.52152
      26.19530      20.51876
      26.20540      20.51604
      26.21560      20.51332
      26.22580      20.51062
      26.23590      20.50797
      26.24610      20.50531
      26.25630      20.50268
      26.26640      20.50008
      26.27660      20.49749
      26.28680      20.49491
      26.29690      20.49238
      26.30710      20.48984
      26.31730      20.48733
      26.32740      20.48485
      26.33760      20.48237
      26.34770      20.47994
      26.35790      20.47749
      26.36810      20.47507
      26.37820      20.47269
      26.38840      20.47030
      26.39860      20.46793
      26.40870      20.46560
      26.41890      20.46327
      26.42910      20.46095
      26.43920      20.45868
      26.44940      20.45639
      26.45960      20.45413
      26.46970      20.45190
      26.47990      20.44967
      26.49010      20.44745
      26.50020      20.44527
      26.51040      20.44309
      26.52050      20.44094
      26.53070      20.43879
      26.54090      20.43665
      26.55100      20.43455
      26.56120      20.43245
      26.57140      20.43036
      26.58150      20.42830
      26.59170      20.42624
      26.60190      20.42419
      26.61200      20.42218
      26.62220      20.42016
      26.63240      20.41816
      26.64250      20.41619
      26.65270      20.41422
      26.66280      20.41227
      26.67300      20.41033
      26.68320      20.40839
      26.69330      20.40649
      26.70350      20.40458
      26.71370      20.40269
      26.72380      20.40083
      26.73400      20.39896
      26.74420      20.39711
      26.75430      20.39528
      26.76450      20.39346
      26.77470      20.39164
      26.78480      20.38985
      26.79500      20.38806
      26.80520      20.38628
      26.81530      20.38453
      26.82550      20.38278
      26.83560      20.38105
      26.84580      20.37932
      26.85600      20.37760
      26.86610      20.37591
      26.87630      20.37421
      26.88650      20.37253
      26.89660      20.37087
      26.90680      20.36921
      26.91700      20.36755
      26.92710      20.36593
      26.93730      20.36430
      26.94750      20.36268
      26.95760      20.36109
      26.96780      20.35949
      26.97790      20.35792
      26.98810      20.35634
      26.99830      20.35477
      27.00840      20.35323
      27.01860      20.35169
      27.02880      20.35015
      27.03890      20.34864
      27.04910      20.34712
      27.05930      20.34562
      27.06940      20.34413
      27.07960      20.34265
      27.08980      20.34117
      27.09990      20.33971
      27.11010      20.33825
      27.12020      20.33682
      27.13040      20.33538
      27.14060      20.33395
      27.15070      20.33254
      27.16090      20.33113
      27.17110      20.32972
      27.18120      20.32834
      27.19140      20.32695
      27.20160      20.32558
      27.21170      20.32422
      27.22190      20.32286
      27.23210      20.32151
      27.24220      20.32018
      27.25240      20.31884
      27.26260      20.31751
      27.27270      20.31621
      27.28290      20.31490
      27.29300      20.31361
      27.30320      20.31231
      27.31340      20.31103
      27.32350      20.30976
      27.33370      20.30849
      27.34390      20.30722
      27.35400      20.30598
      27.36420      20.30473
      27.37440      20.30349
      27.38450      20.30227
      27.39470      20.30105
      27.40490      20.29983
      27.41500      20.29863
      27.42520      20.29742
      27.43530      20.29624
      27.44550      20.29505
      27.45570      20.29387
      27.46580      20.29271
      27.47600      20.29154
      27.48620      20.29038
      27.49630      20.28923
      27.50650      20.28809
      27.51670      20.28695
      27.52680      20.28582
      27.53700      20.28469
      27.54720      20.28358
      27.55730      20.28247
      27.56750      20.28136
      27.57770      20.28026
      27.58780      20.27918
      27.59800      20.27809
      27.60810      20.27702
      27.61830      20.27594
      27.62850      20.27487
      27.63860      20.27382
      27.64880      20.27276
      27.65900      20.27171
      27.66910      20.27068
      27.67930      20.26964
      27.68950      20.26860
      27.69960      20.26759
      27.70980      20.26657
      27.72000      20.26555
      27.73010      20.26455
      27.74030      20.26354
      27.75040      20.26256
      27.76060      20.26156
      27.77080      20.26057
      27.78090      20.25960
      27.79110      20.25863
      27.80130      20.25766
      27.81140      20.25670
      27.82160      20.25574
      27.83180      20.25478
      27.84190      20.25384
      27.85210      20.25290
      27.86230      20.25196
      27.87240      20.25104
      27.88260      20.25011
      27.89280      20.24918
      27.90290      20.24827
      27.91310      20.24736
      27.92320      20.24646
      27.93340      20.24556
      27.94360      20.24466
      27.95370      20.24377
      27.96390      20.24289
      27.97410      20.24200
      27.98420      20.24113
      27.99440      20.24026
      28.00460      20.23939
      28.01470      20.23853
      28.02490      20.23767
      28.03510      20.23681
      28.04520      20.23597
      28.05540      20.23512
      28.06550      20.23429
      28.07570      20.23345
      28.08590      20.23262
      28.09600      20.23180
      28.10620      20.23097
      28.11640      20.23015
      28.12650      20.22935
      28.13670      20.22853
      28.14690      20.22773
      28.15700      20.22693
      28.16720      20.22614
      28.17740      20.22534
      28.18750      20.22456
      28.19770      20.22377
      28.20790      20.22299
      28.21800      20.22222
      28.22820      20.22145
      28.23830      20.22068
      28.24850      20.21992
      28.25870      20.21915
      28.26880      20.21840
      28.27900      20.21765
      28.28920      20.21690
      28.29930      20.21616
      28.30950      20.21542
      28.31970      20.21468
      28.32980      20.21395
      28.34000      20.21322
      28.35020      20.21249
      28.36030      20.21177
      28.37050      20.21105
      28.38060      20.21034
      28.39080      20.20963
      28.40100      20.20892
      28.41110      20.20822
      28.42130      20.20752
      28.43150      20.20682
      28.44160      20.20613
      28.45180      20.20544
      28.46200      20.20475
      28.47210      20.20408
      28.48230      20.20339
      28.49250      20.20272
      28.50260      20.20205
      28.51280      20.20138
      28.52300      20.20071
      28.53310      20.20005
      28.54330      20.19939
      28.55340      20.19874
      28.56360      20.19808
      28.57380      20.19743
      28.58390      20.19679
      28.59410      20.19614
      28.60430      20.19550
      28.61440      20.19487
      28.62460      20.19423
      28.63480      20.19360
      28.64490      20.19298
      28.65510      20.19235
      28.66530      20.19172
      28.67540      20.19111
      28.68560      20.19049
      28.69570      20.18988
      28.70590      20.18927
      28.71610      20.18866
      28.72620      20.18806
      28.73640      20.18746
      28.74660      20.18686
      28.75670      20.18627
      28.76690      20.18567
      28.77710      20.18508
      28.78720      20.18450
      28.79740      20.18391
      28.80760      20.18333
      28.81770      20.18275
      28.82790      20.18218
      28.83810      20.18160
      28.84820      20.18104
      28.85840      20.18047
      28.86850      20.17990
      28.87870      20.17934
      28.88890      20.17878
      28.89900      20.17822
      28.90920      20.17767
      28.91940      20.17711
      28.92950      20.17657
      28.93970      20.17602
      28.94990      20.17547
      28.96000      20.17493
      28.97020      20.17439
      28.98040      20.17385
      28.99050      20.17332
      29.00070      20.17279
      29.01080      20.17226
      29.02100      20.17173
      29.03120      20.17121
      29.04130      20.17069
      29.05150      20.17017
      29.06170      20.16965
      29.07180      20.16914
      29.08200      20.16862
      29.09220      20.16811
      29.10230      20.16760
      29.11250      20.16710
      29.12270      20.16659
      29.13280      20.16609
      29.14300      20.16559
      29.15310      20.16510
      29.16330      20.16460
      29.17350      20.16411
      29.18360      20.16362
      29.19380      20.16313
      29.20400      20.16264
      29.21410      20.16216
      29.22430      20.16168
      29.23450      20.16120
      29.24460      20.16072
      29.25480      20.16025
      29.26500      20.15977
      29.27510      20.15931
      29.28530      20.15883
      29.29550      20.15837
      29.30560      20.15791
      29.31580      20.15744
      29.32590      20.15698
      29.33610      20.15652
      29.34630      20.15606
      29.35640      20.15561
      29.36660      20.15516
      29.37680      20.15471
      29.38690      20.15426
      29.39710      20.15381
      29.40730      20.15336
      29.41740      20.15292
      29.42760      20.15248
      29.43780      20.15204
      29.44790      20.15161
      29.45810      20.15117
      29.46820      20.15074
      29.47840      20.15031
      29.48860      20.14987
      29.49870      20.14945
      29.50890      20.14902
      29.51910      20.14860
      29.52920      20.14818
      29.53940      20.14775
      29.54960      20.14733
      29.55970      20.14692
      29.56990      20.14650
      29.58010      20.14609
      29.59020      20.14568
      29.60040      20.14527
      29.61060      20.14486
      29.62070      20.14445
      29.63090      20.14404
      29.64100      20.14364
      29.65120      20.14324
      29.66140      20.14284
      29.67150      20.14244
      29.68170      20.14205
      29.69190      20.14165
      29.70200      20.14126
      29.71220      20.14087
      29.72240      20.14047
      29.73250      20.14009
      29.74270      20.13970
      29.75290      20.13931
      29.76300      20.13893
      29.77320      20.13855
      29.78330      20.13817
      29.79350      20.13779
      29.80370      20.13741
      29.81380      20.13704
      29.82400      20.13666
      29.83420      20.13629
      29.84430      20.13592
      29.85450      20.13555
      29.86470      20.13518
      29.87480      20.13482
      29.88500      20.13445
      29.89520      20.13408
      29.90530      20.13372
      29.91550      20.13336
      29.92570      20.13300
      29.93580      20.13264
      29.94600      20.13229
      29.95610      20.13194
      29.96630      20.13158
      29.97650      20.13123
      29.98660      20.13088
      29.99680      20.13053
      30.00700      20.13018
      30.01710      20.12983
      30.02730      20.12949
      30.03750      20.12914
      30.04760      20.12880
      30.05780      20.12846
      30.06800      20.12812
      30.07810      20.12778
      30.08830      20.12744
      30.09840      20.12711
      30.10860      20.12677
      30.11880      20.12644
      30.12890      20.12611
      30.13910      20.12578
      30.14930      20.12545
      30.15940      20.12512
      30.16960      20.12479
      30.17980      20.12447
      30.18990      20.12415
      30.20010      20.12382
      30.21030      20.12350
      30.22040      20.12318
      30.23060      20.12286
      30.24080      20.12254
      30.25090      20.12223
      30.26110      20.12191
      30.27120      20.12160
      30.28140      20.12128
      30.29160      20.12097
      30.30170      20.12066
      30.31190      20.12035
      30.32210      20.12004
      30.33220      20.11974
      30.34240      20.11943
      30.35260      20.11913
      30.36270      20.11882
      30.37290      20.11852
      30.38310      20.11822
      30.39320      20.11792
      30.40340      20.11762
      30.41350      20.11732
      30.42370      20.11703
      30.43390      20.11673
      30.44400      20.11644
      30.45420      20.11614
      30.46440      20.11585
      30.47450      20.11556
      30.48470      20.11527
      30.49490      20.11498
      30.50500      20.11469
      30.51520      20.11441
      30.52540      20.11412
      30.53550      20.11384
      30.54570      20.11355
      30.55590      20.11327
      30.56600      20.11299
      30.57620      20.11271
      30.58630      20.11243
      30.59650      20.11215
      30.60670      20.11187
      30.61680      20.11160
      30.62700      20.11132
      30.63720      20.11105
      30.64730      20.11077
      30.65750      20.11050
      30.66770      20.11023
      30.67780      20.10996
      30.68800      20.10969
      30.69820      20.10942
      30.70830      20.10916
      30.71850      20.10889
      30.72860      20.10863
      30.73880      20.10836
      30.74900      20.10810
      30.75910      20.10783
      30.76930      20.10757
      30.77950      20.10731
      30.78960      20.10705
      30.79980      20.10679
      30.81000      20.10653
      30.82010      20.10628
      30.83030      20.10602
      30.84050      20.10577
      30.85060      20.10551
      30.86080      20.10526
      30.87100      20.10501
      30.88110      20.10476
      30.89130      20.10451
      30.90140      20.10426
      30.91160      20.10401
      30.92180      20.10376
      30.93190      20.10352
      30.94210      20.10327
      30.95230      20.10302
      30.96240      20.10278
      30.97260      20.10254
      30.98280      20.10229
      30.99290      20.10205
      31.00310      20.10181
      31.01330      20.10157
      31.02340      20.10133
      31.03360      20.10109
      31.04370      20.10086
      31.05390      20.10062
      31.06410      20.10038
      31.07420      20.10015
      31.08440      20.09991
      31.09460      20.09968
      31.10470      20.09945
      31.11490      20.09922
      31.12510      20.09899
      31.13520      20.09876
      31.14540      20.09853
      31.15560      20.09830
      31.16570      20.09807
      31.17590      20.09785
      31.18600      20.09762
      31.19620      20.09739
      31.20640      20.09717
      31.21650      20.09695
      31.22670      20.09672
      31.23690      20.09650
      31.24700      20.09628
      31.25720      20.09606
      31.26740      20.09584
      31.27750      20.09562
      31.28770      20.09540
      31.29790      20.09518
      31.30800      20.09497
      31.31820      20.09475
      31.32840      20.09453
      31.33850      20.09432
      31.34870      20.09410
      31.35880      20.09389
      31.36900      20.09368
      31.37920      20.09347
      31.38930      20.09326
      31.39950      20.09305
      31.40970      20.09284
      31.41980      20.09263
      31.43000      20.09242
      31.44020      20.09221
      31.45030      20.09201
      31.46050      20.09180
      31.47070      20.09159
      31.48080      20.09139
      31.49100      20.09118
      31.50110      20.09098
      31.51130      20.09078
      31.52150      20.09058
      31.53160      20.09038
      31.54180      20.09017
      31.55200      20.08997
      31.56210      20.08978
      31.57230      20.08958
      31.58250      20.08938
      31.59260      20.08918
      31.60280      20.08898
      31.61300      20.08879
      31.62310      20.08859
      31.63330      20.08840
      31.64350      20.08820
      31.65360      20.08801
      31.66380      20.08782
      31.67390      20.08763
      31.68410      20.08743
      31.69430      20.08724
      31.70440      20.08705
      31.71460      20.08686
      31.72480      20.08667
      31.73490      20.08648
      31.74510      20.08630
      31.75530      20.08611
      31.76540      20.08592
      31.77560      20.08574
      31.78580      20.08555
      31.79590      20.08537
      31.80610      20.08518
      31.81620      20.08500
      31.82640      20.08482
      31.83660      20.08463
      31.84670      20.08445
      31.85690      20.08427
      31.86710      20.08409
      31.87720      20.08391
      31.88740      20.08373
      31.89760      20.08355
      31.90770      20.08337
      31.91790      20.08319
      31.92810      20.08302
      31.93820      20.08284
      31.94840      20.08266
      31.95860      20.08249
      31.96870      20.08231
      31.97890      20.08214
      31.98900      20.08196
      31.99920      20.08179
      32.00940      20.08162
      32.01950      20.08145
      32.02970      20.08127
      32.03990      20.08110
      32.05000      20.08093
      32.06020      20.08076
      32.07040      20.08059
      32.08050      20.08042
      32.09070      20.08025
      32.10090      20.08009
      32.11100      20.07992
      32.12120      20.07975
      32.13130      20.07959
      32.14150      20.07942
      32.15170      20.07925
      32.16180      20.07909
      32.17200      20.07892
      32.18220      20.07876
      32.19230      20.07860
      32.20250      20.07843
      32.21270      20.07827
      32.22280      20.07811
      32.23300      20.07795
      32.24320      20.07779
      32.25330      20.07763
      32.26350      20.07747
      32.27370      20.07731
      32.28380      20.07715
      32.29400      20.07699
      32.30410      20.07683
      32.31430      20.07668
      32.32450      20.07652
      32.33460      20.07636
      32.34480      20.07621
      32.35500      20.07605
      32.36510      20.07590
      32.37530      20.07574
      32.38550      20.07559
      32.39560      20.07544
      32.40580      20.07528
      32.41600      20.07513
      32.42610      20.07498
      32.43630      20.07483
      32.44640      20.07467
      32.45660      20.07452
      32.46680      20.07437
      32.47690      20.07422
      32.48710      20.07407
      32.49730      20.07392
      32.50740      20.07378
      32.51760      20.07363
      32.52780      20.07348
      32.53790      20.07333
      32.54810      20.07318
      32.55830      20.07304
      32.56840      20.07289
      32.57860      20.07275
      32.58880      20.07260
      32.59890      20.07246
      32.60910      20.07231
      32.61920      20.07217
      32.62940      20.07203
      32.63960      20.07188
      32.64970      20.07174
      32.65990      20.07160
      32.67010      20.07146
      32.68020      20.07132
      32.69040      20.07118
      32.70060      20.07104
      32.71070      20.07090
      32.72090      20.07076
      32.73110      20.07062
      32.74120      20.07048
      32.75140      20.07034
      32.76150      20.07020
      32.77170      20.07006
      32.78190      20.06993
      32.79200      20.06979
      32.80220      20.06965
      32.81240      20.06952
      32.82250      20.06938
      32.83270      20.06925
      32.84290      20.06911
      32.85300      20.06898
      32.86320      20.06885
      32.87340      20.06871
      32.88350      20.06858
      32.89370      20.06845
      32.90390      20.06831
      32.91400      20.06818
      32.92420      20.06805
      32.93430      20.06792
      32.94450      20.06779
      32.95470      20.06766
      32.96480      20.06753
      32.97500      20.06740
      32.98520      20.06727
      32.99530      20.06714
      33.00550      20.06701
      33.01570      20.06688
      33.02580      20.06676
      33.03600      20.06663
      33.04620      20.06650
      33.05630      20.06637
      33.06650      20.06625
      33.07660      20.06612
      33.08680      20.06599
      33.09700      20.06587
      33.10710      20.06574
      33.11730      20.06562
      33.12750      20.06549
      33.13760      20.06537
      33.14780      20.06525
      33.15800      20.06512
      33.16810      20.06500
      33.17830      20.06488
      33.18850      20.06476
      33.19860      20.06464
      33.20880      20.06451
      33.21890      20.06439
      33.22910      20.06427
      33.23930      20.06415
      33.24940      20.06403
      33.25960      20.06391
      33.26980      20.06379
      33.27990      20.06367
      33.29010      20.06355
      33.30030      20.06344
      33.31040      20.06332
      33.32060      20.06320
      33.33080      20.06308
      33.34090      20.06297
      33.35110      20.06285
      33.36130      20.06273
      33.37140      20.06262
      33.38160      20.06250
      33.39170      20.06239
      33.40190      20.06227
      33.41210      20.06215
      33.42220      20.06204
      33.43240      20.06193
      33.44260      20.06181
      33.45270      20.06170
      33.46290      20.06158
      33.47310      20.06147
      33.48320      20.06136
      33.49340      20.06125
      33.50360      20.06113
      33.51370      20.06102
      33.52390      20.06091
      33.53400      20.06080
      33.54420      20.06069
      33.55440      20.06058
      33.56450      20.06047
      33.57470      20.06036
      33.58490      20.06025
      33.59500      20.06014
      33.60520      20.06003
      33.61540      20.05992
      33.62550      20.05981
      33.63570      20.05971
      33.64590      20.05960
      33.65600      20.05949
      33.66620      20.05938
      33.67640      20.05927
      33.68650      20.05917
      33.69670      20.05906
      33.70680      20.05896
      33.71700      20.05885
      33.72720      20.05874
      33.73730      20.05864
      33.74750      20.05853
      33.75770      20.05843
      33.76780      20.05833
      33.77800      20.05822
      33.78820      20.05812
      33.79830      20.05801
      33.80850      20.05791
      33.81870      20.05781
      33.82880      20.05770
      33.83900      20.05760
      33.84910      20.05750
      33.85930      20.05740
      33.86950      20.05730
      33.87960      20.05720
      33.88980      20.05709
      33.90000      20.05699
      33.91010      20.05689
      33.92030      20.05679
      33.93050      20.05669
      33.94060      20.05659
      33.95080      20.05649
      33.96100      20.05639
      33.97110      20.05629
      33.98130      20.05620
      33.99150      20.05610
      34.00160      20.05600
      34.01180      20.05590
      34.02190      20.05580
      34.03210      20.05571
      34.04230      20.05561
      34.05240      20.05551
      34.06260      20.05541
      34.07280      20.05532
      34.08290      20.05522
      34.09310      20.05513
      34.10330      20.05503
      34.11340      20.05494
      34.12360      20.05484
      34.13380      20.05474
      34.14390      20.05465
      34.15410      20.05456
      34.16420      20.05446
      34.17440      20.05437
      34.18460      20.05427
      34.19470      20.05418
      34.20490      20.05409
      34.21510      20.05399
      34.22520      20.05390
      34.23540      20.05381
      34.24560      20.05371
      34.25570      20.05362
      34.26590      20.05353
      34.27610      20.05344
      34.28620      20.05335
      34.29640      20.05326
      34.30660      20.05317
      34.31670      20.05308
      34.32690      20.05299
      34.33700      20.05290
      34.34720      20.05280
      34.35740      20.05272
      34.36750      20.05263
      34.37770      20.05254
      34.38790      20.05245
      34.39800      20.05236
      34.40820      20.05227
      34.41840      20.05218
      34.42850      20.05209
      34.43870      20.05201
      34.44890      20.05192
      34.45900      20.05183
      34.46920      20.05174
      34.47930      20.05166
      34.48950      20.05157
      34.49970      20.05148
      34.50980      20.05140
      34.52000      20.05131
      34.53020      20.05122
      34.54030      20.05114
      34.55050      20.05105
      34.56070      20.05097
      34.57080      20.05088
      34.58100      20.05080
      34.59120      20.05071
      34.60130      20.05063
      34.61150      20.05054
      34.62170      20.05046
      34.63180      20.05038
      34.64200      20.05029
      34.65210      20.05021
      34.66230      20.05013
      34.67250      20.05004
      34.68260      20.04996
      34.69280      20.04988
      34.70300      20.04980
      34.71310      20.04971
      34.72330      20.04963
      34.73350      20.04955
      34.74360      20.04947
      34.75380      20.04939
      34.76400      20.04930
      34.77410      20.04922
      34.78430      20.04914
      34.79440      20.04906
      34.80460      20.04898
      34.81480      20.04890
      34.82490      20.04882
      34.83510      20.04874
      34.84530      20.04866
      34.85540      20.04858
      34.86560      20.04850
      34.87580      20.04843
      34.88590      20.04835
      34.89610      20.04827
      34.90630      20.04819
      34.91640      20.04811
      34.92660      20.04803
      34.93670      20.04796
      34.94690      20.04788
      34.95710      20.04780
      34.96720      20.04772
      34.97740      20.04765
      34.98760      20.04757
      34.99770      20.04749
      35.00790      20.04742
      35.01810      20.04734
      35.02820      20.04726
      35.03840      20.04719
      35.04860      20.04711
      35.05870      20.04704
      35.06890      20.04696
      35.07910      20.04688
      35.08920      20.04681
      35.09940      20.04674
      35.10950      20.04666
      35.11970      20.04659
      35.12990      20.04651
      35.14000      20.04644
      35.15020      20.04636
      35.16040      20.04629
      35.17050      20.04622
      35.18070      20.04614
      35.19090      20.04607
      35.20100      20.04600
      35.21120      20.04592
      35.22140      20.04585
      35.23150      20.04578
      35.24170      20.04570
      35.25180      20.04563
      35.26200      20.04556
      35.27220      20.04549
      35.28230      20.04542
      35.29250      20.04535
      35.30270      20.04527
      35.31280      20.04520
      35.32300      20.04513
      35.33320      20.04506
      35.34330      20.04499
      35.35350      20.04492
      35.36370      20.04485
      35.37380      20.04478
      35.38400      20.04471
      35.39420      20.04464
      35.40430      20.04457
      35.41450      20.04450
      35.42460      20.04443
      35.43480      20.04436
      35.44500      20.04429
      35.45510      20.04422
      35.46530      20.04415
      35.47550      20.04408
      35.48560      20.04402
      35.49580      20.04395
      35.50600      20.04388
      35.51610      20.00000
      35.52630      20.00000
      35.53650      20.00000
      35.54660      20.00000
      35.55680      20.00000
      35.56690      20.00000
      35.57710      20.00000
      35.58730      20.00000
      35.59740      20.00000
      35.60760      20.00000
      35.61780      20.00000
      35.62790      20.00000
      35.63810      20.00000
      35.64830      20.00000
      35.65840      20.00000
      35.66860      20.00000
      35.67880      20.00000
      35.68890      20.00000
      35.69910      20.00000
      35.70930      20.00000
      35.71940      20.00000
      35.72960      20.00000
      35.73970      20.00000
      35.74990      20.00000
      35.76010      20.00000
      35.77020      20.00000
      35.78040      20.00000
      35.79060      20.00000
      35.80070      20.00000
      35.81090      20.00000
      35.82110      20.00000
      35.83120      20.00000
      35.84140      20.00000
      35.85160      20.00000
      35.86170      20.00000
      35.87190      20.00000
      35.88200      20.00000
      35.89220      20.00000
      35.90240      20.00000
      35.91250      20.00000
      35.92270      20.00000
      35.93290      20.00000
      35.94300      20.00000
      35.95320      20.00000
      35.96340      20.00000
      35.97350      20.00000
      35.98370      20.00000
      35.99390      20.00000
