! TITLE: Yobs                                                                                                                                                                                                                                                            
! Peak:  7
       6.10010      25.00005
       6.11020      25.00005
       6.12040      25.00005
       6.13060      25.00005
       6.14070      25.00005
       6.15090      25.00005
       6.16110      25.00005
       6.17120      25.00005
       6.18140      25.00005
       6.19150      25.00005
       6.20170      25.00005
       6.21190      25.00005
       6.22200      25.00005
       6.23220      25.00005
       6.24240      25.00005
       6.25250      25.00005
       6.26270      25.00005
       6.27290      25.00005
       6.28300      25.00005
       6.29320      25.00005
       6.30340      25.00005
       6.31350      25.00005
       6.32370      25.00005
       6.33380      25.00005
       6.34400      25.00005
       6.35420      25.00005
       6.36430      25.00005
       6.37450      25.00005
       6.38470      25.00005
       6.39480      25.00005
       6.40500      25.00005
       6.41520      25.00005
       6.42530      25.00005
       6.43550      25.00005
       6.44570      25.00005
       6.45580      25.00005
       6.46600      25.00005
       6.47620      25.00005
       6.48630      25.00005
       6.49650      25.00005
       6.50660      25.00005
       6.51680      25.00005
       6.52700      25.00005
       6.53710      25.00005
       6.54730      25.00005
       6.55750      25.00005
       6.56760      25.00005
       6.57780      25.00005
       6.58800      25.00005
       6.59810      25.00005
       6.60830      25.00005
       6.61850      25.00005
       6.62860      25.00005
       6.63880      25.00005
       6.64890      25.00005
       6.65910      25.00005
       6.66930      25.00005
       6.67940      25.00005
       6.68960      25.00005
       6.69980      25.00005
       6.70990      25.00005
       6.72010      25.00005
       6.73030      25.00005
       6.74040      25.00005
       6.75060      25.00005
       6.76080      25.00005
       6.77090      25.00005
       6.78110      25.00005
       6.79130      25.00005
       6.80140      25.00005
       6.81160      25.00005
       6.82170      25.00005
       6.83190      25.00005
       6.84210      25.00005
       6.85220      25.00005
       6.86240      25.00005
       6.87260      25.00005
       6.88270      25.00005
       6.89290      25.00005
       6.90310      25.00005
       6.91320      25.00005
       6.92340      25.00006
       6.93360      25.00006
       6.94370      25.00006
       6.95390      25.00006
       6.96400      25.00006
       6.97420      25.00006
       6.98440      25.00006
       6.99450      25.00006
       7.00470      25.00006
       7.01490      25.00006
       7.02500      25.00006
       7.03520      25.00006
       7.04540      25.00006
       7.05550      25.00006
       7.06570      25.00006
       7.07590      25.00006
       7.08600      25.00006
       7.09620      25.00006
       7.10640      25.00006
       7.11650      25.00006
       7.12670      25.00006
       7.13680      25.00006
       7.14700      25.00006
       7.15720      25.00006
       7.16730      25.00006
       7.17750      25.00006
       7.18770      25.00006
       7.19780      25.00006
       7.20800      25.00006
       7.21820      25.00006
       7.22830      25.00006
       7.23850      25.00006
       7.24870      25.00006
       7.25880      25.00006
       7.26900      25.00006
       7.27910      25.00006
       7.28930      25.00006
       7.29950      25.00006
       7.30960      25.00006
       7.31980      25.00006
       7.33000      25.00006
       7.34010      25.00006
       7.35030      25.00006
       7.36050      25.00006
       7.37060      25.00006
       7.38080      25.00006
       7.39100      25.00006
       7.40110      25.00006
       7.41130      25.00006
       7.42150      25.00006
       7.43160      25.00006
       7.44180      25.00006
       7.45190      25.00006
       7.46210      25.00006
       7.47230      25.00006
       7.48240      25.00006
       7.49260      25.00006
       7.50280      25.00006
       7.51290      25.00006
       7.52310      25.00006
       7.53330      25.00006
       7.54340      25.00006
       7.55360      25.00006
       7.56380      25.00006
       7.57390      25.00006
       7.58410      25.00006
       7.59420      25.00006
       7.60440      25.00006
       7.61460      25.00006
       7.62470      25.00006
       7.63490      25.00006
       7.64510      25.00006
       7.65520      25.00006
       7.66540      25.00006
       7.67560      25.00006
       7.68570      25.00006
       7.69590      25.00006
       7.70610      25.00006
       7.71620      25.00006
       7.72640      25.00006
       7.73650      25.00006
       7.74670      25.00006
       7.75690      25.00006
       7.76700      25.00006
       7.77720      25.00006
       7.78740      25.00006
       7.79750      25.00006
       7.80770      25.00006
       7.81790      25.00006
       7.82800      25.00006
       7.83820      25.00006
       7.84840      25.00006
       7.85850      25.00006
       7.86870      25.00006
       7.87890      25.00006
       7.88900      25.00006
       7.89920      25.00006
       7.90930      25.00007
       7.91950      25.00007
       7.92970      25.00007
       7.93980      25.00007
       7.95000      25.00007
       7.96020      25.00007
       7.97030      25.00007
       7.98050      25.00007
       7.99070      25.00007
       8.00080      25.00007
       8.01100      25.00007
       8.02120      25.00007
       8.03130      25.00007
       8.04150      25.00007
       8.05160      25.00007
       8.06180      25.00007
       8.07200      25.00007
       8.08210      25.00007
       8.09230      25.00007
       8.10250      25.00007
       8.11260      25.00007
       8.12280      25.00007
       8.13300      25.00007
       8.14310      25.00007
       8.15330      25.00007
       8.16350      25.00007
       8.17360      25.00007
       8.18380      25.00007
       8.19400      25.00007
       8.20410      25.00007
       8.21430      25.00007
       8.22440      25.00007
       8.23460      25.00007
       8.24480      25.00007
       8.25490      25.00007
       8.26510      25.00007
       8.27530      25.00007
       8.28540      25.00007
       8.29560      25.00007
       8.30580      25.00007
       8.31590      25.00007
       8.32610      25.00007
       8.33630      25.00007
       8.34640      25.00007
       8.35660      25.00007
       8.36670      25.00007
       8.37690      25.00007
       8.38710      25.00007
       8.39720      25.00007
       8.40740      25.00007
       8.41760      25.00007
       8.42770      25.00007
       8.43790      25.00007
       8.44810      25.00007
       8.45820      25.00007
       8.46840      25.00007
       8.47860      25.00007
       8.48870      25.00007
       8.49890      25.00007
       8.50910      25.00007
       8.51920      25.00007
       8.52940      25.00007
       8.53950      25.00007
       8.54970      25.00007
       8.55990      25.00008
       8.57000      25.00008
       8.58020      25.00008
       8.59040      25.00008
       8.60050      25.00008
       8.61070      25.00008
       8.62090      25.00008
       8.63100      25.00008
       8.64120      25.00008
       8.65140      25.00008
       8.66150      25.00008
       8.67170      25.00008
       8.68180      25.00008
       8.69200      25.00008
       8.70220      25.00008
       8.71230      25.00008
       8.72250      25.00008
       8.73270      25.00008
       8.74280      25.00008
       8.75300      25.00008
       8.76320      25.00008
       8.77330      25.00008
       8.78350      25.00008
       8.79370      25.00008
       8.80380      25.00008
       8.81400      25.00008
       8.82420      25.00008
       8.83430      25.00008
       8.84450      25.00008
       8.85460      25.00008
       8.86480      25.00008
       8.87500      25.00008
       8.88510      25.00008
       8.89530      25.00008
       8.90550      25.00008
       8.91560      25.00008
       8.92580      25.00008
       8.93600      25.00008
       8.94610      25.00008
       8.95630      25.00008
       8.96650      25.00008
       8.97660      25.00008
       8.98680      25.00008
       8.99690      25.00008
       9.00710      25.00008
       9.01730      25.00008
       9.02740      25.00008
       9.03760      25.00008
       9.04780      25.00008
       9.05790      25.00008
       9.06810      25.00009
       9.07830      25.00009
       9.08840      25.00009
       9.09860      25.00009
       9.10880      25.00009
       9.11890      25.00009
       9.12910      25.00009
       9.13930      25.00009
       9.14940      25.00009
       9.15960      25.00009
       9.16970      25.00009
       9.17990      25.00009
       9.19010      25.00009
       9.20020      25.00009
       9.21040      25.00009
       9.22060      25.00009
       9.23070      25.00009
       9.24090      25.00009
       9.25110      25.00009
       9.26120      25.00009
       9.27140      25.00009
       9.28160      25.00009
       9.29170      25.00009
       9.30190      25.00009
       9.31200      25.00009
       9.32220      25.00009
       9.33240      25.00009
       9.34250      25.00009
       9.35270      25.00009
       9.36290      25.00009
       9.37300      25.00009
       9.38320      25.00009
       9.39340      25.00009
       9.40350      25.00009
       9.41370      25.00009
       9.42390      25.00009
       9.43400      25.00009
       9.44420      25.00010
       9.45440      25.00010
       9.46450      25.00010
       9.47470      25.00010
       9.48480      25.00010
       9.49500      25.00010
       9.50520      25.00010
       9.51530      25.00010
       9.52550      25.00010
       9.53570      25.00010
       9.54580      25.00010
       9.55600      25.00010
       9.56620      25.00010
       9.57630      25.00010
       9.58650      25.00010
       9.59670      25.00010
       9.60680      25.00010
       9.61700      25.00010
       9.62710      25.00010
       9.63730      25.00010
       9.64750      25.00010
       9.65760      25.00010
       9.66780      25.00010
       9.67800      25.00010
       9.68810      25.00010
       9.69830      25.00010
       9.70850      25.00010
       9.71860      25.00010
       9.72880      25.00011
       9.73900      25.00011
       9.74910      25.00011
       9.75930      25.00011
       9.76940      25.00011
       9.77960      25.00011
       9.78980      25.00011
       9.79990      25.00011
       9.81010      25.00011
       9.82030      25.00011
       9.83040      25.00011
       9.84060      25.00011
       9.85080      25.00011
       9.86090      25.00011
       9.87110      25.00011
       9.88130      25.00012
       9.89140      25.00012
       9.90160      25.00012
       9.91180      25.00012
       9.92190      25.00012
       9.93210      25.00012
       9.94220      25.00012
       9.95240      25.00012
       9.96260      25.00012
       9.97270      25.00012
       9.98290      25.00012
       9.99310      25.00013
      10.00320      25.00013
      10.01340      25.00013
      10.02360      25.00013
      10.03370      25.00013
      10.04390      25.00013
      10.05410      25.00013
      10.06420      25.00013
      10.07440      25.00014
      10.08450      25.00014
      10.09470      25.00014
      10.10490      25.00014
      10.11500      25.00014
      10.12520      25.00014
      10.13540      25.00014
      10.14550      25.00015
      10.15570      25.00015
      10.16590      25.00015
      10.17600      25.00015
      10.18620      25.00015
      10.19640      25.00015
      10.20650      25.00016
      10.21670      25.00016
      10.22690      25.00016
      10.23700      25.00016
      10.24720      25.00017
      10.25730      25.00017
      10.26750      25.00017
      10.27770      25.00017
      10.28780      25.00018
      10.29800      25.00018
      10.30820      25.00018
      10.31830      25.00018
      10.32850      25.00019
      10.33870      25.00019
      10.34880      25.00019
      10.35900      25.00020
      10.36920      25.00020
      10.37930      25.00020
      10.38950      25.00021
      10.39960      25.00021
      10.40980      25.00021
      10.42000      25.00022
      10.43010      25.00022
      10.44030      25.00023
      10.45050      25.00023
      10.46060      25.00023
      10.47080      25.00024
      10.48100      25.00024
      10.49110      25.00025
      10.50130      25.00025
      10.51150      25.00026
      10.52160      25.00026
      10.53180      25.00027
      10.54200      25.00027
      10.55210      25.00028
      10.56230      25.00029
      10.57240      25.00029
      10.58260      25.00030
      10.59280      25.00031
      10.60290      25.00031
      10.61310      25.00032
      10.62330      25.00033
      10.63340      25.00034
      10.64360      25.00035
      10.65380      25.00035
      10.66390      25.00036
      10.67410      25.00037
      10.68430      25.00038
      10.69440      25.00039
      10.70460      25.00040
      10.71470      25.00041
      10.72490      25.00042
      10.73510      25.00043
      10.74520      25.00044
      10.75540      25.00045
      10.76560      25.00046
      10.77570      25.00047
      10.78590      25.00049
      10.79610      25.00050
      10.80620      25.00051
      10.81640      25.00053
      10.82660      25.00054
      10.83670      25.00056
      10.84690      25.00057
      10.85710      25.00059
      10.86720      25.00060
      10.87740      25.00062
      10.88750      25.00064
      10.89770      25.00066
      10.90790      25.00068
      10.91800      25.00069
      10.92820      25.00071
      10.93840      25.00073
      10.94850      25.00076
      10.95870      25.00078
      10.96890      25.00080
      10.97900      25.00082
      10.98920      25.00085
      10.99940      25.00087
      11.00950      25.00090
      11.01970      25.00092
      11.02980      25.00095
      11.04000      25.00098
      11.05020      25.00101
      11.06030      25.00104
      11.07050      25.00107
      11.08070      25.00110
      11.09080      25.00113
      11.10100      25.00117
      11.11120      25.00120
      11.12130      25.00124
      11.13150      25.00127
      11.14170      25.00131
      11.15180      25.00135
      11.16200      25.00139
      11.17220      25.00143
      11.18230      25.00147
      11.19250      25.00152
      11.20260      25.00157
      11.21280      25.00161
      11.22300      25.00166
      11.23310      25.00171
      11.24330      25.00176
      11.25350      25.00182
      11.26360      25.00187
      11.27380      25.00193
      11.28400      25.00199
      11.29410      25.00205
      11.30430      25.00211
      11.31450      25.00217
      11.32460      25.00224
      11.33480      25.00231
      11.34490      25.00238
      11.35510      25.00245
      11.36530      25.00253
      11.37540      25.00260
      11.38560      25.00268
      11.39580      25.00276
      11.40590      25.00285
      11.41610      25.00293
      11.42630      25.00302
      11.43640      25.00311
      11.44660      25.00321
      11.45680      25.00331
      11.46690      25.00340
      11.47710      25.00351
      11.48730      25.00362
      11.49740      25.00373
      11.50760      25.00384
      11.51770      25.00395
      11.52790      25.00407
      11.53810      25.00420
      11.54820      25.00432
      11.55840      25.00445
      11.56860      25.00459
      11.57870      25.00472
      11.58890      25.00487
      11.59910      25.00501
      11.60920      25.00516
      11.61940      25.00532
      11.62960      25.00548
      11.63970      25.00564
      11.64990      25.00581
      11.66000      25.00598
      11.67020      25.00616
      11.68040      25.00635
      11.69050      25.00653
      11.70070      25.00673
      11.71090      25.00693
      11.72100      25.00713
      11.73120      25.00734
      11.74140      25.00756
      11.75150      25.00778
      11.76170      25.00801
      11.77190      25.00825
      11.78200      25.00849
      11.79220      25.00874
      11.80230      25.00900
      11.81250      25.00926
      11.82270      25.00953
      11.83280      25.00981
      11.84300      25.01010
      11.85320      25.01040
      11.86330      25.01070
      11.87350      25.01101
      11.88370      25.01133
      11.89380      25.01166
      11.90400      25.01199
      11.91420      25.01234
      11.92430      25.01270
      11.93450      25.01306
      11.94470      25.01344
      11.95480      25.01382
      11.96500      25.01422
      11.97510      25.01463
      11.98530      25.01505
      11.99550      25.01548
      12.00560      25.01591
      12.01580      25.01637
      12.02600      25.01684
      12.03610      25.01731
      12.04630      25.01780
      12.05650      25.01831
      12.06660      25.01882
      12.07680      25.01935
      12.08700      25.01990
      12.09710      25.02046
      12.10730      25.02103
      12.11740      25.02162
      12.12760      25.02222
      12.13780      25.02284
      12.14790      25.02348
      12.15810      25.02413
      12.16830      25.02480
      12.17840      25.02549
      12.18860      25.02619
      12.19880      25.02692
      12.20890      25.02766
      12.21910      25.02842
      12.22930      25.02920
      12.23940      25.03000
      12.24960      25.03082
      12.25980      25.03167
      12.26990      25.03252
      12.28010      25.03341
      12.29020      25.03431
      12.30040      25.03525
      12.31060      25.03620
      12.32070      25.03717
      12.33090      25.03818
      12.34110      25.03921
      12.35120      25.04026
      12.36140      25.04134
      12.37160      25.04245
      12.38170      25.04357
      12.39190      25.04474
      12.40210      25.04593
      12.41220      25.04715
      12.42240      25.04840
      12.43250      25.04967
      12.44270      25.05099
      12.45290      25.05233
      12.46300      25.05370
      12.47320      25.05511
      12.48340      25.05656
      12.49350      25.05803
      12.50370      25.05955
      12.51390      25.06111
      12.52400      25.06268
      12.53420      25.06432
      12.54440      25.06598
      12.55450      25.06768
      12.56470      25.06943
      12.57490      25.07122
      12.58500      25.07304
      12.59520      25.07491
      12.60530      25.07682
      12.61550      25.07878
      12.62570      25.08080
      12.63580      25.08284
      12.64600      25.08494
      12.65620      25.08710
      12.66630      25.08929
      12.67650      25.09154
      12.68670      25.09385
      12.69680      25.09619
      12.70700      25.09861
      12.71720      25.10108
      12.72730      25.10359
      12.73750      25.10617
      12.74760      25.10879
      12.75780      25.11150
      12.76800      25.11427
      12.77810      25.11707
      12.78830      25.11996
      12.79850      25.12292
      12.80860      25.12591
      12.81880      25.12900
      12.82900      25.13216
      12.83910      25.13536
      12.84930      25.13866
      12.85950      25.14203
      12.86960      25.14545
      12.87980      25.14897
      12.89000      25.15257
      12.90010      25.15622
      12.91030      25.15998
      12.92040      25.16378
      12.93060      25.16771
      12.94080      25.17171
      12.95090      25.17577
      12.96110      25.17995
      12.97130      25.18423
      12.98140      25.18855
      12.99160      25.19301
      13.00180      25.19756
      13.01190      25.20217
      13.02210      25.20691
      13.03230      25.21176
      13.04240      25.21666
      13.05260      25.22171
      13.06270      25.22682
      13.07290      25.23209
      13.08310      25.23746
      13.09320      25.24290
      13.10340      25.24850
      13.11360      25.25421
      13.12370      25.25999
      13.13390      25.26594
      13.14410      25.27202
      13.15420      25.27815
      13.16440      25.28448
      13.17460      25.29093
      13.18470      25.29745
      13.19490      25.30416
      13.20510      25.31101
      13.21520      25.31793
      13.22540      25.32506
      13.23550      25.33225
      13.24570      25.33967
      13.25590      25.34723
      13.26600      25.35486
      13.27620      25.36271
      13.28640      25.37073
      13.29650      25.37882
      13.30670      25.38715
      13.31690      25.39564
      13.32700      25.40421
      13.33720      25.41303
      13.34740      25.42202
      13.35750      25.43110
      13.36770      25.44044
      13.37780      25.44986
      13.38800      25.45956
      13.39820      25.46944
      13.40830      25.47941
      13.41850      25.48967
      13.42870      25.50012
      13.43880      25.51066
      13.44900      25.52151
      13.45920      25.53255
      13.46930      25.54369
      13.47950      25.55515
      13.48970      25.56682
      13.49980      25.57859
      13.51000      25.59069
      13.52010      25.60289
      13.53030      25.61544
      13.54050      25.62821
      13.55060      25.64108
      13.56080      25.65432
      13.57100      25.66779
      13.58110      25.68138
      13.59130      25.69533
      13.60150      25.70954
      13.61160      25.72386
      13.62180      25.73857
      13.63200      25.75354
      13.64210      25.76862
      13.65230      25.78412
      13.66250      25.79989
      13.67260      25.81577
      13.68280      25.83209
      13.69290      25.84853
      13.70310      25.86541
      13.71330      25.88258
      13.72340      25.89988
      13.73360      25.91763
      13.74380      25.93570
      13.75390      25.95388
      13.76410      25.97255
      13.77430      25.99153
      13.78440      26.01065
      13.79460      26.03027
      13.80480      26.05021
      13.81490      26.07029
      13.82510      26.09089
      13.83520      26.11163
      13.84540      26.13291
      13.85560      26.15454
      13.86570      26.17630
      13.87590      26.19864
      13.88610      26.22133
      13.89620      26.24416
      13.90640      26.26757
      13.91660      26.29137
      13.92670      26.31530
      13.93690      26.33985
      13.94710      26.36478
      13.95720      26.38985
      13.96740      26.41557
      13.97760      26.44168
      13.98770      26.46794
      13.99790      26.49487
      14.00800      26.52193
      14.01820      26.54969
      14.02840      26.57786
      14.03850      26.60618
      14.04870      26.63521
      14.05890      26.66467
      14.06900      26.69429
      14.07920      26.72464
      14.08940      26.75544
      14.09950      26.78639
      14.10970      26.81810
      14.11990      26.85028
      14.13000      26.88260
      14.14020      26.91572
      14.15030      26.94899
      14.16050      26.98306
      14.17070      27.01763
      14.18080      27.05235
      14.19100      27.08790
      14.20120      27.12395
      14.21130      27.16016
      14.22150      27.19724
      14.23170      27.23483
      14.24180      27.27257
      14.25200      27.31121
      14.26220      27.35038
      14.27230      27.38970
      14.28250      27.42995
      14.29270      27.47074
      14.30280      27.51168
      14.31300      27.55358
      14.32310      27.59562
      14.33330      27.63864
      14.34350      27.68223
      14.35360      27.72596
      14.36380      27.77071
      14.37400      27.81603
      14.38410      27.86150
      14.39430      27.90801
      14.40450      27.95512
      14.41460      28.00236
      14.42480      28.05068
      14.43500      28.09961
      14.44510      28.14866
      14.45530      28.19883
      14.46540      28.24912
      14.47560      28.30054
      14.48580      28.35259
      14.49590      28.40477
      14.50610      28.45810
      14.51630      28.51209
      14.52640      28.56619
      14.53660      28.62148
      14.54680      28.67743
      14.55690      28.73350
      14.56710      28.79078
      14.57730      28.84875
      14.58740      28.90681
      14.59760      28.96613
      14.60780      29.02613
      14.61790      29.08623
      14.62810      29.14762
      14.63820      29.20910
      14.64840      29.27188
      14.65860      29.33537
      14.66870      29.39894
      14.67890      29.46385
      14.68910      29.52948
      14.69920      29.59517
      14.70940      29.66224
      14.71960      29.73004
      14.72970      29.79790
      14.73990      29.86715
      14.75010      29.93715
      14.76020      30.00719
      14.77040      30.07867
      14.78050      30.15018
      14.79070      30.22315
      14.80090      30.29688
      14.81100      30.37062
      14.82120      30.44585
      14.83140      30.52184
      14.84150      30.59785
      14.85170      30.67536
      14.86190      30.75365
      14.87200      30.83192
      14.88220      30.91175
      14.89240      30.99235
      14.90250      31.07293
      14.91270      31.15507
      14.92290      31.23801
      14.93300      31.32089
      14.94320      31.40539
      14.95330      31.48983
      14.96350      31.57588
      14.97370      31.66273
      14.98380      31.74950
      14.99400      31.83793
      15.00420      31.92714
      15.01430      32.01626
      15.02450      32.10704
      15.03470      32.19864
      15.04480      32.29010
      15.05500      32.38327
      15.06520      32.47723
      15.07530      32.57106
      15.08550      32.66661
      15.09560      32.76200
      15.10580      32.85913
      15.11600      32.95706
      15.12610      33.05480
      15.13630      33.15431
      15.14650      33.25460
      15.15660      33.35470
      15.16680      33.45657
      15.17700      33.55923
      15.18710      33.66167
      15.19730      33.76590
      15.20750      33.87091
      15.21760      33.97567
      15.22780      34.08224
      15.23800      34.18959
      15.24810      34.29666
      15.25830      34.40555
      15.26840      34.51415
      15.27860      34.62458
      15.28880      34.73578
      15.29890      34.84663
      15.30910      34.95936
      15.31930      35.07283
      15.32940      35.18594
      15.33960      35.30090
      15.34980      35.41663
      15.35990      35.53195
      15.37010      35.64914
      15.38030      35.76706
      15.39040      35.88456
      15.40060      36.00395
      15.41070      36.12286
      15.42090      36.24368
      15.43110      36.36519
      15.44120      36.48622
      15.45140      36.60913
      15.46160      36.73276
      15.47170      36.85583
      15.48190      36.98082
      15.49210      37.10648
      15.50220      37.23157
      15.51240      37.35855
      15.52260      37.48621
      15.53270      37.61324
      15.54290      37.74218
      15.55300      37.87049
      15.56320      38.00068
      15.57340      38.13150
      15.58350      38.26165
      15.59370      38.39369
      15.60390      38.52633
      15.61400      38.65825
      15.62420      38.79205
      15.63440      38.92644
      15.64450      39.06005
      15.65470      39.19556
      15.66490      39.33160
      15.67500      39.46685
      15.68520      39.60396
      15.69540      39.74160
      15.70550      39.87837
      15.71570      40.01702
      15.72580      40.15477
      15.73600      40.29438
      15.74620      40.43445
      15.75630      40.57361
      15.76650      40.71459
      15.77670      40.85600
      15.78680      40.99646
      15.79700      41.13870
      15.80720      41.28137
      15.81730      41.42301
      15.82750      41.56644
      15.83770      41.71023
      15.84780      41.85298
      15.85800      41.99747
      15.86810      42.14088
      15.87830      42.28602
      15.88850      42.43148
      15.89860      42.57579
      15.90880      42.72182
      15.91900      42.86811
      15.92910      43.01323
      15.93930      43.16001
      15.94950      43.30704
      15.95960      43.45283
      15.96980      43.60025
      15.98000      43.74787
      15.99010      43.89421
      16.00030      44.04216
      16.01050      44.19025
      16.02060      44.33701
      16.03080      44.48536
      16.04090      44.63232
      16.05110      44.78085
      16.06130      44.92945
      16.07140      45.07662
      16.08160      45.22532
      16.09180      45.37403
      16.10190      45.52127
      16.11210      45.66999
      16.12230      45.81865
      16.13240      45.96586
      16.14260      46.11443
      16.15280      46.26295
      16.16290      46.40995
      16.17310      46.55826
      16.18320      46.70504
      16.19340      46.85309
      16.20360      47.00102
      16.21370      47.14732
      16.22390      47.29489
      16.23410      47.44226
      16.24420      47.58796
      16.25440      47.73487
      16.26460      47.88153
      16.27470      48.02647
      16.28490      48.17258
      16.29510      48.31835
      16.30520      48.46241
      16.31540      48.60752
      16.32560      48.75231
      16.33570      48.89528
      16.34590      49.03930
      16.35600      49.18151
      16.36620      49.32466
      16.37640      49.46740
      16.38650      49.60826
      16.39670      49.75005
      16.40690      49.89135
      16.41700      50.03074
      16.42720      50.17099
      16.43740      50.31068
      16.44750      50.44843
      16.45770      50.58698
      16.46790      50.72489
      16.47800      50.86087
      16.48820      50.99752
      16.49830      51.13223
      16.50850      51.26754
      16.51870      51.40220
      16.52880      51.53482
      16.53900      51.66803
      16.54920      51.80050
      16.55930      51.93090
      16.56950      52.06183
      16.57970      52.19196
      16.58980      52.31999
      16.60000      52.44847
      16.61020      52.57610
      16.62030      52.70160
      16.63050      52.82747
      16.64070      52.95242
      16.65080      53.07526
      16.66100      53.19835
      16.67110      53.31932
      16.68130      53.44049
      16.69150      53.56069
      16.70160      53.67870
      16.71180      53.79688
      16.72200      53.91401
      16.73210      54.02894
      16.74230      54.14396
      16.75250      54.25788
      16.76260      54.36957
      16.77280      54.48127
      16.78300      54.59183
      16.79310      54.70016
      16.80330      54.80840
      16.81340      54.91440
      16.82360      55.02027
      16.83380      55.12489
      16.84390      55.22731
      16.85410      55.32947
      16.86430      55.43038
      16.87440      55.52904
      16.88460      55.62739
      16.89480      55.72444
      16.90490      55.81922
      16.91510      55.91362
      16.92530      56.00667
      16.93540      56.09746
      16.94560      56.18778
      16.95580      56.27670
      16.96590      56.36338
      16.97610      56.44950
      16.98620      56.53336
      16.99640      56.61662
      17.00660      56.69841
      17.01670      56.77797
      17.02690      56.85683
      17.03710      56.93421
      17.04720      57.00934
      17.05740      57.08371
      17.06760      57.15656
      17.07770      57.22716
      17.08790      57.29694
      17.09810      57.36515
      17.10820      57.43113
      17.11840      57.49621
      17.12850      57.55907
      17.13870      57.62097
      17.14890      57.68125
      17.15900      57.73936
      17.16920      57.79641
      17.17940      57.85182
      17.18950      57.90508
      17.19970      57.95720
      17.20990      58.00767
      17.22000      58.05600
      17.23020      58.10314
      17.24040      58.14859
      17.25050      58.19193
      17.26070      58.23400
      17.27090      58.27438
      17.28100      58.31266
      17.29120      58.34962
      17.30130      58.38451
      17.31150      58.41803
      17.32170      58.44981
      17.33180      58.47958
      17.34200      58.50789
      17.35220      58.53446
      17.36230      58.55904
      17.37250      58.58211
      17.38270      58.60342
      17.39280      58.62279
      17.40300      58.64059
      17.41320      58.65662
      17.42330      58.67074
      17.43350      58.68324
      17.44360      58.69387
      17.45380      58.70283
      17.46400      58.71001
      17.47410      58.71537
      17.48430      58.71900
      17.49450      58.72085
      17.50460      58.72093
      17.51480      58.71923
      17.52500      58.71576
      17.53510      58.71056
      17.54530      58.70353
      17.55550      58.69473
      17.56560      58.68426
      17.57580      58.67192
      17.58590      58.65795
      17.59610      58.64207
      17.60630      58.62443
      17.61640      58.60522
      17.62660      58.58406
      17.63680      58.56115
      17.64690      58.53672
      17.65710      58.51031
      17.66730      58.48215
      17.67740      58.45254
      17.68760      58.42091
      17.69780      58.38755
      17.70790      58.35280
      17.71810      58.31600
      17.72830      58.27747
      17.73840      58.23764
      17.74860      58.19571
      17.75870      58.15253
      17.76890      58.10722
      17.77910      58.06023
      17.78920      58.01205
      17.79940      57.96173
      17.80960      57.90974
      17.81970      57.85664
      17.82990      57.80136
      17.84010      57.74446
      17.85020      57.68650
      17.86040      57.62637
      17.87060      57.56461
      17.88070      57.50188
      17.89090      57.43695
      17.90100      57.37110
      17.91120      57.30303
      17.92140      57.23339
      17.93150      57.16292
      17.94170      57.09021
      17.95190      57.01598
      17.96200      56.94098
      17.97220      56.86373
      17.98240      56.78499
      17.99250      56.70557
      18.00270      56.62389
      18.01290      56.54078
      18.02300      56.45703
      18.03320      56.37104
      18.04340      56.28363
      18.05350      56.19570
      18.06370      56.10550
      18.07380      56.01483
      18.08400      55.92190
      18.09420      55.82761
      18.10430      55.73295
      18.11450      55.63602
      18.12470      55.53778
      18.13480      55.43924
      18.14500      55.33844
      18.15520      55.23639
      18.16530      55.13409
      18.17550      55.02954
      18.18570      54.92381
      18.19580      54.81789
      18.20600      54.70977
      18.21610      54.60153
      18.22630      54.49109
      18.23650      54.37949
      18.24660      54.26789
      18.25680      54.15407
      18.26700      54.03915
      18.27710      53.92432
      18.28730      53.80727
      18.29750      53.68919
      18.30760      53.57126
      18.31780      53.45115
      18.32800      53.33007
      18.33810      53.20918
      18.34830      53.08615
      18.35850      52.96220
      18.36860      52.83853
      18.37880      52.71276
      18.38890      52.58731
      18.39910      52.45979
      18.40930      52.33138
      18.41940      52.20342
      18.42960      52.07337
      18.43980      51.94251
      18.44990      51.81218
      18.46010      51.67977
      18.47030      51.54662
      18.48040      51.41407
      18.49060      51.27948
      18.50080      51.14421
      18.51090      51.00957
      18.52110      50.87297
      18.53120      50.73705
      18.54140      50.59917
      18.55160      50.46070
      18.56170      50.32298
      18.57190      50.18335
      18.58210      50.04315
      18.59220      49.90381
      18.60240      49.76256
      18.61260      49.62081
      18.62270      49.47999
      18.63290      49.33730
      18.64310      49.19415
      18.65320      49.05201
      18.66340      48.90803
      18.67360      48.76368
      18.68370      48.62034
      18.69390      48.47526
      18.70400      48.33122
      18.71420      48.18548
      18.72440      48.03940
      18.73450      47.89445
      18.74470      47.74784
      18.75490      47.60095
      18.76500      47.45528
      18.77520      47.30793
      18.78540      47.16037
      18.79550      47.01409
      18.80570      46.86617
      18.81590      46.71810
      18.82600      46.57137
      18.83620      46.42304
      18.84630      46.27608
      18.85650      46.12756
      18.86670      45.97900
      18.87680      45.83179
      18.88700      45.68313
      18.89720      45.53442
      18.90730      45.38714
      18.91750      45.23845
      18.92770      45.08976
      18.93780      44.94258
      18.94800      44.79398
      18.95820      44.64545
      18.96830      44.49847
      18.97850      44.35012
      18.98870      44.20188
      18.99880      44.05524
      19.00900      43.90727
      19.01910      43.76092
      19.02930      43.61328
      19.03950      43.46585
      19.04960      43.32003
      19.05980      43.17301
      19.07000      43.02619
      19.08010      42.88107
      19.09030      42.73474
      19.10050      42.58868
      19.11060      42.44435
      19.12080      42.29886
      19.13100      42.15368
      19.14110      42.01025
      19.15130      41.86572
      19.16140      41.72296
      19.17160      41.57912
      19.18180      41.43566
      19.19190      41.29398
      19.20210      41.15128
      19.21230      41.00901
      19.22240      40.86851
      19.23260      40.72707
      19.24280      40.58605
      19.25290      40.44687
      19.26310      40.30674
      19.27330      40.16709
      19.28340      40.02930
      19.29360      39.89061
      19.30380      39.75242
      19.31390      39.61610
      19.32410      39.47894
      19.33420      39.34365
      19.34440      39.20755
      19.35460      39.07199
      19.36470      38.93834
      19.37490      38.80389
      19.38510      38.67006
      19.39520      38.53807
      19.40540      38.40539
      19.41560      38.27329
      19.42570      38.14310
      19.43590      38.01222
      19.44610      37.88196
      19.45620      37.75361
      19.46640      37.62461
      19.47650      37.49752
      19.48670      37.36981
      19.49690      37.24276
      19.50700      37.11761
      19.51720      36.99189
      19.52740      36.86686
      19.53750      36.74371
      19.54770      36.62002
      19.55790      36.49706
      19.56800      36.37595
      19.57820      36.25439
      19.58840      36.13351
      19.59850      36.01453
      19.60870      35.89508
      19.61880      35.77753
      19.62900      35.65953
      19.63920      35.54227
      19.64930      35.42690
      19.65950      35.31110
      19.66970      35.19606
      19.67980      35.08289
      19.69000      34.96935
      19.70020      34.85658
      19.71030      34.74564
      19.72050      34.63437
      19.73070      34.52388
      19.74080      34.41521
      19.75100      34.30626
      19.76120      34.19806
      19.77130      34.09170
      19.78150      33.98505
      19.79160      33.88023
      19.80180      33.77515
      19.81200      33.67084
      19.82210      33.56834
      19.83230      33.46561
      19.84250      33.36366
      19.85260      33.26350
      19.86280      33.16313
      19.87300      33.06357
      19.88310      32.96574
      19.89330      32.86776
      19.90350      32.77055
      19.91360      32.67508
      19.92380      32.57948
      19.93390      32.48557
      19.94410      32.39155
      19.95430      32.29831
      19.96440      32.20677
      19.97460      32.11511
      19.98480      32.02424
      19.99490      31.93506
      20.00510      31.84577
      20.01530      31.75728
      20.02540      31.67044
      20.03560      31.58352
      20.04580      31.49740
      20.05590      31.41289
      20.06610      31.32834
      20.07630      31.24456
      20.08640      31.16238
      20.09660      31.08015
      20.10670      30.99950
      20.11690      30.91884
      20.12710      30.83895
      20.13720      30.76060
      20.14740      30.68225
      20.15760      30.60466
      20.16770      30.52859
      20.17790      30.45253
      20.18810      30.37723
      20.19820      30.30342
      20.20840      30.22963
      20.21860      30.15660
      20.22870      30.08502
      20.23890      30.01348
      20.24900      29.94337
      20.25920      29.87331
      20.26940      29.80399
      20.27950      29.73607
      20.28970      29.66821
      20.29990      29.60107
      20.31000      29.53531
      20.32020      29.46962
      20.33040      29.40464
      20.34050      29.34101
      20.35070      29.27746
      20.36090      29.21461
      20.37100      29.15308
      20.38120      29.09163
      20.39140      29.03088
      20.40150      28.97140
      20.41170      28.91203
      20.42180      28.85390
      20.43200      28.79588
      20.44220      28.73853
      20.45230      28.68242
      20.46250      28.62640
      20.47270      28.57105
      20.48280      28.51689
      20.49300      28.46285
      20.50320      28.40945
      20.51330      28.35723
      20.52350      28.30511
      20.53370      28.25363
      20.54380      28.20329
      20.55400      28.15307
      20.56410      28.10396
      20.57430      28.05497
      20.58450      28.00661
      20.59460      27.95931
      20.60480      27.91215
      20.61500      27.86559
      20.62510      27.82007
      20.63530      27.77469
      20.64550      27.72989
      20.65560      27.68611
      20.66580      27.64247
      20.67600      27.59939
      20.68610      27.55731
      20.69630      27.51536
      20.70650      27.47397
      20.71660      27.43353
      20.72680      27.39323
      20.73690      27.35387
      20.74710      27.31465
      20.75730      27.27597
      20.76740      27.23817
      20.77760      27.20054
      20.78780      27.16342
      20.79790      27.12717
      20.80810      27.09106
      20.81830      27.05546
      20.82840      27.02071
      20.83860      26.98610
      20.84880      26.95197
      20.85890      26.91867
      20.86910      26.88551
      20.87920      26.85314
      20.88940      26.82092
      20.89960      26.78917
      20.90970      26.75818
      20.91990      26.72734
      20.93010      26.69695
      20.94020      26.66730
      20.95040      26.63780
      20.96060      26.60873
      20.97070      26.58037
      20.98090      26.55216
      20.99110      26.52437
      21.00120      26.49727
      21.01140      26.47030
      21.02160      26.44375
      21.03170      26.41786
      21.04190      26.39211
      21.05200      26.36700
      21.06220      26.34203
      21.07240      26.31746
      21.08250      26.29349
      21.09270      26.26966
      21.10290      26.24621
      21.11300      26.22335
      21.12320      26.20063
      21.13340      26.17826
      21.14350      26.15647
      21.15370      26.13481
      21.16390      26.11349
      21.17400      26.09273
      21.18420      26.07209
      21.19430      26.05199
      21.20450      26.03201
      21.21470      26.01237
      21.22480      25.99323
      21.23500      25.97421
      21.24520      25.95552
      21.25530      25.93730
      21.26550      25.91922
      21.27570      25.90143
      21.28580      25.88411
      21.29600      25.86692
      21.30620      25.85001
      21.31630      25.83355
      21.32650      25.81721
      21.33660      25.80130
      21.34680      25.78551
      21.35700      25.76998
      21.36710      25.75488
      21.37730      25.73988
      21.38750      25.72514
      21.39760      25.71081
      21.40780      25.69658
      21.41800      25.68260
      21.42810      25.66899
      21.43830      25.65550
      21.44850      25.64224
      21.45860      25.62935
      21.46880      25.61656
      21.47900      25.60399
      21.48910      25.59177
      21.49930      25.57965
      21.50940      25.56787
      21.51960      25.55618
      21.52980      25.54470
      21.53990      25.53354
      21.55010      25.52247
      21.56030      25.51161
      21.57040      25.50105
      21.58060      25.49058
      21.59080      25.48031
      21.60090      25.47032
      21.61110      25.46043
      21.62130      25.45071
      21.63140      25.44127
      21.64160      25.43192
      21.65170      25.42283
      21.66190      25.41382
      21.67210      25.40498
      21.68220      25.39640
      21.69240      25.38789
      21.70260      25.37955
      21.71270      25.37144
      21.72290      25.36342
      21.73310      25.35554
      21.74320      25.34790
      21.75340      25.34033
      21.76360      25.33290
      21.77370      25.32569
      21.78390      25.31856
      21.79410      25.31156
      21.80420      25.30476
      21.81440      25.29804
      21.82450      25.29151
      21.83470      25.28504
      21.84490      25.27871
      21.85500      25.27256
      21.86520      25.26647
      21.87540      25.26051
      21.88550      25.25472
      21.89570      25.24900
      21.90590      25.24339
      21.91600      25.23794
      21.92620      25.23256
      21.93640      25.22728
      21.94650      25.22217
      21.95670      25.21710
      21.96680      25.21219
      21.97700      25.20734
      21.98720      25.20258
      21.99730      25.19797
      22.00750      25.19341
      22.01770      25.18894
      22.02780      25.18461
      22.03800      25.18033
      22.04820      25.17614
      22.05830      25.17207
      22.06850      25.16806
      22.07870      25.16412
      22.08880      25.16031
      22.09900      25.15655
      22.10920      25.15286
      22.11930      25.14929
      22.12950      25.14576
      22.13960      25.14233
      22.14980      25.13895
      22.16000      25.13565
      22.17010      25.13244
      22.18030      25.12928
      22.19050      25.12618
      22.20060      25.12318
      22.21080      25.12022
      22.22100      25.11732
      22.23110      25.11451
      22.24130      25.11174
      22.25150      25.10903
      22.26160      25.10641
      22.27180      25.10382
      22.28190      25.10131
      22.29210      25.09883
      22.30230      25.09641
      22.31240      25.09406
      22.32260      25.09175
      22.33280      25.08948
      22.34290      25.08729
      22.35310      25.08513
      22.36330      25.08302
      22.37340      25.08098
      22.38360      25.07896
      22.39380      25.07699
      22.40390      25.07508
      22.41410      25.07320
      22.42430      25.07136
      22.43440      25.06959
      22.44460      25.06783
      22.45470      25.06613
      22.46490      25.06446
      22.47510      25.06283
      22.48520      25.06124
      22.49540      25.05969
      22.50560      25.05816
      22.51570      25.05669
      22.52590      25.05524
      22.53610      25.05382
      22.54620      25.05245
      22.55640      25.05110
      22.56660      25.04979
      22.57670      25.04851
      22.58690      25.04725
      22.59700      25.04604
      22.60720      25.04484
      22.61740      25.04368
      22.62750      25.04255
      22.63770      25.04144
      22.64790      25.04035
      22.65800      25.03930
      22.66820      25.03827
      22.67840      25.03726
      22.68850      25.03629
      22.69870      25.03533
      22.70890      25.03439
      22.71900      25.03349
      22.72920      25.03260
      22.73940      25.03173
      22.74950      25.03089
      22.75970      25.03007
      22.76980      25.02927
      22.78000      25.02849
      22.79020      25.02772
      22.80030      25.02698
      22.81050      25.02626
      22.82070      25.02555
      22.83080      25.02486
      22.84100      25.02419
      22.85120      25.02353
      22.86130      25.02290
      22.87150      25.02228
      22.88170      25.02167
      22.89180      25.02108
      22.90200      25.02051
      22.91210      25.01995
      22.92230      25.01940
      22.93250      25.01887
      22.94260      25.01835
      22.95280      25.01785
      22.96300      25.01735
      22.97310      25.01688
      22.98330      25.01641
      22.99350      25.01595
      23.00360      25.01552
      23.01380      25.01508
      23.02400      25.01466
      23.03410      25.01426
      23.04430      25.01386
      23.05450      25.01347
      23.06460      25.01310
      23.07480      25.01273
      23.08490      25.01237
      23.09510      25.01202
      23.10530      25.01168
      23.11540      25.01136
      23.12560      25.01104
      23.13580      25.01072
      23.14590      25.01042
      23.15610      25.01013
      23.16630      25.00984
      23.17640      25.00956
      23.18660      25.00929
      23.19680      25.00902
      23.20690      25.00877
      23.21710      25.00851
      23.22720      25.00827
      23.23740      25.00804
      23.24760      25.00780
      23.25770      25.00758
      23.26790      25.00736
      23.27810      25.00715
      23.28820      25.00695
      23.29840      25.00674
      23.30860      25.00655
      23.31870      25.00636
      23.32890      25.00618
      23.33910      25.00600
      23.34920      25.00583
      23.35940      25.00566
      23.36950      25.00549
      23.37970      25.00533
      23.38990      25.00518
      23.40000      25.00503
      23.41020      25.00488
      23.42040      25.00474
      23.43050      25.00460
      23.44070      25.00446
      23.45090      25.00433
      23.46100      25.00421
      23.47120      25.00408
      23.48140      25.00396
      23.49150      25.00385
      23.50170      25.00373
      23.51190      25.00362
      23.52200      25.00352
      23.53220      25.00341
      23.54230      25.00331
      23.55250      25.00322
      23.56270      25.00312
      23.57280      25.00303
      23.58300      25.00294
      23.59320      25.00285
      23.60330      25.00277
      23.61350      25.00269
      23.62370      25.00261
      23.63380      25.00253
      23.64400      25.00246
      23.65420      25.00238
      23.66430      25.00232
      23.67450      25.00225
      23.68460      25.00218
      23.69480      25.00212
      23.70500      25.00205
      23.71510      25.00199
      23.72530      25.00193
      23.73550      25.00188
      23.74560      25.00182
      23.75580      25.00177
      23.76600      25.00172
      23.77610      25.00167
      23.78630      25.00162
      23.79650      25.00157
      23.80660      25.00152
      23.81680      25.00148
      23.82700      25.00144
      23.83710      25.00139
      23.84730      25.00135
      23.85740      25.00131
      23.86760      25.00128
      23.87780      25.00124
      23.88790      25.00120
      23.89810      25.00117
      23.90830      25.00113
      23.91840      25.00110
      23.92860      25.00107
      23.93880      25.00104
      23.94890      25.00101
      23.95910      25.00098
      23.96930      25.00095
      23.97940      25.00093
      23.98960      25.00090
      23.99970      25.00087
      24.00990      25.00085
      24.02010      25.00082
      24.03020      25.00080
      24.04040      25.00078
      24.05060      25.00076
      24.06070      25.00074
      24.07090      25.00072
      24.08110      25.00070
      24.09120      25.00068
      24.10140      25.00066
      24.11160      25.00064
      24.12170      25.00062
      24.13190      25.00061
      24.14210      25.00059
      24.15220      25.00057
      24.16240      25.00056
      24.17250      25.00054
      24.18270      25.00053
      24.19290      25.00051
      24.20300      25.00050
      24.21320      25.00049
      24.22340      25.00048
      24.23350      25.00046
      24.24370      25.00045
      24.25390      25.00044
      24.26400      25.00043
      24.27420      25.00042
      24.28440      25.00041
      24.29450      25.00040
      24.30470      25.00039
      24.31480      25.00038
      24.32500      25.00037
      24.33520      25.00036
      24.34530      25.00035
      24.35550      25.00035
      24.36570      25.00034
      24.37580      25.00033
      24.38600      25.00032
      24.39620      25.00031
      24.40630      25.00031
      24.41650      25.00030
      24.42670      25.00029
      24.43680      25.00029
      24.44700      25.00028
      24.45720      25.00028
      24.46730      25.00027
      24.47750      25.00027
      24.48760      25.00026
      24.49780      25.00025
      24.50800      25.00025
      24.51810      25.00024
      24.52830      25.00024
      24.53850      25.00023
      24.54860      25.00023
      24.55880      25.00023
      24.56900      25.00022
      24.57910      25.00022
      24.58930      25.00021
      24.59950      25.00021
      24.60960      25.00021
      24.61980      25.00020
      24.62990      25.00020
      24.64010      25.00020
      24.65030      25.00019
      24.66040      25.00019
      24.67060      25.00019
      24.68080      25.00018
      24.69090      25.00018
      24.70110      25.00018
      24.71130      25.00018
      24.72140      25.00017
      24.73160      25.00017
      24.74180      25.00017
      24.75190      25.00017
      24.76210      25.00016
      24.77230      25.00016
      24.78240      25.00016
      24.79260      25.00016
      24.80270      25.00015
      24.81290      25.00015
      24.82310      25.00015
      24.83320      25.00015
      24.84340      25.00015
      24.85360      25.00015
      24.86370      25.00014
      24.87390      25.00014
      24.88410      25.00014
      24.89420      25.00014
      24.90440      25.00014
      24.91460      25.00014
      24.92470      25.00014
      24.93490      25.00013
      24.94500      25.00013
      24.95520      25.00013
      24.96540      25.00013
      24.97550      25.00013
      24.98570      25.00013
      24.99590      25.00013
      25.00600      25.00013
      25.01620      25.00013
      25.02640      25.00012
      25.03650      25.00012
      25.04670      25.00012
      25.05690      25.00012
      25.06700      25.00012
      25.07720      25.00012
      25.08740      25.00012
      25.09750      25.00012
      25.10770      25.00012
      25.11780      25.00012
      25.12800      25.00011
      25.13820      25.00011
      25.14830      25.00011
      25.15850      25.00011
      25.16870      25.00011
      25.17880      25.00011
      25.18900      25.00011
      25.19920      25.00011
      25.20930      25.00011
      25.21950      25.00011
      25.22970      25.00011
      25.23980      25.00011
      25.25000      25.00011
      25.26010      25.00011
      25.27030      25.00011
      25.28050      25.00010
      25.29060      25.00010
      25.30080      25.00010
      25.31100      25.00010
      25.32110      25.00010
      25.33130      25.00010
      25.34150      25.00010
      25.35160      25.00010
      25.36180      25.00010
      25.37200      25.00010
      25.38210      25.00010
      25.39230      25.00010
      25.40240      25.00010
      25.41260      25.00010
      25.42280      25.00010
      25.43290      25.00010
      25.44310      25.00010
      25.45330      25.00010
      25.46340      25.00010
      25.47360      25.00010
      25.48380      25.00010
      25.49390      25.00010
      25.50410      25.00010
      25.51430      25.00010
      25.52440      25.00010
      25.53460      25.00010
      25.54480      25.00010
      25.55490      25.00010
      25.56510      25.00009
      25.57520      25.00009
      25.58540      25.00009
      25.59560      25.00009
      25.60570      25.00009
      25.61590      25.00009
      25.62610      25.00009
      25.63620      25.00009
      25.64640      25.00009
      25.65660      25.00009
      25.66670      25.00009
      25.67690      25.00009
      25.68710      25.00009
      25.69720      25.00009
      25.70740      25.00009
      25.71750      25.00009
      25.72770      25.00009
      25.73790      25.00009
      25.74800      25.00009
      25.75820      25.00009
      25.76840      25.00009
      25.77850      25.00009
      25.78870      25.00009
      25.79890      25.00009
      25.80900      25.00009
      25.81920      25.00009
      25.82940      25.00009
      25.83950      25.00009
      25.84970      25.00009
      25.85990      25.00009
      25.87000      25.00009
      25.88020      25.00009
      25.89030      25.00009
      25.90050      25.00009
      25.91070      25.00009
      25.92080      25.00009
      25.93100      25.00009
      25.94120      25.00008
      25.95130      25.00008
      25.96150      25.00008
      25.97170      25.00008
      25.98180      25.00008
      25.99200      25.00008
      26.00220      25.00008
      26.01230      25.00008
      26.02250      25.00008
      26.03260      25.00008
      26.04280      25.00008
      26.05300      25.00008
      26.06310      25.00008
      26.07330      25.00008
      26.08350      25.00008
      26.09360      25.00008
      26.10380      25.00008
      26.11400      25.00008
      26.12410      25.00008
      26.13430      25.00008
      26.14450      25.00008
      26.15460      25.00008
      26.16480      25.00008
      26.17500      25.00008
      26.18510      25.00008
      26.19530      25.00008
      26.20540      25.00008
      26.21560      25.00008
      26.22580      25.00008
      26.23590      25.00008
      26.24610      25.00008
      26.25630      25.00008
      26.26640      25.00008
      26.27660      25.00008
      26.28680      25.00008
      26.29690      25.00008
      26.30710      25.00008
      26.31730      25.00008
      26.32740      25.00008
      26.33760      25.00008
      26.34770      25.00008
      26.35790      25.00008
      26.36810      25.00008
      26.37820      25.00008
      26.38840      25.00008
      26.39860      25.00008
      26.40870      25.00008
      26.41890      25.00008
      26.42910      25.00008
      26.43920      25.00008
      26.44940      25.00007
      26.45960      25.00007
      26.46970      25.00007
      26.47990      25.00007
      26.49010      25.00007
      26.50020      25.00007
      26.51040      25.00007
      26.52050      25.00007
      26.53070      25.00007
      26.54090      25.00007
      26.55100      25.00007
      26.56120      25.00007
      26.57140      25.00007
      26.58150      25.00007
      26.59170      25.00007
      26.60190      25.00007
      26.61200      25.00007
      26.62220      25.00007
      26.63240      25.00007
      26.64250      25.00007
      26.65270      25.00007
      26.66280      25.00007
      26.67300      25.00007
      26.68320      25.00007
      26.69330      25.00007
      26.70350      25.00007
      26.71370      25.00007
      26.72380      25.00007
      26.73400      25.00007
      26.74420      25.00007
      26.75430      25.00007
      26.76450      25.00007
      26.77470      25.00007
      26.78480      25.00007
      26.79500      25.00007
      26.80520      25.00007
      26.81530      25.00007
      26.82550      25.00007
      26.83560      25.00007
      26.84580      25.00007
      26.85600      25.00007
      26.86610      25.00007
      26.87630      25.00007
      26.88650      25.00007
      26.89660      25.00007
      26.90680      25.00007
      26.91700      25.00007
      26.92710      25.00007
      26.93730      25.00007
      26.94750      25.00007
      26.95760      25.00007
      26.96780      25.00007
      26.97790      25.00007
      26.98810      25.00007
      26.99830      25.00007
      27.00840      25.00007
      27.01860      25.00007
      27.02880      25.00007
      27.03890      25.00007
      27.04910      25.00007
      27.05930      25.00007
      27.06940      25.00007
      27.07960      25.00007
      27.08980      25.00007
      27.09990      25.00006
      27.11010      25.00006
      27.12020      25.00006
      27.13040      25.00006
      27.14060      25.00006
      27.15070      25.00006
      27.16090      25.00006
      27.17110      25.00006
      27.18120      25.00006
      27.19140      25.00006
      27.20160      25.00006
      27.21170      25.00006
      27.22190      25.00006
      27.23210      25.00006
      27.24220      25.00006
      27.25240      25.00006
      27.26260      25.00006
      27.27270      25.00006
      27.28290      25.00006
      27.29300      25.00006
      27.30320      25.00006
      27.31340      25.00006
      27.32350      25.00006
      27.33370      25.00006
      27.34390      25.00006
      27.35400      25.00006
      27.36420      25.00006
      27.37440      25.00006
      27.38450      25.00006
      27.39470      25.00006
      27.40490      25.00006
      27.41500      25.00006
      27.42520      25.00006
      27.43530      25.00006
      27.44550      25.00006
      27.45570      25.00006
      27.46580      25.00006
      27.47600      25.00006
      27.48620      25.00006
      27.49630      25.00006
      27.50650      25.00006
      27.51670      25.00006
      27.52680      25.00006
      27.53700      25.00006
      27.54720      25.00006
      27.55730      25.00006
      27.56750      25.00006
      27.57770      25.00006
      27.58780      25.00006
      27.59800      25.00006
      27.60810      25.00006
      27.61830      25.00006
      27.62850      25.00006
      27.63860      25.00006
      27.64880      25.00006
      27.65900      25.00006
      27.66910      25.00006
      27.67930      25.00006
      27.68950      25.00006
      27.69960      25.00006
      27.70980      25.00006
      27.72000      25.00006
      27.73010      25.00006
      27.74030      25.00006
      27.75040      25.00006
      27.76060      25.00006
      27.77080      25.00006
      27.78090      25.00006
      27.79110      25.00006
      27.80130      25.00006
      27.81140      25.00006
      27.82160      25.00006
      27.83180      25.00006
      27.84190      25.00006
      27.85210      25.00006
      27.86230      25.00006
      27.87240      25.00006
      27.88260      25.00006
      27.89280      25.00006
      27.90290      25.00006
      27.91310      25.00006
      27.92320      25.00006
      27.93340      25.00006
      27.94360      25.00006
      27.95370      25.00006
      27.96390      25.00006
      27.97410      25.00006
      27.98420      25.00006
      27.99440      25.00006
      28.00460      25.00006
      28.01470      25.00006
      28.02490      25.00006
      28.03510      25.00006
      28.04520      25.00006
      28.05540      25.00006
      28.06550      25.00006
      28.07570      25.00006
      28.08590      25.00005
      28.09600      25.00005
      28.10620      25.00005
      28.11640      25.00005
      28.12650      25.00005
      28.13670      25.00005
      28.14690      25.00005
      28.15700      25.00005
      28.16720      25.00005
      28.17740      25.00005
      28.18750      25.00005
      28.19770      25.00005
      28.20790      25.00005
      28.21800      25.00005
      28.22820      25.00005
      28.23830      25.00005
      28.24850      25.00005
      28.25870      25.00005
      28.26880      25.00005
      28.27900      25.00005
      28.28920      25.00005
      28.29930      25.00005
      28.30950      25.00005
      28.31970      25.00005
      28.32980      25.00005
      28.34000      25.00005
      28.35020      25.00005
      28.36030      25.00005
      28.37050      25.00005
      28.38060      25.00005
      28.39080      25.00005
      28.40100      25.00005
      28.41110      25.00005
      28.42130      25.00005
      28.43150      25.00005
      28.44160      25.00005
      28.45180      25.00005
      28.46200      25.00005
      28.47210      25.00005
      28.48230      25.00005
      28.49250      25.00005
      28.50260      25.00005
      28.51280      25.00005
      28.52300      25.00005
      28.53310      25.00005
      28.54330      25.00005
      28.55340      25.00005
      28.56360      25.00005
      28.57380      25.00005
      28.58390      25.00005
      28.59410      25.00005
      28.60430      25.00005
      28.61440      25.00005
      28.62460      25.00005
      28.63480      25.00005
      28.64490      25.00005
      28.65510      25.00005
      28.66530      25.00005
      28.67540      25.00005
      28.68560      25.00005
      28.69570      25.00005
      28.70590      25.00005
      28.71610      25.00005
      28.72620      25.00005
      28.73640      25.00005
      28.74660      25.00005
      28.75670      25.00005
      28.76690      25.00005
      28.77710      25.00005
      28.78720      25.00005
      28.79740      25.00005
      28.80760      25.00005
      28.81770      25.00005
      28.82790      25.00005
      28.83810      25.00005
      28.84820      25.00005
      28.85840      25.00005
      28.86850      25.00005
      28.87870      25.00005
      28.88890      25.00005
      28.89900      25.00005
      28.90920      25.00005
      28.91940      25.00005
      28.92950      25.00005
      28.93970      25.00005
      28.94990      25.00005
      28.96000      25.00005
      28.97020      25.00005
      28.98040      25.00005
      28.99050      25.00005
      29.00070      25.00005
      29.01080      25.00005
      29.02100      25.00005
      29.03120      25.00005
      29.04130      25.00005
      29.05150      25.00005
      29.06170      25.00005
      29.07180      25.00005
      29.08200      25.00005
      29.09220      25.00005
      29.10230      25.00005
      29.11250      25.00005
      29.12270      25.00005
      29.13280      25.00005
      29.14300      25.00005
      29.15310      25.00005
      29.16330      25.00005
      29.17350      25.00005
      29.18360      25.00004
      29.19380      25.00004
      29.20400      25.00004
      29.21410      25.00004
      29.22430      25.00004
      29.23450      25.00004
      29.24460      25.00004
      29.25480      25.00004
      29.26500      25.00004
      29.27510      25.00004
      29.28530      25.00004
      29.29550      25.00004
      29.30560      25.00004
      29.31580      25.00004
      29.32590      25.00004
      29.33610      25.00004
      29.34630      25.00004
      29.35640      25.00004
      29.36660      25.00004
      29.37680      25.00004
      29.38690      25.00004
      29.39710      25.00004
      29.40730      25.00004
      29.41740      25.00004
      29.42760      25.00004
      29.43780      25.00004
      29.44790      25.00004
      29.45810      25.00004
      29.46820      25.00004
      29.47840      25.00004
      29.48860      25.00004
      29.49870      25.00004
      29.50890      25.00004
      29.51910      25.00004
      29.52920      25.00004
      29.53940      25.00004
      29.54960      25.00004
      29.55970      25.00004
      29.56990      25.00004
      29.58010      25.00004
      29.59020      25.00004
      29.60040      25.00004
      29.61060      25.00004
      29.62070      25.00004
      29.63090      25.00004
      29.64100      25.00004
      29.65120      25.00004
      29.66140      25.00004
      29.67150      25.00004
      29.68170      25.00004
      29.69190      25.00004
      29.70200      25.00004
      29.71220      25.00004
      29.72240      25.00004
      29.73250      25.00004
      29.74270      25.00004
      29.75290      25.00004
      29.76300      25.00004
      29.77320      25.00004
      29.78330      25.00004
      29.79350      25.00004
      29.80370      25.00004
      29.81380      25.00004
      29.82400      25.00004
      29.83420      25.00004
      29.84430      25.00004
      29.85450      25.00004
      29.86470      25.00004
      29.87480      25.00004
      29.88500      25.00004
      29.89520      25.00004
      29.90530      25.00004
      29.91550      25.00004
      29.92570      25.00004
      29.93580      25.00004
      29.94600      25.00004
      29.95610      25.00004
      29.96630      25.00004
      29.97650      25.00004
      29.98660      25.00004
      29.99680      25.00004
      30.00700      25.00004
      30.01710      25.00004
      30.02730      25.00004
      30.03750      25.00004
      30.04760      25.00004
      30.05780      25.00004
      30.06800      25.00004
      30.07810      25.00004
      30.08830      25.00004
      30.09840      25.00004
      30.10860      25.00004
      30.11880      25.00004
      30.12890      25.00004
      30.13910      25.00004
      30.14930      25.00004
      30.15940      25.00004
      30.16960      25.00004
      30.17980      25.00004
      30.18990      25.00004
      30.20010      25.00004
      30.21030      25.00004
      30.22040      25.00004
      30.23060      25.00004
      30.24080      25.00004
      30.25090      25.00004
      30.26110      25.00004
      30.27120      25.00004
      30.28140      25.00004
      30.29160      25.00004
      30.30170      25.00004
      30.31190      25.00004
      30.32210      25.00004
      30.33220      25.00004
      30.34240      25.00004
      30.35260      25.00004
      30.36270      25.00004
      30.37290      25.00004
      30.38310      25.00004
      30.39320      25.00004
      30.40340      25.00004
      30.41350      25.00004
      30.42370      25.00004
      30.43390      25.00004
      30.44400      25.00004
      30.45420      25.00004
      30.46440      25.00004
      30.47450      25.00004
      30.48470      25.00004
      30.49490      25.00004
      30.50500      25.00004
      30.51520      25.00004
      30.52540      25.00004
      30.53550      25.00004
      30.54570      25.00004
      30.55590      25.00004
      30.56600      25.00004
      30.57620      25.00004
      30.58630      25.00004
      30.59650      25.00004
      30.60670      25.00004
      30.61680      25.00004
      30.62700      25.00004
      30.63720      25.00004
      30.64730      25.00004
      30.65750      25.00004
      30.66770      25.00004
      30.67780      25.00004
      30.68800      25.00004
      30.69820      25.00003
      30.70830      25.00003
      30.71850      25.00003
      30.72860      25.00003
      30.73880      25.00003
      30.74900      25.00003
      30.75910      25.00003
      30.76930      25.00003
      30.77950      25.00003
      30.78960      25.00003
      30.79980      25.00003
      30.81000      25.00003
      30.82010      25.00003
      30.83030      25.00003
      30.84050      25.00003
      30.85060      25.00003
      30.86080      25.00003
      30.87100      25.00003
      30.88110      25.00003
      30.89130      25.00003
      30.90140      25.00003
      30.91160      25.00003
      30.92180      25.00003
      30.93190      25.00003
      30.94210      25.00003
      30.95230      25.00003
      30.96240      25.00003
      30.97260      25.00003
      30.98280      25.00003
      30.99290      25.00003
      31.00310      25.00003
      31.01330      25.00003
      31.02340      25.00003
      31.03360      25.00003
      31.04370      25.00003
      31.05390      25.00003
      31.06410      25.00003
      31.07420      25.00003
      31.08440      25.00003
      31.09460      25.00003
      31.10470      25.00003
      31.11490      25.00003
      31.12510      25.00003
      31.13520      25.00003
      31.14540      25.00003
      31.15560      25.00003
      31.16570      25.00003
      31.17590      25.00003
      31.18600      25.00003
      31.19620      25.00003
      31.20640      25.00003
      31.21650      25.00003
      31.22670      25.00003
      31.23690      25.00003
      31.24700      25.00003
      31.25720      25.00003
      31.26740      25.00003
      31.27750      25.00003
      31.28770      25.00003
      31.29790      25.00003
      31.30800      25.00003
      31.31820      25.00003
      31.32840      25.00003
      31.33850      25.00003
      31.34870      25.00003
      31.35880      25.00003
      31.36900      25.00003
      31.37920      25.00003
      31.38930      25.00003
      31.39950      25.00003
      31.40970      25.00003
      31.41980      25.00003
      31.43000      25.00003
      31.44020      25.00003
      31.45030      25.00003
      31.46050      25.00003
      31.47070      25.00003
      31.48080      25.00003
      31.49100      25.00003
      31.50110      25.00003
      31.51130      25.00003
      31.52150      25.00003
      31.53160      25.00003
      31.54180      25.00003
      31.55200      25.00003
      31.56210      25.00003
      31.57230      25.00003
      31.58250      25.00003
      31.59260      25.00003
      31.60280      25.00003
      31.61300      25.00003
      31.62310      25.00003
      31.63330      25.00003
      31.64350      25.00003
      31.65360      25.00003
      31.66380      25.00003
      31.67390      25.00003
      31.68410      25.00003
      31.69430      25.00003
      31.70440      25.00003
      31.71460      25.00003
      31.72480      25.00003
      31.73490      25.00003
      31.74510      25.00003
      31.75530      25.00003
      31.76540      25.00003
      31.77560      25.00003
      31.78580      25.00003
      31.79590      25.00003
      31.80610      25.00003
      31.81620      25.00003
      31.82640      25.00003
      31.83660      25.00003
      31.84670      25.00003
      31.85690      25.00003
      31.86710      25.00003
      31.87720      25.00003
      31.88740      25.00003
      31.89760      25.00003
      31.90770      25.00003
      31.91790      25.00003
      31.92810      25.00003
      31.93820      25.00003
      31.94840      25.00003
      31.95860      25.00003
      31.96870      25.00003
      31.97890      25.00003
      31.98900      25.00003
      31.99920      25.00003
      32.00940      25.00003
      32.01950      25.00003
      32.02970      25.00003
      32.03990      25.00003
      32.05000      25.00003
      32.06020      25.00003
      32.07040      25.00003
      32.08050      25.00003
      32.09070      25.00003
      32.10090      25.00003
      32.11100      25.00003
      32.12120      25.00003
      32.13130      25.00003
      32.14150      25.00003
      32.15170      25.00003
      32.16180      25.00003
      32.17200      25.00003
      32.18220      25.00003
      32.19230      25.00003
      32.20250      25.00003
      32.21270      25.00003
      32.22280      25.00003
      32.23300      25.00003
      32.24320      25.00003
      32.25330      25.00003
      32.26350      25.00003
      32.27370      25.00003
      32.28380      25.00003
      32.29400      25.00003
      32.30410      25.00003
      32.31430      25.00003
      32.32450      25.00003
      32.33460      25.00003
      32.34480      25.00003
      32.35500      25.00003
      32.36510      25.00003
      32.37530      25.00003
      32.38550      25.00003
      32.39560      25.00003
      32.40580      25.00003
      32.41600      25.00003
      32.42610      25.00003
      32.43630      25.00003
      32.44640      25.00003
      32.45660      25.00003
      32.46680      25.00003
      32.47690      25.00003
      32.48710      25.00003
      32.49730      25.00003
      32.50740      25.00003
      32.51760      25.00003
      32.52780      25.00003
      32.53790      25.00003
      32.54810      25.00003
      32.55830      25.00003
      32.56840      25.00003
      32.57860      25.00003
      32.58880      25.00003
      32.59890      25.00003
      32.60910      25.00003
      32.61920      25.00003
      32.62940      25.00003
      32.63960      25.00003
      32.64970      25.00003
      32.65990      25.00003
      32.67010      25.00003
      32.68020      25.00003
      32.69040      25.00003
      32.70060      25.00003
      32.71070      25.00003
      32.72090      25.00003
      32.73110      25.00003
      32.74120      25.00003
      32.75140      25.00003
      32.76150      25.00003
      32.77170      25.00003
      32.78190      25.00003
      32.79200      25.00003
      32.80220      25.00003
      32.81240      25.00003
      32.82250      25.00003
      32.83270      25.00003
      32.84290      25.00003
      32.85300      25.00003
      32.86320      25.00003
      32.87340      25.00003
      32.88350      25.00003
      32.89370      25.00003
      32.90390      25.00003
      32.91400      25.00003
      32.92420      25.00003
      32.93430      25.00003
      32.94450      25.00003
      32.95470      25.00003
      32.96480      25.00003
      32.97500      25.00002
      32.98520      25.00002
      32.99530      25.00002
      33.00550      25.00002
      33.01570      25.00002
      33.02580      25.00002
      33.03600      25.00002
      33.04620      25.00002
      33.05630      25.00002
      33.06650      25.00002
      33.07660      25.00002
      33.08680      25.00002
      33.09700      25.00002
      33.10710      25.00002
      33.11730      25.00002
      33.12750      25.00002
      33.13760      25.00002
      33.14780      25.00002
      33.15800      25.00002
      33.16810      25.00002
      33.17830      25.00002
      33.18850      25.00002
      33.19860      25.00002
      33.20880      25.00002
      33.21890      25.00002
      33.22910      25.00002
      33.23930      25.00002
      33.24940      25.00002
      33.25960      25.00002
      33.26980      25.00002
      33.27990      25.00002
      33.29010      25.00002
      33.30030      25.00002
      33.31040      25.00002
      33.32060      25.00002
      33.33080      25.00002
      33.34090      25.00002
      33.35110      25.00002
      33.36130      25.00002
      33.37140      25.00002
      33.38160      25.00002
      33.39170      25.00002
      33.40190      25.00002
      33.41210      25.00002
      33.42220      25.00002
      33.43240      25.00002
      33.44260      25.00002
      33.45270      25.00002
      33.46290      25.00002
      33.47310      25.00002
      33.48320      25.00002
      33.49340      25.00002
      33.50360      25.00002
      33.51370      25.00002
      33.52390      25.00002
      33.53400      25.00002
      33.54420      25.00002
      33.55440      25.00002
      33.56450      25.00002
      33.57470      25.00002
      33.58490      25.00002
      33.59500      25.00002
      33.60520      25.00002
      33.61540      25.00002
      33.62550      25.00002
      33.63570      25.00002
      33.64590      25.00002
      33.65600      25.00002
      33.66620      25.00002
      33.67640      25.00002
      33.68650      25.00002
      33.69670      25.00002
      33.70680      25.00002
      33.71700      25.00002
      33.72720      25.00002
      33.73730      25.00002
      33.74750      25.00002
      33.75770      25.00002
      33.76780      25.00002
      33.77800      25.00002
      33.78820      25.00002
      33.79830      25.00002
      33.80850      25.00002
      33.81870      25.00002
      33.82880      25.00002
      33.83900      25.00002
      33.84910      25.00002
      33.85930      25.00002
      33.86950      25.00002
      33.87960      25.00002
      33.88980      25.00002
      33.90000      25.00002
      33.91010      25.00002
      33.92030      25.00002
      33.93050      25.00002
      33.94060      25.00002
      33.95080      25.00002
      33.96100      25.00002
      33.97110      25.00002
      33.98130      25.00002
      33.99150      25.00002
      34.00160      25.00002
      34.01180      25.00002
      34.02190      25.00002
      34.03210      25.00002
      34.04230      25.00002
      34.05240      25.00002
      34.06260      25.00002
      34.07280      25.00002
      34.08290      25.00002
      34.09310      25.00002
      34.10330      25.00002
      34.11340      25.00002
      34.12360      25.00002
      34.13380      25.00002
      34.14390      25.00002
      34.15410      25.00002
      34.16420      25.00002
      34.17440      25.00002
      34.18460      25.00002
      34.19470      25.00002
      34.20490      25.00002
      34.21510      25.00002
      34.22520      25.00002
      34.23540      25.00002
      34.24560      25.00002
      34.25570      25.00002
      34.26590      25.00002
      34.27610      25.00002
      34.28620      25.00002
      34.29640      25.00002
      34.30660      25.00002
      34.31670      25.00002
      34.32690      25.00002
      34.33700      25.00002
      34.34720      25.00002
      34.35740      25.00002
      34.36750      25.00002
      34.37770      25.00002
      34.38790      25.00002
      34.39800      25.00002
      34.40820      25.00002
      34.41840      25.00002
      34.42850      25.00002
      34.43870      25.00002
      34.44890      25.00002
      34.45900      25.00002
      34.46920      25.00002
      34.47930      25.00002
      34.48950      25.00002
      34.49970      25.00002
      34.50980      25.00002
      34.52000      25.00002
      34.53020      25.00002
      34.54030      25.00002
      34.55050      25.00002
      34.56070      25.00002
      34.57080      25.00002
      34.58100      25.00002
      34.59120      25.00002
      34.60130      25.00002
      34.61150      25.00002
      34.62170      25.00002
      34.63180      25.00002
      34.64200      25.00002
      34.65210      25.00002
      34.66230      25.00002
      34.67250      25.00002
      34.68260      25.00002
      34.69280      25.00002
      34.70300      25.00002
      34.71310      25.00002
      34.72330      25.00002
      34.73350      25.00002
      34.74360      25.00002
      34.75380      25.00002
      34.76400      25.00002
      34.77410      25.00002
      34.78430      25.00002
      34.79440      25.00002
      34.80460      25.00002
      34.81480      25.00002
      34.82490      25.00002
      34.83510      25.00002
      34.84530      25.00002
      34.85540      25.00002
      34.86560      25.00002
      34.87580      25.00002
      34.88590      25.00002
      34.89610      25.00002
      34.90630      25.00002
      34.91640      25.00002
      34.92660      25.00002
      34.93670      25.00002
      34.94690      25.00002
      34.95710      25.00002
      34.96720      25.00002
      34.97740      25.00002
      34.98760      25.00002
      34.99770      25.00002
      35.00790      25.00002
      35.01810      25.00002
      35.02820      25.00002
      35.03840      25.00002
      35.04860      25.00002
      35.05870      25.00002
      35.06890      25.00002
      35.07910      25.00002
      35.08920      25.00002
      35.09940      25.00002
      35.10950      25.00002
      35.11970      25.00002
      35.12990      25.00002
      35.14000      25.00002
      35.15020      25.00002
      35.16040      25.00002
      35.17050      25.00002
      35.18070      25.00002
      35.19090      25.00002
      35.20100      25.00002
      35.21120      25.00002
      35.22140      25.00002
      35.23150      25.00002
      35.24170      25.00002
      35.25180      25.00002
      35.26200      25.00002
      35.27220      25.00002
      35.28230      25.00002
      35.29250      25.00002
      35.30270      25.00002
      35.31280      25.00002
      35.32300      25.00002
      35.33320      25.00002
      35.34330      25.00002
      35.35350      25.00002
      35.36370      25.00002
      35.37380      25.00002
      35.38400      25.00002
      35.39420      25.00002
      35.40430      25.00002
      35.41450      25.00002
      35.42460      25.00002
      35.43480      25.00002
      35.44500      25.00002
      35.45510      25.00002
      35.46530      25.00002
      35.47550      25.00002
      35.48560      25.00002
      35.49580      25.00002
      35.50600      25.00002
      35.51610      25.00002
      35.52630      25.00002
      35.53650      25.00002
      35.54660      25.00002
      35.55680      25.00002
      35.56690      25.00002
      35.57710      25.00002
      35.58730      25.00002
      35.59740      25.00002
      35.60760      25.00002
      35.61780      25.00002
      35.62790      25.00002
      35.63810      25.00002
      35.64830      25.00002
      35.65840      25.00002
      35.66860      25.00002
      35.67880      25.00002
      35.68890      25.00002
      35.69910      25.00002
      35.70930      25.00002
      35.71940      25.00002
      35.72960      25.00002
      35.73970      25.00002
      35.74990      25.00002
      35.76010      25.00002
      35.77020      25.00002
      35.78040      25.00002
      35.79060      25.00002
      35.80070      25.00002
      35.81090      25.00002
      35.82110      25.00002
      35.83120      25.00002
      35.84140      25.00002
      35.85160      25.00002
      35.86170      25.00002
      35.87190      25.00002
      35.88200      25.00002
      35.89220      25.00002
      35.90240      25.00002
      35.91250      25.00002
      35.92270      25.00002
      35.93290      25.00002
      35.94300      25.00002
      35.95320      25.00002
      35.96340      25.00002
      35.97350      25.00002
      35.98370      25.00002
      35.99390      25.00002
      36.00400      25.00002
      36.01420      25.00002
