! TITLE: Yobs                                                                                                                                                                                                                                                            
! Yobs - Ycalc 
       6.15090     -23.49815
       6.16110     -22.89246
       6.17120     -23.17676
       6.18140     -23.32113
       6.19150     -23.21548
       6.20170     -23.27992
       6.21190     -23.40438
       6.22200     -23.12883
       6.23220     -23.05336
       6.24240     -23.01792
       6.25250     -23.01247
       6.26270     -22.67709
       6.27290     -23.19175
       6.28300     -23.02639
       6.29320     -23.11111
       6.30340     -22.40587
       6.31350     -22.87061
       6.32370     -22.77544
       6.33380     -22.83024
       6.34400     -23.07514
       6.35420     -23.61006
       6.36430     -23.52497
       6.37450     -23.27996
       6.38470     -23.60499
       6.39480     -23.18000
       6.40500     -22.38510
       6.41520     -22.62023
       6.42530     -22.99535
       6.43550     -22.78055
       6.44570     -22.88579
       6.45580     -22.67101
       6.46600     -22.42632
       6.47620     -23.84167
       6.48630     -22.14700
       6.49650     -22.96242
       6.50660     -23.27782
       6.51680     -23.01332
       6.52700     -22.89885
       6.53710     -22.81436
       6.54730     -23.01997
       6.55750     -22.85561
       6.56760     -22.50124
       6.57780     -22.02696
       6.58800     -22.54271
       6.59810     -23.28845
       6.60830     -23.29429
       6.61850     -22.89016
       6.62860     -22.65602
       6.63880     -22.71197
       6.64890     -22.36790
       6.65910     -22.35393
       6.66930     -22.58000
       6.67940     -22.55606
       6.68960     -23.12221
       6.69980     -22.37840
       6.70990     -21.81457
       6.72010     -22.32084
       6.73030     -22.50716
       6.74040     -21.92345
       6.75060     -23.12985
       6.76080     -22.26629
       6.77090     -22.60271
       6.78110     -22.21923
       6.79130     -22.63580
       6.80140     -21.66234
       6.81160     -21.34899
       6.82170     -21.52562
       6.83190     -22.43236
       6.84210     -22.80914
       6.85220     -22.44589
       6.86240     -22.15276
       6.87260     -22.27967
       6.88270     -21.94656
       6.89290     -22.15356
       6.90310     -22.78061
       6.91320     -22.68763
       6.92340     -22.43476
       6.93360     -22.27194
       6.94370     -21.96910
       6.95390     -22.46637
       6.96400     -22.09362
       6.97420     -21.78098
       6.98440     -22.71839
       6.99450     -21.68578
       7.00470     -22.05328
       7.01490     -21.82083
       7.02500     -21.30836
       7.03520     -22.58600
       7.04540     -21.31369
       7.05550     -22.59136
       7.06570     -22.11915
       7.07590     -22.30699
       7.08600     -21.45480
       7.09620     -21.85274
       7.10640     -22.16072
       7.11650     -21.92868
       7.12670     -22.09676
       7.13680     -21.94481
       7.14700     -21.88300
       7.15720     -21.15124
       7.16730     -22.03944
       7.17750     -21.84777
       7.18770     -20.74616
       7.19780     -21.21452
       7.20800     -22.06301
       7.21820     -21.34155
       7.22830     -22.20006
       7.23850     -21.42870
       7.24870     -21.52740
       7.25880     -21.27607
       7.26900     -22.90487
       7.27910     -21.41364
       7.28930     -20.33255
       7.29950     -21.42152
       7.30960     -21.14045
       7.31980     -20.92952
       7.33000     -21.87865
       7.34010     -21.21774
       7.35030     -21.69697
       7.36050     -21.47627
       7.37060     -21.31552
       7.38080     -21.14492
       7.39100     -21.32438
       7.40110     -20.85381
       7.41130     -20.85338
       7.42150     -21.92300
       7.43160     -22.16260
       7.44180     -21.93233
       7.45190     -21.18204
       7.46210     -21.19190
       7.47230     -21.27181
       7.48240     -21.07169
       7.49260     -21.36172
       7.50280     -20.93181
       7.51290     -21.33186
       7.52310     -22.16207
       7.53330     -20.68234
       7.54340     -21.05256
       7.55360     -20.64295
       7.56380     -20.97340
       7.57390     -21.11381
       7.58410     -20.46438
       7.59420     -20.69490
       7.60440     -21.14560
       7.61460     -21.56635
       7.62470     -20.69706
       7.63490     -20.84794
       7.64510     -21.03888
       7.65520     -21.01978
       7.66540     -21.04084
       7.67560     -21.17197
       7.68570     -21.04305
       7.69590     -21.40431
       7.70610     -20.94563
       7.71620     -21.04691
       7.72640     -21.52836
       7.73650     -20.70976
       7.74670     -20.60134
       7.75690     -20.37298
       7.76700     -20.33458
       7.77720     -20.55636
       7.78740     -22.09820
       7.79750     -20.72000
       7.80770     -19.78197
       7.81790     -21.46402
       7.82800     -21.05601
       7.83820     -19.87819
       7.84840     -21.12044
       7.85850     -20.01263
       7.86870     -19.57501
       7.87890     -19.52747
       7.88900     -19.84987
       7.89920     -20.91246
       7.90930     -20.20499
       7.91950     -20.23773
       7.92970     -19.91053
       7.93980     -20.50327
       7.95000     -19.97622
       7.96020     -19.28923
       7.97030     -20.50219
       7.98050     -20.25534
       7.99070     -20.36857
       8.00080     -20.36174
       8.01100     -20.24512
       8.02120     -19.97857
       8.03130     -20.65195
       8.04150     -20.03555
       8.05160     -19.62908
       8.06180     -19.90282
       8.07200     -20.07664
       8.08210     -19.91039
       8.09230     -20.36436
       8.10250     -20.65840
       8.11260     -20.15237
       8.12280     -20.76657
       8.13300     -19.22083
       8.14310     -19.27504
       8.15330     -19.45946
       8.16350     -19.67396
       8.17360     -19.00839
       8.18380     -20.18304
       8.19400     -19.57778
       8.20410     -20.04244
       8.21430     -20.89733
       8.22440     -19.84215
       8.23460     -20.46720
       8.24480     -20.13232
       8.25490     -19.37738
       8.26510     -19.59266
       8.27530     -19.66803
       8.28540     -19.79333
       8.29560     -19.74886
       8.30580     -20.71447
       8.31590     -19.49000
       8.32610     -18.66578
       8.33630     -19.31163
       8.34640     -19.76741
       8.35660     -19.00343
       8.36670     -19.13938
       8.37690     -19.43557
       8.38710     -19.26184
       8.39720     -20.05803
       8.40740     -18.91448
       8.41760     -19.09100
       8.42770     -20.04745
       8.43790     -19.97414
       8.44810     -18.90093
       8.45820     -20.44763
       8.46840     -19.24458
       8.47860     -18.84163
       8.48870     -19.64858
       8.49890     -18.76580
       8.50910     -19.40310
       8.51920     -19.81032
       8.52940     -19.21780
       8.53950     -19.15520
       8.54970     -20.66285
       8.55990     -18.96060
       8.57000     -19.38826
       8.58020     -19.85619
       8.59040     -19.76420
       8.60050     -18.90213
       8.61070     -19.69033
       8.62090     -19.09862
       8.63100     -19.70682
       8.64120     -19.81529
       8.65140     -18.97386
       8.66150     -19.00233
       8.67170     -19.95108
       8.68180     -18.75974
       8.69200     -19.74868
       8.70220     -19.74771
       8.71230     -18.87664
       8.72250     -18.30586
       8.73270     -18.31518
       8.74280     -19.06440
       8.75300     -19.67390
       8.76320     -19.51350
       8.77330     -18.82301
       8.78350     -18.81280
       8.79370     -20.02269
       8.80380     -18.44248
       8.81400     -18.43257
       8.82420     -18.89275
       8.83430     -18.91283
       8.84450     -18.71321
       8.85460     -19.18349
       8.86480     -19.22407
       8.87500     -18.74474
       8.88510     -18.58532
       8.89530     -18.93620
       8.90550     -18.57717
       8.91560     -19.98804
       8.92580     -19.65923
       8.93600     -19.24051
       8.94610     -19.28168
       8.95630     -19.20316
       8.96650     -19.34475
       8.97660     -19.39623
       8.98680     -18.88802
       8.99690     -19.09971
       9.00710     -19.83171
       9.01730     -19.10382
       9.02740     -19.33581
       9.03760     -18.84812
       9.04780     -18.39054
       9.05790     -18.41285
       9.06810     -19.01548
       9.07830     -18.84822
       9.08840     -19.65084
       9.09860     -19.14379
       9.10880     -19.39685
       9.11890     -18.73979
       9.12910     -18.65306
       9.13930     -19.08645
       9.14940     -18.63971
       9.15960     -18.42331
       9.16970     -19.12679
       9.17990     -18.52061
       9.19010     -18.96454
       9.20020     -18.62835
       9.21040     -19.23249
       9.22060     -19.48676
       9.23070     -18.69089
       9.24090     -19.53538
       9.25110     -19.18997
       9.26120     -18.43444
       9.27140     -18.77927
       9.28160     -19.64420
       9.29170     -17.95901
       9.30190     -18.73417
       9.31200     -19.23920
       9.32220     -18.45459
       9.33240     -18.93009
       9.34250     -18.78546
       9.35270     -19.19120
       9.36290     -19.14705
       9.37300     -19.02277
       9.38320     -19.02885
       9.39340     -18.53506
       9.40350     -18.65112
       9.41370     -19.29755
       9.42390     -17.80411
       9.43400     -18.53052
       9.44420     -18.87731
       9.45440     -19.03423
       9.46450     -18.85099
       9.47470     -18.32814
       9.48480     -19.53514
       9.49500     -19.04253
       9.50520     -18.77004
       9.51530     -18.47740
       9.52550     -18.89515
       9.53570     -18.75303
       9.54580     -18.81075
       9.55600     -19.15887
       9.56620     -19.25711
       9.57630     -18.81520
       9.58650     -19.42369
       9.59670     -17.87230
       9.60680     -18.46075
       9.61700     -19.45962
       9.62710     -19.45831
       9.63730     -18.46743
       9.64750     -19.23666
       9.65760     -19.43574
       9.66780     -18.86522
       9.67800     -19.16484
       9.68810     -19.25429
       9.69830     -18.30416
       9.70850     -19.02415
       9.71860     -19.11398
       9.72880     -19.14423
       9.73900     -18.87461
       9.74910     -18.21482
       9.75930     -19.35546
       9.76940     -18.84592
       9.77960     -19.81682
       9.78980     -19.15784
       9.79990     -18.91870
       9.81010     -18.39998
       9.82030     -19.33140
       9.83040     -18.92264
       9.84060     -19.15433
       9.85080     -19.26614
       9.86090     -19.46778
       9.87110     -19.59986
       9.88130     -18.41207
       9.89140     -19.89411
       9.90160     -18.78658
       9.91180     -18.95920
       9.92190     -18.80163
       9.93210     -19.41451
       9.94220     -18.92721
       9.95240     -18.74036
       9.96260     -18.70365
       9.97270     -18.73675
       9.98290     -18.63031
       9.99310     -19.12401
      10.00320     -19.01752
      10.01340     -20.29149
      10.02360     -18.63560
      10.03370     -19.24952
      10.04390     -19.53391
      10.05410     -18.79844
      10.06420     -19.28277
      10.07440     -19.36757
      10.08450     -19.53218
      10.09470     -18.95726
      10.10490     -18.47249
      10.11500     -19.57751
      10.12520     -19.25302
      10.13540     -19.31866
      10.14550     -19.02410
      10.15570     -19.25003
      10.16590     -19.72611
      10.17600     -18.82197
      10.18620     -19.18834
      10.19640     -20.38484
      10.20650     -19.07113
      10.21670     -19.80792
      10.22690     -19.09485
      10.23700     -19.71157
      10.24720     -19.13880
      10.25730     -19.33580
      10.26750     -19.63331
      10.27770     -19.18097
      10.28780     -19.58841
      10.29800     -19.77637
      10.30820     -19.44446
      10.31830     -18.87234
      10.32850     -19.18073
      10.33870     -19.42927
      10.34880     -19.20758
      10.35900     -19.44642
      10.36920     -19.83540
      10.37930     -19.86416
      10.38950     -19.22344
      10.39960     -19.80248
      10.40980     -19.06207
      10.42000     -19.70180
      10.43010     -19.52129
      10.44030     -19.45132
      10.45050     -20.07151
      10.46060     -19.10145
      10.47080     -20.04194
      10.48100     -19.67257
      10.49110     -19.66297
      10.50130     -19.94391
      10.51150     -19.71501
      10.52160     -20.73585
      10.53180     -19.33725
      10.54200     -18.83880
      10.55210     -19.09011
      10.56230     -19.24197
      10.57240     -19.15357
      10.58260     -18.61574
      10.59280     -20.53807
      10.60290     -19.12013
      10.61310     -19.62277
      10.62330     -19.86556
      10.63340     -20.17809
      10.64360     -19.14120
      10.65380     -20.62446
      10.66390     -19.11745
      10.67410     -19.45102
      10.68430     -19.91476
      10.69440     -18.85821
      10.70460     -19.82226
      10.71470     -19.74603
      10.72490     -19.35040
      10.73510     -19.66492
      10.74520     -19.10917
      10.75540     -19.91400
      10.76560     -19.87901
      10.77570     -19.89372
      10.78590     -20.25904
      10.79610     -19.28452
      10.80620     -19.22971
      10.81640     -20.43551
      10.82660     -19.71147
      10.83670     -20.09715
      10.84690     -19.34343
      10.85710     -20.25987
      10.86720     -20.28603
      10.87740     -19.68280
      10.88750     -20.00927
      10.89770     -19.76636
      10.90790     -19.90362
      10.91800     -20.05058
      10.92820     -19.76816
      10.93840     -20.03591
      10.94850     -20.56335
      10.95870     -19.32142
      10.96890     -20.02966
      10.97900     -20.54759
      10.98920     -19.86616
      10.99940     -20.38490
      11.00950     -20.68331
      11.01970     -19.67238
      11.02980     -20.41113
      11.04000     -20.00052
      11.05020     -19.64009
      11.06030     -21.37932
      11.07050     -20.52922
      11.08070     -21.33928
      11.09080     -20.88902
      11.10100     -19.82941
      11.11120     -20.25998
      11.12130     -19.79021
      11.13150     -20.30110
      11.14170     -20.33217
      11.15180     -20.59290
      11.16200     -20.78430
      11.17220     -21.10588
      11.18230     -20.01710
      11.19250     -20.17901
      11.20260     -20.00057
      11.21280     -20.80282
      11.22300     -20.48524
      11.23310     -21.41731
      11.24330     -19.99007
      11.25350     -20.79299
      11.26360     -21.65557
      11.27380     -19.95883
      11.28400     -20.06227
      11.29410     -21.33534
      11.30430     -20.46913
      11.31450     -21.03307
      11.32460     -21.22666
      11.33480     -19.81095
      11.34490     -21.41488
      11.35510     -19.96951
      11.36530     -20.56432
      11.37540     -20.92875
      11.38560     -20.77391
      11.39580     -20.41923
      11.40590     -20.39418
      11.41610     -20.83985
      11.42630     -20.51569
      11.43640     -20.92115
      11.44660     -21.24734
      11.45680     -21.95370
      11.46690     -21.18967
      11.47710     -21.34638
      11.48730     -20.46326
      11.49740     -21.59975
      11.50760     -20.55698
      11.51770     -20.71382
      11.52790     -21.49139
      11.53810     -21.74914
      11.54820     -21.28649
      11.55840     -21.07459
      11.56860     -21.40286
      11.57870     -21.76074
      11.58890     -21.01936
      11.59910     -21.05816
      11.60920     -20.65655
      11.61940     -21.50569
      11.62960     -22.20502
      11.63970     -21.17393
      11.64990     -21.24360
      11.66000     -20.19286
      11.67020     -21.09289
      11.68040     -21.16308
      11.69050     -21.51287
      11.70070     -20.18341
      11.71090     -21.79414
      11.72100     -21.40444
      11.73120     -21.01553
      11.74140     -21.39678
      11.75150     -21.38761
      11.76170     -22.03921
      11.77190     -20.72099
      11.78200     -21.35235
      11.79220     -20.85448
      11.80230     -21.48619
      11.81250     -21.71867
      11.82270     -21.23134
      11.83280     -21.94356
      11.84300     -22.22659
      11.85320     -21.54978
      11.86330     -21.19253
      11.87350     -22.25608
      11.88370     -21.73981
      11.89380     -21.94308
      11.90400     -22.24716
      11.91420     -21.80142
      11.92430     -21.09522
      11.93450     -21.19983
      11.94470     -21.83463
      11.95480     -22.49895
      11.96500     -21.45409
      11.97510     -22.09877
      11.98530     -21.59427
      11.99550     -22.08994
      12.00560     -21.90515
      12.01580     -21.58118
      12.02600     -21.74738
      12.03610     -21.48311
      12.04630     -21.22967
      12.05650     -21.67641
      12.06660     -21.71266
      12.07680     -22.70976
      12.08700     -21.73702
      12.09710     -22.14381
      12.10730     -21.85143
      12.11740     -22.30857
      12.12760     -21.47654
      12.13780     -22.62469
      12.14790     -21.92235
      12.15810     -21.77086
      12.16830     -21.71954
      12.17840     -21.32773
      12.18860     -21.41676
      12.19880     -22.40598
      12.20890     -22.07469
      12.21910     -22.12425
      12.22930     -20.99399
      12.23940     -22.18323
      12.24960     -23.41333
      12.25980     -21.97360
      12.26990     -22.66336
      12.28010     -22.31398
      12.29020     -23.30409
      12.30040     -22.01507
      12.31060     -22.38622
      12.32070     -22.57685
      12.33090     -22.22835
      12.34110     -21.92003
      12.35120     -23.21119
      12.36140     -22.41321
      12.37160     -21.89543
      12.38170     -22.40710
      12.39190     -21.36966
      12.40210     -21.96239
      12.41220     -22.58458
      12.42240     -22.93767
      12.43250     -21.98020
      12.44270     -22.69363
      12.45290     -23.13724
      12.46300     -22.58030
      12.47320     -22.15425
      12.48340     -22.38838
      12.49350     -22.95195
      12.50370     -22.21643
      12.51390     -22.77108
      12.52400     -23.50517
      12.53420     -22.47017
      12.54440     -22.62534
      12.55450     -22.40994
      12.56470     -22.38546
      12.57490     -21.71115
      12.58500     -22.19627
      12.59520     -22.12230
      12.60530     -22.64776
      12.61550     -21.97414
      12.62570     -22.04069
      12.63580     -22.32666
      12.64600     -21.52355
      12.65620     -23.00062
      12.66630     -23.11709
      12.67650     -22.03451
      12.68670     -22.42208
      12.69680     -22.45907
      12.70700     -22.45698
      12.71720     -22.29508
      12.72730     -23.04256
      12.73750     -22.75099
      12.74760     -23.30881
      12.75780     -21.40759
      12.76800     -22.81651
      12.77810     -23.97485
      12.78830     -22.26412
      12.79850     -22.16356
      12.80860     -22.83240
      12.81880     -22.32217
      12.82900     -23.16212
      12.83910     -22.48144
      12.84930     -22.70173
      12.85950     -22.49217
      12.86960     -23.23200
      12.87980     -22.95278
      12.89000     -23.66373
      12.90010     -24.28404
      12.91030     -22.38532
      12.92040     -22.88597
      12.93060     -22.75757
      12.94080     -22.79935
      12.95090     -24.07049
      12.96110     -24.37258
      12.97130     -23.41485
      12.98140     -22.81647
      12.99160     -22.61907
      13.00180     -23.44183
      13.01190     -22.22394
      13.02210     -22.69702
      13.03230     -21.46027
      13.04240     -24.15286
      13.05260     -23.47643
      13.06270     -23.15934
      13.07290     -22.98323
      13.08310     -23.98729
      13.09320     -22.79067
      13.10340     -24.30505
      13.11360     -22.89958
      13.12370     -23.41345
      13.13390     -23.61830
      13.14410     -23.11331
      13.15420     -23.23765
      13.16440     -22.02299
      13.17460     -22.88847
      13.18470     -23.45328
      13.19490     -22.79908
      13.20510     -23.73504
      13.21520     -24.44032
      13.22540     -22.61660
      13.23550     -23.54218
      13.24570     -22.72877
      13.25590     -23.14552
      13.26600     -22.71156
      13.27620     -24.13862
      13.28640     -22.66583
      13.29650     -22.62233
      13.30670     -23.49985
      13.31690     -23.40753
      13.32700     -23.19449
      13.33720     -23.87247
      13.34740     -22.49060
      13.35750     -23.10802
      13.36770     -23.95646
      13.37780     -22.55419
      13.38800     -23.40292
      13.39820     -23.14181
      13.40830     -22.77999
      13.41850     -22.89918
      13.42870     -22.57854
      13.43880     -24.42715
      13.44900     -23.34680
      13.45920     -23.69659
      13.46930     -23.52566
      13.47950     -23.57575
      13.48970     -21.93601
      13.49980     -22.81550
      13.51000     -23.90605
      13.52010     -22.67585
      13.53030     -22.66669
      13.54050     -23.15767
      13.55060     -22.78792
      13.56080     -22.52920
      13.57100     -23.48063
      13.58110     -22.61131
      13.59130     -22.65303
      13.60150     -21.54490
      13.61160     -23.13601
      13.62180     -21.85818
      13.63200     -23.23049
      13.64210     -22.40204
      13.65230     -23.13464
      13.66250     -23.86738
      13.67260     -23.66936
      13.68280     -23.61240
      13.69290     -23.68466
      13.70310     -23.02800
      13.71330     -23.86147
      13.72340     -23.33417
      13.73360     -22.19792
      13.74380     -22.84184
      13.75390     -22.39496
      13.76410     -22.25916
      13.77430     -23.66350
      13.78440     -22.09707
      13.79460     -22.72169
      13.80480     -22.93648
      13.81490     -23.11047
      13.82510     -22.76553
      13.83520     -22.95981
      13.84540     -23.17517
      13.85560     -22.67068
      13.86570     -23.39538
      13.87590     -23.83118
      13.88610     -22.97712
      13.89620     -23.33227
      13.90640     -22.56850
      13.91660     -22.39488
      13.92670     -24.04046
      13.93690     -21.84714
      13.94710     -21.63396
      13.95720     -23.16998
      13.96740     -23.29709
      13.97760     -22.94436
      13.98770     -22.73083
      13.99790     -22.03840
      14.00800     -23.57516
      14.01820     -23.17302
      14.02840     -22.45105
      14.03850     -22.77825
      14.04870     -24.20658
      14.05890     -23.26506
      14.06900     -22.23273
      14.07920     -22.14150
      14.08940     -22.21046
      14.09950     -21.92858
      14.10970     -23.51784
      14.11990     -22.49726
      14.13000     -23.28586
      14.14020     -22.18559
      14.15030     -22.67450
      14.16050     -23.50456
      14.17070     -22.23479
      14.18080     -23.14419
      14.19100     -23.01473
      14.20120     -21.56545
      14.21130     -22.57535
      14.22150     -22.19641
      14.23170     -22.69764
      14.24180     -21.29804
      14.25200     -22.12961
      14.26220     -21.82137
      14.27230     -22.31229
      14.28250     -22.01439
      14.29270     -22.56668
      14.30280     -22.63815
      14.31300     -22.49079
      14.32310     -23.60262
      14.33330     -22.38564
      14.34350     -22.17887
      14.35360     -22.67126
      14.36380     -21.78486
      14.37400     -21.84865
      14.38410     -22.85164
      14.39430     -22.89583
      14.40450     -22.00023
      14.41460     -22.19382
      14.42480     -22.63863
      14.43500     -21.80366
      14.44510     -22.40786
      14.45530     -22.16333
      14.46540     -21.44796
      14.47560     -21.89386
      14.48580     -22.55998
      14.49590     -22.05530
      14.50610     -22.36187
      14.51630     -21.66870
      14.52640     -20.70469
      14.53660     -22.69200
      14.54680     -22.52955
      14.55690     -21.08627
      14.56710     -21.23431
      14.57730     -21.73263
      14.58740     -22.36012
      14.59760     -21.86894
      14.60780     -22.07803
      14.61790     -22.02632
      14.62810     -21.20597
      14.63820     -20.22481
      14.64840     -21.94502
      14.65860     -21.42550
      14.66870     -22.31521
      14.67890     -20.36629
      14.68910     -21.64768
      14.69920     -21.63829
      14.70940     -21.79030
      14.71960     -21.44263
      14.72970     -21.05417
      14.73990     -21.43716
      14.75010     -20.17048
      14.76020     -20.66302
      14.77040     -21.56702
      14.78050     -21.80025
      14.79070     -21.35496
      14.80090     -21.38004
      14.81100     -20.44434
      14.82120     -20.73015
      14.83140     -21.22635
      14.84150     -21.35179
      14.85170     -21.73877
      14.86190     -21.60615
      14.87200     -20.43277
      14.88220     -21.49097
      14.89240     -19.71958
      14.90250     -21.19746
      14.91270     -21.89693
      14.92290     -20.66687
      14.93300     -20.63605
      14.94320     -22.44687
      14.95330     -21.00698
      14.96350     -21.01874
      14.97370     -20.39097
      14.98380     -20.46249
      14.99400     -20.17571
      15.00420     -20.54943
      15.01430     -20.45245
      15.02450     -19.18719
      15.03470     -19.12248
      15.04480     -19.55705
      15.05500     -20.49341
      15.06520     -19.35032
      15.07530     -19.79655
      15.08550     -20.03457
      15.09560     -19.83193
      15.10580     -20.62114
      15.11600     -20.80094
      15.12610     -21.09006
      15.13630     -19.90109
      15.14650     -19.71273
      15.15660     -20.12372
      15.16680     -19.37663
      15.17700     -21.45021
      15.18710     -20.55313
      15.19730     -22.04803
      15.20750     -20.06363
      15.21760     -19.98855
      15.22780     -20.10555
      15.23800     -19.84323
      15.24810     -20.45029
      15.25830     -19.37942
      15.26840     -20.91794
      15.27860     -21.36855
      15.28880     -19.40995
      15.29890     -21.18071
      15.30910     -19.12366
      15.31930     -21.51738
      15.32940     -19.58050
      15.33960     -18.50583
      15.34980     -20.22201
      15.35990     -19.09757
      15.37010     -18.99540
      15.38030     -19.89409
      15.39040     -18.86218
      15.40060     -20.42261
      15.41070     -19.34243
      15.42090     -20.19463
      15.43110     -18.67773
      15.44120     -19.48025
      15.45140     -19.53518
      15.46160     -20.03106
      15.47170     -18.54634
      15.48190     -20.24412
      15.49210     -20.23285
      15.50220     -20.62101
      15.51240     -19.30169
      15.52260     -19.53340
      15.53270     -18.35449
      15.54290     -18.21821
      15.55300     -19.77133
      15.56320     -19.91708
      15.57340     -18.75387
      15.58350     -20.03009
      15.59370     -18.74901
      15.60390     -19.65899
      15.61400     -19.91838
      15.62420     -19.04052
      15.63440     -20.60377
      15.64450     -18.94639
      15.65470     -19.89186
      15.66490     -19.01843
      15.67500     -19.84440
      15.68520     -19.16323
      15.69540     -19.27322
      15.70550     -18.40256
      15.71570     -19.38487
      15.72580     -19.91652
      15.73600     -19.47114
      15.74620     -19.75694
      15.75630     -18.72210
      15.76650     -18.47028
      15.77670     -18.88965
      15.78680     -19.53836
      15.79700     -19.43013
      15.80720     -19.07313
      15.81730     -20.19543
      15.82750     -19.27086
      15.83770     -18.39750
      15.84780     -18.82345
      15.85800     -19.78256
      15.86810     -18.75094
      15.87830     -19.60251
      15.88850     -19.71535
      15.89860     -20.02740
      15.90880     -20.70271
      15.91900     -18.94926
      15.92910     -19.86503
      15.93930     -18.09406
      15.94950     -21.22438
      15.95960     -18.87385
      15.96980     -20.48664
      15.98000     -18.86067
      15.99010     -19.46385
      16.00030     -17.97037
      16.01050     -19.49814
      16.02060     -18.72498
      16.03080     -21.36523
      16.04090     -18.31452
      16.05110     -19.92722
      16.06130     -18.80115
      16.07140     -18.46406
      16.08160     -18.81042
      16.09180     -19.30800
      16.10190     -19.74449
      16.11210     -18.92446
      16.12230     -18.71556
      16.13240     -19.84564
      16.14260     -19.23908
      16.15280     -20.91374
      16.16290     -20.55726
      16.17310     -19.81417
      16.18320     -18.90995
      16.19340     -20.15909
      16.20360     -19.47941
      16.21370     -19.84842
      16.22390     -18.66091
      16.23410     -19.25448
      16.24420     -20.11667
      16.25440     -20.57234
      16.26460     -20.90903
      16.27470     -20.48428
      16.28490     -21.19298
      16.29510     -20.65261
      16.30520     -21.15082
      16.31540     -21.02236
      16.32560     -20.24488
      16.33570     -20.49579
      16.34590     -19.37009
      16.35600     -20.01279
      16.36620     -20.18877
      16.37640     -19.42562
      16.38650     -21.29072
      16.39670     -21.59917
      16.40690     -20.63836
      16.41700     -19.57573
      16.42720     -19.88637
      16.43740     -20.98771
      16.44750     -19.80710
      16.45770     -23.13974
      16.46790     -21.68294
      16.47800     -22.85420
      16.48820     -20.53853
      16.49830     -20.81087
      16.50850     -20.94623
      16.51870     -21.26210
      16.52880     -19.54579
      16.53900     -21.17251
      16.54920     -22.82963
      16.55930     -20.88444
      16.56950     -21.53222
      16.57970     -21.85028
      16.58980     -21.12593
      16.60000     -20.52448
      16.61020     -21.79320
      16.62030     -20.73940
      16.63050     -19.93838
      16.64070     -21.00741
      16.65080     -21.65391
      16.66100     -20.30300
      16.67110     -21.99949
      16.68130     -21.28848
      16.69150     -20.47742
      16.70160     -20.91357
      16.71180     -22.33220
      16.72200     -21.04062
      16.73210     -20.39614
      16.74230     -21.79403
      16.75250     -20.23158
      16.76260     -21.24611
      16.77280     -23.12289
      16.78300     -19.84923
      16.79310     -21.21243
      16.80330     -21.35776
      16.81340     -20.30988
      16.82360     -21.50402
      16.83380     -20.58747
      16.84390     -21.77770
      16.85410     -21.73973
      16.86430     -23.43103
      16.87440     -19.70893
      16.88460     -22.77856
      16.89480     -22.26729
      16.90490     -22.26253
      16.91510     -22.52934
      16.92530     -21.86514
      16.93540     -22.58736
      16.94560     -20.74100
      16.95580     -20.83345
      16.96590     -21.08233
      16.97610     -23.77243
      16.98620     -22.64881
      16.99640     -22.19636
      17.00660     -22.98254
      17.01670     -22.03500
      17.02690     -22.60840
      17.03710     -23.98040
      17.04720     -21.69855
      17.05740     -22.70755
      17.06760     -22.75500
      17.07770     -22.97857
      17.08790     -22.05285
      17.09810     -22.96549
      17.10820     -23.09420
      17.11840     -22.65349
      17.12850     -23.12884
      17.13870     -25.80469
      17.14890     -22.37876
      17.15900     -23.56894
      17.16920     -24.91949
      17.17940     -23.41821
      17.18950     -22.62304
      17.19970     -23.12815
      17.20990     -22.80146
      17.22000     -25.09088
      17.23020     -22.78058
      17.24040     -21.79847
      17.25050     -22.75253
      17.26070     -23.22690
      17.27090     -23.12948
      17.28100     -24.79838
      17.29120     -22.82758
      17.30130     -22.41320
      17.31150     -21.72918
      17.32170     -22.30358
      17.33180     -20.54468
      17.34200     -21.56620
      17.35220     -22.92644
      17.36230     -21.88361
      17.37250     -22.62144
      17.38270     -23.14828
      17.39280     -22.48236
      17.40300     -23.42750
      17.41320     -23.51200
      17.42330     -19.42418
      17.43350     -22.77787
      17.44360     -20.36960
      17.45380     -20.74320
      17.46400     -21.32706
      17.47410     -20.10959
      17.48430     -20.81467
      17.49450     -20.59070
      17.50460     -21.39621
      17.51480     -20.32506
      17.52500     -22.40581
      17.53510     -21.37690
      17.54530     -21.29237
      17.55550     -21.95082
      17.56560     -21.73060
      17.57580     -17.92610
      17.58590     -20.56368
      17.59610     -20.35799
      17.60630     -18.95745
      17.61640     -19.25030
      17.62660     -19.94153
      17.63680     -19.21951
      17.64690     -18.64235
      17.65710     -19.03554
      17.66730     -17.98725
      17.67740     -19.34556
      17.68760     -19.44632
      17.69780     -17.24776
      17.70790     -16.83750
      17.71810     -19.76229
      17.72830     -18.46997
      17.73840     -19.36790
      17.74860     -18.46364
      17.75870     -18.01101
      17.76890     -18.44816
      17.77910     -18.10242
      17.78920     -17.60040
      17.79940     -17.53137
      17.80960     -16.83217
      17.81970     -18.14885
      17.82990     -17.04191
      17.84010     -17.20755
      17.85020     -17.14143
      17.86040     -16.59497
      17.87060     -20.16417
      17.88070     -18.44351
      17.89090     -18.57632
      17.90100     -18.23062
      17.91120     -17.08079
      17.92140     -19.26111
      17.93150     -18.55469
      17.94170     -17.87767
      17.95190     -18.88336
      17.96200     -20.46379
      17.97220     -18.62694
      17.98240     -17.37503
      17.99250     -17.99891
      18.00270     -18.47851
      18.01290     -18.19472
      18.02300     -18.81763
      18.03320     -18.36839
      18.04340     -20.05739
      18.05350     -21.17265
      18.06370     -19.62810
      18.07380     -19.99934
      18.08400     -21.99167
      18.09420     -20.99255
      18.10430     -22.03787
      18.11450     -21.59491
      18.12470     -20.29970
      18.13480     -19.82667
      18.14500     -25.31502
      18.15520     -22.80903
      18.16530     -24.36264
      18.17550     -24.78592
      18.18570     -24.90199
      18.19580     -25.53352
      18.20600     -26.37176
      18.21610     -21.49220
      18.22630     -25.59692
      18.23650     -25.00787
      18.24660     -22.73451
      18.25680     -25.39149
      18.26700     -26.19855
      18.27710     -23.38452
      18.28730     -25.04490
      18.29750     -28.45852
      18.30760     -23.51349
      18.31780     -25.70575
      18.32800     -26.75294
      18.33810     -24.07399
      18.34830     -26.10370
      18.35850     -25.99966
      18.36860     -23.50064
      18.37880     -27.90068
      18.38890     -25.58964
      18.39910     -22.53111
      18.40930     -22.76365
      18.41940     -24.38518
      18.42960     -20.90945
      18.43980     -20.65440
      18.44990     -24.59923
      18.46010     -20.17589
      18.47030     -20.05319
      18.48040     -21.61156
      18.49060     -19.84071
      18.50080     -18.74040
      18.51090     -22.15358
      18.52110     -17.53607
      18.53120     -18.67705
      18.54140     -18.24060
      18.55160     -19.34971
      18.56170     -16.82069
      18.57190     -14.39406
      18.58210     -17.80568
      18.59220     -16.93345
      18.60240     -15.53499
      18.61260     -15.60798
      18.62270     -15.22342
      18.63290     -14.32471
      18.64310     -15.47239
      18.65320     -14.24046
      18.66340     -14.74791
      18.67360     -14.70822
      18.68370     -13.39871
      18.69390     -16.18368
      18.70400     -14.54959
      18.71420     -12.01776
      18.72440     -15.82699
      18.73450     -14.54985
      18.74470     -12.33313
      18.75490     -14.85878
      18.76500     -13.82258
      18.77520     -17.37665
      18.78540     -17.99623
      18.79550     -19.22014
      18.80570     -19.04603
      18.81590     -16.27223
      18.82600     -16.67044
      18.83620     -19.51407
      18.84630     -20.05554
      18.85650     -19.61557
      18.86670     -21.07748
      18.87680     -20.88640
      18.88700     -22.62039
      18.89720     -20.07419
      18.90730     -24.49565
      18.91750     -22.99954
      18.92770     -23.05252
      18.93780     -25.03447
      18.94800     -24.91653
      18.95820     -28.30794
      18.96830     -26.25961
      18.97850     -27.84038
      18.98870     -25.81080
      18.99880     -29.87271
      19.00900     -26.40317
      19.01910     -23.72241
      19.02930     -27.72659
      19.03950     -26.85800
      19.04960     -25.03799
      19.05980     -29.01326
      19.07000     -25.66493
      19.08010     -27.06566
      19.09030     -26.69032
      19.10050     -26.68103
      19.11060     -25.22963
      19.12080     -27.54104
      19.13100     -25.94699
      19.14110     -25.38855
      19.15130     -24.87118
      19.16140     -23.27385
      19.17160     -25.03267
      19.18180     -23.58795
      19.19190     -21.35896
      19.20210     -21.75294
      19.21230     -22.70947
      19.22240     -23.53541
      19.23260     -21.30083
      19.24280     -20.75271
      19.25290     -22.36772
      19.26310     -21.71643
      19.27330     -20.86535
      19.28340     -19.34923
      19.29360     -19.16064
      19.30380     -19.61456
      19.31390     -18.58407
      19.32410     -18.77400
      19.33420     -20.19940
      19.34440     -16.83653
      19.35460     -17.14770
      19.36470     -17.44333
      19.37490     -16.86201
      19.38510     -16.79460
      19.39520     -17.30946
      19.40540     -15.51817
      19.41560     -18.62938
      19.42570     -17.11067
      19.43590     -13.84524
      19.44610     -16.95077
      19.45620     -17.42329
      19.46640     -13.49827
      19.47650     -16.33790
      19.48670     -16.40915
      19.49690     -15.08743
      19.50700     -15.74667
      19.51720     -16.26591
      19.52740     -15.80946
      19.53750     -15.33990
      19.54770     -17.99847
      19.55790     -14.22832
      19.56800     -15.06109
      19.57820     -16.17987
      19.58840     -15.93667
      19.59850     -14.84254
      19.60870     -15.57202
      19.61880     -16.97799
      19.62900     -18.56595
      19.63920     -15.63672
      19.64930     -18.55021
      19.65950     -16.38331
      19.66970     -16.60617
      19.67980     -18.02818
      19.69000     -17.61740
      19.70020     -19.58346
      19.71030     -19.34534
      19.72050     -19.60211
      19.73070     -19.99298
      19.74080     -20.04657
      19.75100     -18.43284
      19.76120     -19.20068
      19.77130     -19.04837
      19.78150     -18.61674
      19.79160     -20.85325
      19.80180     -20.57911
      19.81200     -20.17268
      19.82210     -21.45207
      19.83230     -20.69893
      19.84250     -21.48153
      19.85260     -23.94783
      19.86280     -21.86992
      19.87300     -22.05589
      19.88310     -22.20376
      19.89330     -24.73585
      19.90350     -22.94028
      19.91360     -24.06495
      19.92380     -21.67244
      19.93390     -23.70926
      19.94410     -23.22801
      19.95430     -25.58684
      19.96440     -24.68368
      19.97460     -24.28132
      19.98480     -25.38783
      19.99490     -24.27128
      20.00510     -26.08449
      20.01530     -24.92549
      20.02540     -26.18260
      20.03560     -24.98843
      20.04580     -23.64119
      20.05590     -25.60934
      20.06610     -25.94530
      20.07630     -25.45746
      20.08640     -26.52435
      20.09660     -25.07829
      20.10670     -24.91661
      20.11690     -25.49147
      20.12710     -27.88148
      20.13720     -25.27548
      20.14740     -24.61534
      20.15760     -25.77986
      20.16770     -24.34802
      20.17790     -26.61145
      20.18810     -25.05910
      20.19820     -24.60017
      20.20840     -24.99595
      20.21860     -25.67560
      20.22870     -24.37854
      20.23890     -23.86569
      20.24900     -26.50607
      20.25920     -24.74037
      20.26940     -24.10809
      20.27950     -25.94900
      20.28970     -25.44345
      20.29990     -25.99113
      20.31000     -25.12204
      20.32020     -22.42612
      20.33040     -21.23332
      20.34050     -24.54382
      20.35070     -22.53720
      20.36090     -23.08363
      20.37100     -22.74350
      20.38120     -21.36604
      20.39140     -21.48158
      20.40150     -22.94073
      20.41170     -20.08238
      20.42180     -22.78781
      20.43200     -22.53561
      20.44220     -19.96647
      20.45230     -18.39142
      20.46250     -20.73860
      20.47270     -20.86896
      20.48280     -19.04373
      20.49300     -19.43066
      20.50320     -18.99093
      20.51330     -18.90599
      20.52350     -19.75319
      20.53370     -18.14392
      20.54380     -18.05984
      20.55400     -19.03795
      20.56410     -20.12153
      20.57430     -18.62736
      20.58450     -19.39720
      20.59460     -18.03291
      20.60480     -16.45103
      20.61500     -18.30342
      20.62510     -18.02225
      20.63530     -17.36363
      20.64550     -15.70964
      20.65560     -14.45263
      20.66580     -16.71841
      20.67600     -17.11922
      20.68610     -15.15756
      20.69630     -16.26896
      20.70650     -16.48588
      20.71660     -18.00085
      20.72680     -16.63927
      20.73690     -16.08616
      20.74710     -17.03670
      20.75730     -14.56361
      20.76740     -16.94957
      20.77760     -17.15967
      20.78780     -14.96658
      20.79790     -17.89328
      20.80810     -16.48450
      20.81830     -17.09314
      20.82840     -18.16223
      20.83860     -16.87636
      20.84880     -17.06853
      20.85890     -16.38179
      20.86910     -18.24067
      20.87920     -16.10112
      20.88940     -17.23758
      20.89960     -16.66319
      20.90970     -17.10095
      20.91990     -19.27539
      20.93010     -18.49966
      20.94020     -17.33679
      20.95040     -19.17134
      20.96060     -19.34633
      20.97070     -18.77493
      20.98090     -19.51158
      20.99110     -17.56943
      21.00120     -17.03160
      21.01140     -19.62259
      21.02160     -20.71548
      21.03170     -17.57338
      21.04190     -21.04087
      21.05200     -18.20379
      21.06220     -20.44685
      21.07240     -20.67314
      21.08250     -20.74541
      21.09270     -19.35876
      21.10290     -20.82599
      21.11300     -21.06991
      21.12320     -20.93574
      21.13340     -21.88621
      21.14350     -20.07403
      21.15370     -21.12455
      21.16390     -22.30049
      21.17400     -21.03434
      21.18420     -19.39182
      21.19430     -22.59756
      21.20450     -21.13753
      21.21470     -21.62414
      21.22480     -22.24952
      21.23500     -22.09004
      21.24520     -22.40793
      21.25530     -22.65501
      21.26550     -20.95817
      21.27570     -21.12931
      21.28580     -23.02012
      21.29600     -21.35789
      21.30620     -24.09428
      21.31630     -22.19073
      21.32650     -22.01495
      21.33660     -22.74943
      21.34680     -24.56225
      21.35700     -23.07471
      21.36710     -22.51768
      21.37730     -23.81981
      21.38750     -20.97210
      21.39760     -21.59509
      21.40780     -24.82802
      21.41800     -22.24155
      21.42810     -23.07592
      21.43830     -25.58094
      21.44850     -21.67695
      21.45860     -23.28383
      21.46880     -26.05204
      21.47900     -22.96155
      21.48910     -22.68188
      21.49930     -24.57412
      21.50940     -22.39712
      21.51960     -24.59238
      21.52980     -25.75928
      21.53990     -25.70673
      21.55010     -22.17690
      21.56030     -23.71879
      21.57040     -23.97093
      21.58060     -22.82615
      21.59080     -24.61306
      21.60090     -24.11987
      21.61110     -23.34997
      21.62130     -25.82169
      21.63140     -23.77276
      21.64160     -24.12733
      21.65170     -24.24087
      21.66190     -23.04793
      21.67210     -22.88615
      21.68220     -23.80266
      21.69240     -21.87265
      21.70260     -23.20337
      21.71270     -22.79162
      21.72290     -23.34318
      21.73310     -23.04494
      21.74320     -24.28335
      21.75340     -22.90476
      21.76360     -20.66566
      21.77370     -24.56237
      21.78390     -21.54150
      21.79410     -21.79948
      21.80420     -21.88209
      21.81440     -20.78671
      21.82450     -22.86519
      21.83470     -23.51520
      21.84490     -20.67245
      21.85500     -21.58240
      21.86520     -22.31306
      21.87540     -19.81991
      21.88550     -20.11818
      21.89570     -22.68625
      21.90590     -19.71924
      21.91600     -19.67248
      21.92620     -21.66440
      21.93640     -20.22996
      21.94650     -20.15443
      21.95670     -21.42624
      21.96680     -20.15597
      21.97700     -19.29220
      21.98720     -21.71005
      21.99730     -20.70421
      22.00750     -21.64369
      22.01770     -21.97323
      22.02780     -21.08761
      22.03800     -20.14586
      22.04820     -19.71271
      22.05830     -19.01291
      22.06850     -18.51541
      22.07870     -22.12491
      22.08880     -19.77649
      22.09900     -19.57867
      22.10920     -19.55626
      22.11930     -19.76459
      22.12950     -20.34169
      22.13960     -20.02862
      22.14980     -18.75322
      22.16000     -18.65085
      22.17010     -20.38675
      22.18030     -18.19879
      22.19050     -19.53224
      22.20060     -20.76274
      22.21080     -17.35763
      22.22100     -17.92245
      22.23110     -20.47319
      22.24130     -17.20656
      22.25150     -17.52841
      22.26160     -19.26521
      22.27180     -17.98285
      22.28190     -17.23485
      22.29210     -18.51661
      22.30230     -16.22467
      22.31240     -15.59622
      22.32260     -19.16592
      22.33280     -17.27081
      22.34290     -16.05839
      22.35310     -16.78270
      22.36330     -17.83110
      22.37340     -17.24165
      22.38360     -16.41745
      22.39380     -17.98645
      22.40390     -16.06720
      22.41410     -17.08189
      22.42430     -14.87897
      22.43440     -15.66762
      22.44460     -17.96898
      22.45470     -17.60187
      22.46490     -18.06676
      22.47510     -18.33307
      22.48520     -19.03096
      22.49540     -17.75992
      22.50560     -19.54988
      22.51570     -18.03174
      22.52590     -17.07379
      22.53610     -19.59669
      22.54620     -18.51185
      22.55640     -16.98660
      22.56660     -19.38218
      22.57670     -18.56061
      22.58690     -18.54812
      22.59700     -18.91899
      22.60720     -18.64871
      22.61740     -20.16963
      22.62750     -20.72467
      22.63770     -20.70843
      22.64790     -20.03374
      22.65800     -21.66420
      22.66820     -21.44339
      22.67840     -21.59463
      22.68850     -23.39226
      22.69870     -20.44864
      22.70890     -21.78786
      22.71900     -22.95471
      22.72920     -21.74061
      22.73940     -21.11021
      22.74950     -23.11882
      22.75970     -23.03691
      22.76980     -23.58499
      22.78000     -23.44293
      22.79020     -21.23636
      22.80030     -22.93107
      22.81050     -25.08656
      22.82070     -23.53847
      22.83080     -22.73346
      22.84100     -24.03981
      22.85120     -23.97392
      22.86130     -23.52273
      22.87150     -24.37384
      22.88170     -24.64403
      22.89180     -23.93056
      22.90200     -24.39038
      22.91210     -24.52763
      22.92230     -22.35892
      22.93250     -23.99156
      22.94260     -23.01330
      22.95280     -25.00023
      22.96300     -24.90005
      22.97310     -23.22032
      22.98330     -24.96724
      22.99350     -25.82825
      23.00360     -24.79152
      23.01380     -24.92244
      23.02400     -22.31897
      23.03410     -25.14933
      23.04430     -24.12855
      23.05450     -24.67482
      23.06460     -25.67636
      23.07480     -24.20805
      23.08490     -25.04597
      23.09510     -26.16488
      23.10530     -23.88304
      23.11540     -23.76874
      23.12560     -22.99670
      23.13580     -23.45534
      23.14590     -23.93241
      23.15610     -23.24328
      23.16630     -23.37572
      23.17640     -22.86802
      23.18660     -24.12501
      23.19680     -22.11485
      23.20690     -21.94555
      23.21710     -22.23208
      23.22720     -21.32007
      23.23740     -22.04461
      23.24760     -22.00365
      23.25770     -20.95498
      23.26790     -21.85389
      23.27810     -21.12832
      23.28820     -21.83544
      23.29840     -20.19124
      23.30860     -21.12333
      23.31870     -21.63869
      23.32890     -21.96374
      23.33910     -21.22550
      23.34920     -21.45122
      23.35940     -21.06719
      23.36950     -20.43734
      23.37970     -19.81824
      23.38990     -21.84688
      23.40000     -21.04996
      23.41020     -19.77445
      23.42040     -18.69708
      23.43050     -19.14430
      23.44070     -19.64351
      23.45090     -18.55131
      23.46100     -18.91347
      23.47120     -19.81826
      23.48140     -19.96186
      23.49150     -19.46976
      23.50170     -19.82081
      23.51190     -19.16060
      23.52200     -20.04474
      23.53220     -18.05218
      23.54230     -18.78385
      23.55250     -17.08897
      23.56270     -19.36299
      23.57280     -18.10096
      23.58300     -16.78261
      23.59320     -18.78309
      23.60330     -18.04717
      23.61350     -16.85509
      23.62370     -18.16179
      23.63380     -19.55152
      23.64400     -18.29535
      23.65420     -18.14761
      23.66430     -16.69254
      23.67450     -18.20160
      23.68460     -18.18293
      23.69480     -17.67838
      23.70500     -17.38185
      23.71510     -19.02724
      23.72530     -19.08654
      23.73550     -16.70365
      23.74560     -17.61213
      23.75580     -19.09445
      23.76600     -17.59425
      23.77610     -18.29487
      23.78630     -16.67919
      23.79650     -17.45070
      23.80660     -17.00235
      23.81680     -17.93767
      23.82700     -17.01970
      23.83710     -17.78141
      23.84730     -18.17650
      23.85740     -18.28084
      23.86760     -17.82854
      23.87780     -17.96232
      23.88790     -18.17482
      23.89810     -17.96039
      23.90830     -18.82168
      23.91840     -17.45115
      23.92860     -18.47346
      23.93880     -16.11111
      23.94890     -18.21640
      23.95910     -17.63431
      23.96930     -17.12723
      23.97940     -19.05717
      23.98960     -18.45959
      23.99970     -19.51870
      24.00990     -17.37012
      24.02010     -19.09585
      24.03020     -19.21789
      24.04040     -18.14190
      24.05060     -18.66994
      24.06070     -18.16380
      24.07090     -17.15943
      24.08110     -19.57873
      24.09120     -18.20342
      24.10140     -18.14967
      24.11160     -18.43926
      24.12170     -18.47384
      24.13190     -19.21976
      24.14210     -17.99875
      24.15220     -18.79229
      24.16240     -19.93703
      24.17250     -19.01607
      24.18270     -19.43620
      24.19290     -18.53888
      24.20300     -18.85557
      24.21320     -20.07311
      24.22340     -19.46297
      24.23350     -19.44652
      24.24370     -19.78077
      24.25390     -18.83710
      24.26400     -18.80684
      24.27420     -20.22712
      24.28440     -20.35926
      24.29450     -20.35455
      24.30470     -20.61023
      24.31480     -19.53889
      24.32500     -20.24785
      24.33520     -19.86839
      24.34530     -20.13164
      24.35550     -19.62511
      24.36570     -18.42995
      24.37580     -20.38735
      24.38600     -20.63480
      24.39620     -19.67351
      24.40630     -21.27459
      24.41650     -18.40562
      24.42670     -19.99776
      24.43680     -19.71213
      24.44700     -19.44635
      24.45720     -20.70158
      24.46730     -19.96885
      24.47750     -21.24592
      24.48760     -20.05498
      24.49780     -21.31377
      24.50800     -19.78341
      24.51810     -18.86487
      24.52830     -19.72603
      24.53850     -21.67792
      24.54860     -20.91157
      24.55880     -20.63483
      24.56900     -20.62875
      24.57910     -20.85435
      24.58930     -21.10950
      24.59950     -21.19524
      24.60960     -20.87259
      24.61980     -21.69945
      24.62990     -20.86787
      24.64010     -20.34579
      24.65030     -20.36423
      24.66040     -20.15410
      24.67060     -20.23347
      24.68080     -20.42333
      24.69090     -19.97456
      24.70110     -20.77529
      24.71130     -19.89641
      24.72140     -21.65891
      24.73160     -20.16085
      24.74180     -20.56317
      24.75190     -20.40682
      24.76210     -19.39990
      24.77230     -20.13334
      24.78240     -20.64808
      24.79260     -21.10222
      24.80270     -20.52764
      24.81290     -20.80246
      24.82310     -20.71762
      24.83320     -21.31402
      24.84340     -19.68983
      24.85360     -20.40594
      24.86370     -21.42327
      24.87390     -20.74002
      24.88410     -20.20705
      24.89420     -20.76531
      24.90440     -22.53294
      24.91460     -20.97087
      24.92470     -20.40001
      24.93490     -20.73853
      24.94500     -20.08824
      24.95520     -21.36733
      24.96540     -22.09672
      24.97550     -20.91728
      24.98570     -21.05723
      24.99590     -21.78749
      25.00600     -21.61889
      25.01620     -21.55971
      25.02640     -21.76080
      25.03650     -19.26304
      25.04670     -20.41471
      25.05690     -20.28665
      25.06700     -20.83974
      25.07720     -21.24225
      25.08740     -20.08504
      25.09750     -20.64898
      25.10770     -19.88234
      25.11780     -20.73685
      25.12800     -21.52078
      25.13820     -20.75501
      25.14830     -21.25037
      25.15850     -20.59517
      25.16870     -21.20029
      25.17880     -20.73650
      25.18900     -20.08220
      25.19920     -20.88819
      25.20930     -21.49529
      25.21950     -20.23187
      25.22970     -20.66875
      25.23980     -19.62675
      25.25000     -20.54424
      25.26010     -21.23284
      25.27030     -20.61094
      25.28050     -21.36934
      25.29060     -20.58886
      25.30080     -20.80789
      25.31100     -20.45723
      25.32110     -21.05769
      25.33130     -20.26766
      25.34150     -20.74797
      25.35160     -20.32936
      25.36180     -20.03031
      25.37200     -20.68157
      25.38210     -19.95395
      25.39230     -19.19587
      25.40240     -20.67889
      25.41260     -20.93147
      25.42280     -21.73440
      25.43290     -19.68841
      25.44310     -19.62201
      25.45330     -20.52595
      25.46340     -21.82097
      25.47360     -19.09559
      25.48380     -20.56057
      25.49390     -19.49663
      25.50410     -20.33230
      25.51430     -19.89833
      25.52440     -19.51542
      25.53460     -21.16217
      25.54480     -19.93926
      25.55490     -21.85743
      25.56510     -20.86525
      25.57520     -20.39414
      25.58540     -19.63267
      25.59560     -20.96159
      25.60570     -20.46157
      25.61590     -21.60122
      25.62610     -20.35125
      25.63620     -20.25234
      25.64640     -20.29312
      25.65660     -19.86427
      25.66670     -20.45649
      25.67690     -21.97841
      25.68710     -20.34073
      25.69720     -19.51407
      25.70740     -19.72716
      25.71750     -20.47127
      25.72770     -19.75515
      25.73790     -20.38940
      25.74800     -19.85469
      25.75820     -20.22973
      25.76840     -19.94517
      25.77850     -19.42164
      25.78870     -19.25789
      25.79890     -20.67453
      25.80900     -19.24220
      25.81920     -19.79965
      25.82940     -20.79753
      25.83950     -20.23641
      25.84970     -20.08508
      25.85990     -19.99418
      25.87000     -19.62428
      25.88020     -21.10421
      25.89030     -20.09513
      25.90050     -21.08589
      25.91070     -20.70706
      25.92080     -20.89923
      25.93100     -19.62124
      25.94120     -20.07368
      25.95130     -20.28710
      25.96150     -20.21038
      25.97170     -20.94409
      25.98180     -19.86878
      25.99200     -19.75335
      26.00220     -19.86835
      26.01230     -19.99431
      26.02250     -18.44017
      26.03260     -20.80698
      26.04280     -20.33370
      26.05300     -20.48087
      26.06310     -19.94897
      26.07330     -20.86701
      26.08350     -21.46547
      26.09360     -20.31488
      26.10380     -20.37422
      26.11400     -20.81400
      26.12410     -20.81471
      26.13430     -20.15538
      26.14450     -20.88648
      26.15460     -21.66851
      26.16480     -19.64050
      26.17500     -19.22294
      26.18510     -19.78628
      26.19530     -20.44960
      26.20540     -21.03382
      26.21560     -19.83803
      26.22580     -20.42269
      26.23590     -20.31822
      26.24610     -21.66377
      26.25630     -20.05977
      26.26640     -21.17665
      26.27660     -20.41353
      26.28680     -19.59086
      26.29690     -20.48906
      26.30710     -20.32729
      26.31730     -21.06596
      26.32740     -21.47549
      26.33760     -19.82506
      26.34770     -20.12547
      26.35790     -19.97593
      26.36810     -20.93685
      26.37820     -21.28858
      26.38840     -21.01039
      26.39860     -21.04263
      26.40870     -20.38569
      26.41890     -19.40883
      26.42910     -19.89241
      26.43920     -19.99680
      26.44940     -20.87127
      26.45960     -20.73619
      26.46970     -20.89188
      26.47990     -20.60768
      26.49010     -21.30393
      26.50020     -20.29093
      26.51040     -20.51806
      26.52050     -20.11594
      26.53070     -21.45394
      26.54090     -21.14238
      26.55100     -20.49156
      26.56120     -21.46087
      26.57140     -21.38061
      26.58150     -20.56109
      26.59170     -21.16170
      26.60190     -20.29274
      26.61200     -21.00450
      26.62220     -21.31640
      26.63240     -20.25873
      26.64250     -21.24176
      26.65270     -21.06494
      26.66280     -19.50881
      26.67300     -21.38284
      26.68320     -20.26731
      26.69330     -20.89243
      26.70350     -21.20773
      26.71370     -20.43345
      26.72380     -21.60982
      26.73400     -21.88637
      26.74420     -20.36334
      26.75430     -21.38094
      26.76450     -20.49874
      26.77470     -21.01694
      26.78480     -21.40577
      26.79500     -20.99480
      26.80520     -20.28423
      26.81530     -20.78427
      26.82550     -21.92452
      26.83560     -21.48537
      26.84580     -21.60643
      26.85600     -21.49789
      26.86610     -21.39994
      26.87630     -20.77221
      26.88650     -21.17489
      26.89660     -21.16814
      26.90680     -21.74162
      26.91700     -20.46551
      26.92710     -21.02996
      26.93730     -21.36466
      26.94750     -21.37977
      26.95760     -20.87542
      26.96780     -21.34134
      26.97790     -20.54781
      26.98810     -21.26455
      26.99830     -22.65171
      27.00840     -20.55941
      27.01860     -21.50741
      27.02880     -21.86584
      27.03890     -21.57480
      27.04910     -20.49409
      27.05930     -20.44382
      27.06940     -20.36409
      27.07960     -20.91472
      27.08980     -21.84580
      27.09990     -21.21744
      27.11010     -21.17946
      27.12020     -21.25205
      27.13040     -21.41506
      27.14060     -21.48857
      27.15070     -22.16266
      27.16090     -20.43722
      27.17110     -20.55232
      27.18120     -21.03803
      27.19140     -21.46427
      27.20160     -21.33111
      27.21170     -21.87858
      27.22190     -22.33665
      27.23210     -22.15538
      27.24220     -21.40478
      27.25240     -20.91487
      27.26260     -22.66569
      27.27270     -21.36724
      27.28290     -22.37959
      27.29300     -22.75271
      27.30320     -21.80669
      27.31340     -22.97154
      27.32350     -21.79725
      27.33370     -22.28395
      27.34390     -22.21163
      27.35400     -21.25026
      27.36420     -20.81002
      27.37440     -20.68090
      27.38450     -20.84281
      27.39470     -22.20604
      27.40490     -21.40052
      27.41500     -21.53615
      27.42520     -22.35329
      27.43530     -22.01166
      27.44550     -22.06168
      27.45570     -22.35323
      27.46580     -20.87614
      27.47600     -20.87094
      27.48620     -21.60747
      27.49630     -21.84550
      27.50650     -20.79566
      27.51670     -21.03776
      27.52680     -21.71153
      27.53700     -20.56770
      27.54720     -20.78603
      27.55730     -21.47619
      27.56750     -20.51904
      27.57770     -20.92430
      27.58780     -21.15154
      27.59800     -20.79181
      27.60810     -21.06418
      27.61830     -21.31976
      27.62850     -21.88815
      27.63860     -20.66881
      27.64880     -19.81302
      27.65900     -19.68029
      27.66910     -21.49997
      27.67930     -21.04355
      27.68950     -22.39041
      27.69960     -19.94983
      27.70980     -21.56347
      27.72000     -21.45062
      27.73010     -20.67046
      27.74030     -21.69482
      27.75040     -21.43194
      27.76060     -20.97376
      27.77080     -19.79945
      27.78090     -20.99793
      27.79110     -21.13143
      27.80130     -22.09892
      27.81140     -21.43922
      27.82160     -21.91478
      27.83180     -20.97443
      27.84190     -21.42687
      27.85210     -22.13474
      27.86230     -21.05676
      27.87240     -20.76147
      27.88260     -20.98173
      27.89280     -20.32610
      27.90290     -19.52305
      27.91310     -21.40557
      27.92320     -20.39050
      27.93340     -20.41100
      27.94360     -20.95545
      27.95370     -20.55199
      27.96390     -20.82405
      27.97410     -19.62981
      27.98420     -21.66727
      27.99440     -21.36008
      28.00460     -20.99626
      28.01470     -21.19369
      28.02490     -21.15617
      28.03510     -21.63159
      28.04520     -21.25773
      28.05540     -21.65852
      28.06550     -21.32961
      28.07570     -20.24504
      28.08590     -20.87245
      28.09600     -20.55957
      28.10620     -21.53036
      28.11640     -20.85254
      28.12650     -21.39360
      28.13670     -20.37773
      28.14690     -20.95244
      28.15700     -19.97524
      28.16720     -21.55031
      28.17740     -20.90512
      28.18750     -21.77717
      28.19770     -20.67059
      28.20790     -20.75283
      28.21800     -20.33151
      28.22820     -21.56056
      28.23830     -20.65537
      28.24850     -20.48993
      28.25870     -19.65170
      28.26880     -20.20842
      28.27900     -21.01375
      28.28920     -20.11538
      28.29930     -20.56101
      28.30950     -19.20423
      28.31970     -21.03274
      28.32980     -21.18442
      28.34000     -20.60260
      28.35020     -21.73511
      28.36030     -20.92003
      28.37050     -20.20036
      28.38060     -20.05263
      28.39080     -19.76961
      28.40100     -20.87944
      28.41110     -20.53065
      28.42130     -19.68553
      28.43150     -20.17249
      28.44160     -21.44033
      28.45180     -20.05089
      28.46200     -21.01292
      28.47210     -21.04541
      28.48230     -20.95984
      28.49250     -21.60518
      28.50260     -19.92074
      28.51280     -20.60754
      28.52300     -21.40484
      28.53310     -19.89230
      28.54330     -20.80041
      28.55340     -21.50873
      28.56360     -21.28739
      28.57380     -20.43622
      28.58390     -21.15544
      28.59410     -19.56466
      28.60430     -20.81408
      28.61440     -21.99424
      28.62460     -20.00423
      28.63480     -20.43455
      28.64490     -21.34614
      28.65510     -21.77753
      28.66530     -19.93958
      28.67540     -21.58353
      28.68560     -19.89742
      28.69570     -19.82371
      28.70590     -20.86011
      28.71610     -20.55802
      28.72620     -20.51916
      28.73640     -21.01078
      28.74660     -21.94461
      28.75670     -22.54256
      28.76690     -21.98156
      28.77710     -21.64347
      28.78720     -21.95053
      28.79740     -20.90927
      28.80760     -20.79176
      28.81770     -21.75049
      28.82790     -21.19154
      28.83810     -21.38730
      28.84820     -18.96038
      28.85840     -21.22656
      28.86850     -22.81078
      28.87870     -21.33864
      28.88890     -20.79281
      28.89900     -21.09610
      28.90920     -21.82388
      28.91940     -21.29897
      28.92950     -20.91413
      28.93970     -21.59476
      28.94990     -21.12354
      28.96000     -21.14347
      28.97020     -21.11961
      28.98040     -21.14489
      28.99050     -21.98221
      29.00070     -21.25659
      29.01080     -21.15359
      29.02100     -21.14819
      29.03120     -20.93329
      29.04130     -20.93175
      29.05150     -21.53859
      29.06170     -20.23665
      29.07180     -20.38874
      29.08200     -21.48991
      29.09220     -19.76298
      29.10230     -19.50054
      29.11250     -20.77790
      29.12270     -19.98762
      29.13280     -22.64236
      29.14300     -20.75736
      29.15310     -20.48760
      29.16330     -20.95843
      29.17350     -21.16236
      29.18360     -20.44180
      29.19380     -21.02224
      29.20400     -21.25608
      29.21410     -20.93559
      29.22430     -21.46641
      29.23450     -21.03084
      29.24460     -19.75100
      29.25480     -19.12274
      29.26500     -20.59822
      29.27510     -20.21934
      29.28530     -21.52228
      29.29550     -20.30894
      29.30560     -20.09121
      29.31580     -21.19531
      29.32590     -21.11494
      29.33610     -19.97644
      29.34630     -21.33161
      29.35640     -20.15209
      29.36660     -20.81445
      29.37680     -20.00035
      29.38690     -20.23132
      29.39710     -20.66411
      29.40730     -20.54029
      29.41740     -20.47124
      29.42760     -19.94393
      29.43780     -19.97983
      29.44790     -20.92015
      29.45810     -20.47214
      29.46820     -21.39835
      29.47840     -19.88612
      29.48860     -20.63666
      29.49870     -20.38114
      29.50890     -20.77697
      29.51910     -20.23535
      29.52920     -21.48734
      29.53940     -19.67051
      29.54960     -20.28597
      29.55970     -20.92473
      29.56990     -20.64449
      29.58010     -19.75630
      29.59020     -20.55107
      29.60040     -20.45666
      29.61060     -20.63407
      29.62070     -21.33415
      29.63090     -21.20490
      29.64100     -20.47812
      29.65120     -21.07190
      29.66140     -20.87707
      29.67150     -20.38451
      29.68170     -20.17229
      29.69190     -21.38128
      29.70200     -21.06230
      29.71220     -21.16350
      29.72240     -20.79572
      29.73250     -20.77977
      29.74270     -20.40385
      29.75290     -20.59880
      29.76300     -20.31535
      29.77320     -20.55183
      29.78330     -21.22980
      29.79350     -19.95762
      29.80370     -19.63607
      29.81380     -20.47584
      29.82400     -19.22538
      29.83420     -20.51538
      29.84430     -20.66662
      29.85450     -20.60749
      29.86470     -20.70875
      29.87480     -21.25113
      29.88500     -19.93306
      29.89520     -20.31529
      29.90530     -20.18855
      29.91550     -20.86130
      29.92570     -19.85429
      29.93580     -20.29821
      29.94600     -20.08158
      29.95610     -20.31585
      29.96630     -19.38954
      29.97650     -19.73335
      29.98660     -20.17802
      29.99680     -20.45207
      30.00700     -19.75620
      30.01710     -20.01116
      30.02730     -20.51545
      30.03750     -21.60980
      30.04760     -21.27496
      30.05780     -19.03942
      30.06800     -19.30392
      30.07810     -20.00921
      30.08830     -20.29379
      30.09840     -20.20915
      30.10860     -19.83378
      30.11880     -19.84846
      30.12890     -21.18387
      30.13910     -20.67859
      30.14930     -20.16332
      30.15940     -20.47880
      30.16960     -21.27358
      30.17980     -19.82836
      30.18990     -20.05393
      30.20010     -20.82876
      30.21030     -20.08363
      30.22040     -20.38926
      30.23060     -21.11418
      30.24080     -21.04914
      30.25090     -19.99488
      30.26110     -19.91992
      30.27120     -20.03574
      30.28140     -21.23087
      30.29160     -20.69607
      30.30170     -21.37203
      30.31190     -19.96735
      30.32210     -20.48271
      30.33220     -20.16889
      30.34240     -20.85441
      30.35260     -21.74000
      30.36270     -20.17642
      30.37290     -20.72219
      30.38310     -21.20806
      30.39320     -21.16477
      30.40340     -19.52085
      30.41350     -21.27777
      30.42370     -20.13408
      30.43390     -21.20052
      30.44400     -21.28782
      30.45420     -20.48451
      30.46440     -20.69138
      30.47450     -20.61909
      30.48470     -21.63624
      30.49490     -21.00355
      30.50500     -21.53175
      30.51520     -20.66939
      30.52540     -21.07722
      30.53550     -21.20594
      30.54570     -19.97414
      30.55590     -21.74253
      30.56600     -20.86184
      30.57620     -21.09064
      30.58630     -20.79036
      30.59650     -21.21959
      30.60670     -21.36905
      30.61680     -21.13944
      30.62700     -20.64937
      30.63720     -21.43955
      30.64730     -21.06064
      30.65750     -21.43133
      30.66770     -22.39226
      30.67780     -21.29413
      30.68800     -22.16560
      30.69820     -21.39734
      30.70830     -20.82004
      30.71850     -21.80235
      30.72860     -20.11562
      30.73880     -20.80852
      30.74900     -22.15172
      30.75910     -21.90589
      30.76930     -21.71972
      30.77950     -21.68387
      30.78960     -20.31898
      30.79980     -20.82377
      30.81000     -22.20891
      30.82010     -21.90501
      30.83030     -21.74083
      30.84050     -21.43699
      30.85060     -21.09413
      30.86080     -21.09099
      30.87100     -21.04823
      30.88110     -20.86644
      30.89130     -20.86440
      30.90140     -20.87336
      30.91160     -20.85208
      30.92180     -22.00118
      30.93190     -21.43128
      30.94210     -21.92116
      30.95230     -21.34145
      30.96240     -21.56271
      30.97260     -21.52379
      30.98280     -21.00530
      30.99290     -21.98776
      31.00310     -20.96009
      31.01330     -21.06283
      31.02340     -21.71655
      31.03360     -20.91013
      31.04370     -21.91469
      31.05390     -22.35914
      31.06410     -20.94401
      31.07420     -21.58987
      31.08440     -21.61563
      31.09460     -21.68183
      31.10470     -21.96900
      31.11490     -21.30609
      31.12510     -21.69364
      31.13520     -21.27215
      31.14540     -21.95062
      31.15560     -21.14953
      31.16570     -20.57940
      31.17590     -21.66924
      31.18600     -21.09003
      31.19620     -20.86081
      31.20640     -21.40205
      31.21650     -21.97424
      31.22670     -20.81642
      31.23690     -21.48908
      31.24700     -20.99267
      31.25720     -21.20629
      31.26740     -20.80037
      31.27750     -20.74539
      31.28770     -21.47043
      31.29790     -20.95597
      31.30800     -21.44241
      31.31820     -21.56891
      31.32840     -20.84589
      31.33850     -20.97377
      31.34870     -20.86172
      31.35880     -21.45055
      31.36900     -21.05947
      31.37920     -20.12887
      31.38930     -21.41916
      31.39950     -21.92953
      31.40970     -20.34039
      31.41980     -20.84212
      31.43000     -21.38394
      31.44020     -20.90626
      31.45030     -20.88943
      31.46050     -21.35271
      31.47070     -20.95648
      31.48080     -21.27107
      31.49100     -21.35580
      31.50110     -20.06134
      31.51130     -22.14703
      31.52150     -21.11319
      31.53160     -21.29015
      31.54180     -21.60727
      31.55200     -20.71486
      31.56210     -20.51324
      31.57230     -21.25176
      31.58250     -20.24075
      31.59260     -21.81052
      31.60280     -20.77044
      31.61300     -21.80083
      31.62310     -21.58197
      31.63330     -21.67327
      31.64350     -21.62503
      31.65360     -21.37751
      31.66380     -20.50018
      31.67390     -20.61355
      31.68410     -19.74711
      31.69430     -20.80110
      31.70440     -21.13578
      31.71460     -21.72065
      31.72480     -21.29595
      31.73490     -20.28192
      31.74510     -21.20807
      31.75530     -20.90465
      31.76540     -21.35187
      31.77560     -21.07928
      31.78580     -21.04710
      31.79590     -20.06555
      31.80610     -21.21417
      31.81620     -21.46342
      31.82640     -21.00284
      31.83660     -20.61266
      31.84670     -21.02306
      31.85690     -21.17365
      31.86710     -20.82462
      31.87720     -21.40615
      31.88740     -20.66785
      31.89760     -21.17993
      31.90770     -20.72254
      31.91790     -20.31533
      31.92810     -21.14847
      31.93820     -21.21213
      31.94840     -21.87596
      31.95860     -20.33013
      31.96870     -20.72477
      31.97890     -20.31959
      31.98900     -21.22489
      31.99920     -20.96034
      32.00940     -20.24611
      32.01950     -20.97232
      32.02970     -20.68869
      32.03990     -20.01536
      32.05000     -20.56244
      32.06020     -22.07968
      32.07040     -19.86719
      32.08050     -20.60509
      32.09070     -21.57314
      32.10090     -20.51146
      32.11100     -20.20012
      32.12120     -21.11894
      32.13130     -21.63809
      32.14150     -20.01739
      32.15170     -21.67690
      32.16180     -21.07674
      32.17200     -20.43670
      32.18220     -19.85687
      32.19230     -20.35734
      32.20250     -20.67791
      32.21270     -20.61868
      32.22280     -20.48972
      32.23300     -20.93086
      32.24320     -20.69217
      32.25330     -20.87372
      32.26350     -19.85536
      32.27370     -20.47716
      32.28380     -21.49918
      32.29400     -21.21126
      32.30410     -20.00355
      32.31430     -19.92590
      32.32450     -20.45838
      32.33460     -21.38104
      32.34480     -21.11374
      32.35500     -21.18654
      32.36510     -20.34951
      32.37530     -20.37250
      32.38550     -21.28558
      32.39560     -20.69880
      32.40580     -20.80203
      32.41600     -21.00532
      32.42610     -20.74874
      32.43630     -20.73215
      32.44640     -20.57565
      32.45660     -21.00914
      32.46680     -21.19267
      32.47690     -20.42628
      32.48710     -21.27986
      32.49730     -20.40344
      32.50740     -20.83710
      32.51760     -21.21070
      32.52780     -20.68429
      32.53790     -20.82794
      32.54810     -21.30150
      32.55830     -20.75505
      32.56840     -20.51863
      32.57860     -20.96211
      32.58880     -20.78555
      32.59890     -20.68902
      32.60910     -21.09236
      32.61920     -21.13571
      32.62940     -20.61894
      32.63960     -21.06209
      32.64970     -20.99524
      32.65990     -21.21823
      32.67010     -21.84115
      32.68020     -20.50403
      32.69040     -20.75676
      32.70060     -20.48938
      32.71070     -20.42196
      32.72090     -21.13436
      32.73110     -21.27664
      32.74120     -21.09888
      32.75140     -21.35090
      32.76150     -21.16287
      32.77170     -21.33463
      32.78190     -21.19624
      32.79200     -21.14779
      32.80220     -20.01909
      32.81240     -20.37024
      32.82250     -20.30132
      32.83270     -20.50214
      32.84290     -20.77279
      32.85300     -21.82335
      32.86320     -21.28364
      32.87340     -21.06375
      32.88350     -21.07377
      32.89370     -20.10350
      32.90390     -20.85303
      32.91400     -21.51246
      32.92420     -21.24159
      32.93430     -20.94061
      32.94450     -21.27932
      32.95470     -20.97781
      32.96480     -19.88620
      32.97500     -21.19425
      32.98520     -20.53207
      32.99530     -20.58979
      33.00550     -21.50715
      33.01570     -21.31428
      33.02580     -20.53131
      33.03600     -20.09796
      33.04620     -19.86437
      33.05630     -20.19066
      33.06650     -20.23658
      33.07660     -21.05239
      33.08680     -20.42780
      33.09700     -21.16296
      33.10710     -19.22801
      33.11730     -19.81266
      33.12750     -20.08704
      33.13760     -20.46132
      33.14780     -20.31517
      33.15800     -20.66876
      33.16810     -20.83225
      33.17830     -20.08530
      33.18850     -20.31808
      33.19860     -20.19076
      33.20880     -20.36300
      33.21890     -20.28514
      33.22910     -20.34684
      33.23930     -19.90825
      33.24940     -20.64957
      33.25960     -20.36043
      33.26980     -19.24103
      33.27990     -20.00152
      33.29010     -19.40155
      33.30030     -20.08130
      33.31040     -19.83098
      33.32060     -20.10018
      33.33080     -20.25909
      33.34090     -19.80794
      33.35110     -19.47630
      33.36130     -19.87438
      33.37140     -19.30241
      33.38160     -19.46994
      33.39170     -20.02741
      33.40190     -19.83439
      33.41210     -19.45110
      33.42220     -19.85776
      33.43240     -19.02392
      33.44260     -20.12981
      33.45270     -18.47566
      33.46290     -19.80102
      33.47310     -20.02610
      33.48320     -19.00116
      33.49340     -19.22571
      33.50360     -19.62000
      33.51370     -19.40429
      33.52390     -19.00805
      33.53400     -19.91182
      33.54420     -19.11508
      33.55440     -19.74808
      33.56450     -19.97110
      33.57470     -19.25360
      33.58490     -19.71586
      33.59500     -19.71814
      33.60520     -19.79990
      33.61540     -19.36144
      33.62550     -19.67301
      33.63570     -20.43407
      33.64590     -20.42489
      33.65600     -21.15578
      33.66620     -20.58615
      33.67640     -19.59630
      33.68650     -20.09651
      33.69670     -20.23622
      33.70680     -19.32602
      33.71700     -19.42531
      33.72720     -20.22438
      33.73730     -20.41356
      33.74750     -19.62222
      33.75770     -20.38070
      33.76780     -20.79929
      33.77800     -20.26738
      33.78820     -21.29528
      33.79830     -20.54330
      33.80850     -21.14085
      33.81870     -20.99821
      33.82880     -20.79571
      33.83900     -21.17273
      33.84910     -20.66991
      33.85930     -20.77660
      33.86950     -21.09313
      33.87960     -21.25984
      33.88980     -20.51607
      33.90000     -21.60215
      33.91010     -21.40843
      33.92030     -21.54424
      33.93050     -21.65990
      33.94060     -21.66578
      33.95080     -21.08119
      33.96100     -21.09649
      33.97110     -21.46201
      33.98130     -21.21707
      33.99150     -21.47202
      34.00160     -21.89723
      34.01180     -21.56197
      34.02190     -21.17697
      34.03210     -21.14153
      34.04230     -21.33600
      34.05240     -21.83075
      34.06260     -21.36506
      34.07280     -21.76929
      34.08290     -21.73381
      34.09310     -21.84791
      34.10330     -22.17196
      34.11340     -22.14628
      34.12360     -21.62021
      34.13380     -21.60409
      34.14390     -22.17827
      34.15410     -21.68208
      34.16420     -21.47618
      34.17440     -21.56991
      34.18460     -22.12361
      34.19470     -21.83765
      34.20490     -21.10130
      34.21510     -22.03494
      34.22520     -21.53893
      34.23540     -22.23255
      34.24560     -21.72617
      34.25570     -21.89016
      34.26590     -20.71379
      34.27610     -21.69744
      34.28620     -22.45144
      34.29640     -22.16513
      34.30660     -21.87883
      34.31670     -21.82290
      34.32690     -22.85666
      34.33700     -22.66080
      34.34720     -21.28464
      34.35740     -22.25851
      34.36750     -21.66278
      34.37770     -22.63675
      34.38790     -22.53077
      34.39800     -21.61522
      34.40820     -21.44936
      34.41840     -22.62357
      34.42850     -22.14819
      34.43870     -21.85254
      34.44890     -21.46699
      34.45900     -21.71184
      34.46920     -22.36643
      34.47930     -22.09146
      34.48950     -21.46624
      34.49970     -22.05111
      34.50980     -22.00641
      34.52000     -22.76147
      34.53020     -21.66664
      34.54030     -21.38227
      34.55050     -21.44765
      34.56070     -21.25316
      34.57080     -22.26911
      34.58100     -22.49485
      34.59120     -21.42071
      34.60130     -22.32704
      34.61150     -21.44316
      34.62170     -21.96941
      34.63180     -22.17612
      34.64200     -21.08266
      34.65210     -21.17964
      34.66230     -21.57645
      34.67250     -22.17340
      34.68260     -20.98083
      34.69280     -21.98808
      34.70300     -20.71549
      34.71310     -21.50336
      34.72330     -21.54108
      34.73350     -21.40896
      34.74360     -21.23733
      34.75380     -22.01553
      34.76400     -21.06391
      34.77410     -21.89276
      34.78430     -21.94147
      34.79440     -20.90067
      34.80460     -21.27974
      34.81480     -21.37898
      34.82490     -22.29869
      34.83510     -21.40831
      34.84530     -21.90809
      34.85540     -21.30835
      34.86560     -20.89850
      34.87580     -20.74884
      34.88590     -22.00967
      34.89610     -21.22039
      34.90630     -21.77131
      34.91640     -21.99269
      34.92660     -21.99399
      34.93670     -20.93578
      34.94690     -20.80747
      34.95710     -21.04936
      34.96720     -21.58172
      34.97740     -21.24402
      34.98760     -21.34652
      34.99770     -21.02948
      35.00790     -20.72238
      35.01810     -20.33548
      35.02820     -21.63906
      35.03840     -21.52258
      35.04860     -21.44630
      35.05870     -21.44048
      35.06890     -21.44462
      35.07910     -21.28896
      35.08920     -21.17377
      35.09940     -21.06853
      35.10950     -21.08375
      35.11970     -21.33893
      35.12990     -20.87432
      35.14000     -21.06017
      35.15020     -21.19599
      35.16040     -20.90201
      35.17050     -21.01848
      35.18070     -21.23494
      35.19090     -21.33160
      35.20100     -20.35870
      35.21120     -21.14578
      35.22140     -21.89307
      35.23150     -20.84081
      35.24170     -20.91853
      35.25180     -20.48667
      35.26200     -21.37481
      35.27220     -21.40316
      35.28230     -20.73193
      35.29250     -21.25070
      35.30270     -20.57968
      35.31280     -20.91908
      35.32300     -21.14847
      35.33320     -21.16809
      35.34330     -21.82810
      35.35350     -20.92812
      35.36370     -20.76835
      35.37380     -20.71898
      35.38400     -20.80962
      35.39420     -20.34046
      35.40430     -20.93170
      35.41450     -20.76295
      35.42460     -19.98459
      35.43480     -20.77625
      35.44500     -20.25810
      35.45510     -20.54034
      35.46530     -20.75259
      35.47550     -20.17505
      35.48560     -21.15788
      35.49580     -21.34072
      35.50600     -21.22377
      35.51610     -20.77717
      35.52630     -20.81061
      35.53650     -20.40424
      35.54660     -20.94821
      35.55680     -20.84222
      35.56690     -20.75658
      35.57710     -20.54096
      35.58730     -20.77553
      35.59740     -20.03044
      35.60760     -21.22538
      35.61780     -20.92051
      35.62790     -20.81597
      35.63810     -21.00146
      35.64830     -21.01713
      35.65840     -20.58311
      35.66860     -20.61914
      35.67880     -20.17535
      35.68890     -20.47186
      35.69910     -21.19840
      35.70930     -21.31513
      35.71940     -21.15215
      35.72960     -20.88922
      35.73970     -21.00657
      35.74990     -20.56397
      35.76010     -20.75153
      35.77020     -21.08938
      35.78040     -21.14727
      35.79060     -20.69532
      35.80070     -20.48365
      35.81090     -20.61201
      35.82110     -20.89054
      35.83120     -20.71934
      35.84140     -19.86817
      35.85160     -20.81716
      35.86170     -21.03641
      35.87190     -20.54570
      35.88200     -20.60524
      35.89220     -21.09482
      35.90240     -21.11455
      35.91250     -20.97453
      35.92270     -20.36455
      35.93290     -20.60470
      35.94300     -20.56510
      35.95320     -20.96553
      35.96340     -20.36610
      35.97350     -20.86691
      35.98370     -20.68775
      35.99390     -20.29872
      36.00400     -20.65991
      36.01420     -20.47115
      36.02440     -20.53251
      36.03450     -20.29408
      36.04470     -20.64570
      36.05480     -20.66752
      36.06500     -20.57938
      36.07520     -21.39136
      36.08530     -21.30353
      36.09550     -20.15575
      36.10570     -21.21809
      36.11580     -20.22061
      36.12600     -19.79318
      36.13620     -20.29585
      36.14630     -20.46871
