! TITLE: Yobs                                                                                                                                                                                                                                                            
! Peak:  6
       6.00860      24.00000
       6.01870      24.00000
       6.02890      24.00000
       6.03910      24.00000
       6.04920      24.00000
       6.05940      24.00000
       6.06960      24.00000
       6.07970      24.00000
       6.08990      24.00000
       6.10010      24.00000
       6.11020      24.00000
       6.12040      24.00000
       6.13060      24.00000
       6.14070      24.00000
       6.15090      24.00000
       6.16110      24.00000
       6.17120      24.00000
       6.18140      24.00000
       6.19150      24.00000
       6.20170      24.00000
       6.21190      24.00000
       6.22200      24.00000
       6.23220      24.00000
       6.24240      24.00000
       6.25250      24.00000
       6.26270      24.00000
       6.27290      24.00000
       6.28300      24.00000
       6.29320      24.00000
       6.30340      24.00000
       6.31350      24.00000
       6.32370      24.00000
       6.33380      24.00000
       6.34400      24.00000
       6.35420      24.00000
       6.36430      24.00000
       6.37450      24.00000
       6.38470      24.00000
       6.39480      24.00000
       6.40500      24.00000
       6.41520      24.00000
       6.42530      24.00000
       6.43550      24.00000
       6.44570      24.00000
       6.45580      24.00000
       6.46600      24.00000
       6.47620      24.00000
       6.48630      24.00000
       6.49650      24.00000
       6.50660      24.00000
       6.51680      24.00000
       6.52700      24.00000
       6.53710      24.00000
       6.54730      24.00000
       6.55750      24.00000
       6.56760      24.00000
       6.57780      24.00000
       6.58800      24.00000
       6.59810      24.00000
       6.60830      24.00000
       6.61850      24.00000
       6.62860      24.00000
       6.63880      24.00000
       6.64890      24.00000
       6.65910      24.00000
       6.66930      24.00000
       6.67940      24.00000
       6.68960      24.00000
       6.69980      24.00000
       6.70990      24.00000
       6.72010      24.00000
       6.73030      24.00000
       6.74040      24.00000
       6.75060      24.00000
       6.76080      24.00187
       6.77090      24.00187
       6.78110      24.00187
       6.79130      24.00188
       6.80140      24.00188
       6.81160      24.00188
       6.82170      24.00188
       6.83190      24.00188
       6.84210      24.00188
       6.85220      24.00189
       6.86240      24.00189
       6.87260      24.00189
       6.88270      24.00189
       6.89290      24.00189
       6.90310      24.00189
       6.91320      24.00189
       6.92340      24.00190
       6.93360      24.00190
       6.94370      24.00190
       6.95390      24.00190
       6.96400      24.00190
       6.97420      24.00190
       6.98440      24.00191
       6.99450      24.00191
       7.00470      24.00191
       7.01490      24.00191
       7.02500      24.00191
       7.03520      24.00191
       7.04540      24.00191
       7.05550      24.00191
       7.06570      24.00192
       7.07590      24.00192
       7.08600      24.00192
       7.09620      24.00192
       7.10640      24.00192
       7.11650      24.00192
       7.12670      24.00193
       7.13680      24.00193
       7.14700      24.00193
       7.15720      24.00193
       7.16730      24.00193
       7.17750      24.00193
       7.18770      24.00193
       7.19780      24.00194
       7.20800      24.00194
       7.21820      24.00194
       7.22830      24.00194
       7.23850      24.00194
       7.24870      24.00194
       7.25880      24.00195
       7.26900      24.00195
       7.27910      24.00195
       7.28930      24.00195
       7.29950      24.00195
       7.30960      24.00195
       7.31980      24.00196
       7.33000      24.00196
       7.34010      24.00196
       7.35030      24.00196
       7.36050      24.00196
       7.37060      24.00196
       7.38080      24.00196
       7.39100      24.00196
       7.40110      24.00197
       7.41130      24.00197
       7.42150      24.00197
       7.43160      24.00197
       7.44180      24.00197
       7.45190      24.00197
       7.46210      24.00198
       7.47230      24.00198
       7.48240      24.00198
       7.49260      24.00198
       7.50280      24.00198
       7.51290      24.00198
       7.52310      24.00199
       7.53330      24.00199
       7.54340      24.00199
       7.55360      24.00199
       7.56380      24.00199
       7.57390      24.00199
       7.58410      24.00200
       7.59420      24.00200
       7.60440      24.00200
       7.61460      24.00200
       7.62470      24.00200
       7.63490      24.00200
       7.64510      24.00200
       7.65520      24.00200
       7.66540      24.00201
       7.67560      24.00201
       7.68570      24.00201
       7.69590      24.00201
       7.70610      24.00201
       7.71620      24.00201
       7.72640      24.00202
       7.73650      24.00202
       7.74670      24.00202
       7.75690      24.00202
       7.76700      24.00202
       7.77720      24.00202
       7.78740      24.00203
       7.79750      24.00203
       7.80770      24.00203
       7.81790      24.00203
       7.82800      24.00203
       7.83820      24.00203
       7.84840      24.00204
       7.85850      24.00204
       7.86870      24.00204
       7.87890      24.00204
       7.88900      24.00204
       7.89920      24.00204
       7.90930      24.00204
       7.91950      24.00205
       7.92970      24.00205
       7.93980      24.00205
       7.95000      24.00205
       7.96020      24.00205
       7.97030      24.00206
       7.98050      24.00206
       7.99070      24.00206
       8.00080      24.00206
       8.01100      24.00206
       8.02120      24.00206
       8.03130      24.00207
       8.04150      24.00207
       8.05160      24.00207
       8.06180      24.00207
       8.07200      24.00207
       8.08210      24.00207
       8.09230      24.00208
       8.10250      24.00208
       8.11260      24.00208
       8.12280      24.00208
       8.13300      24.00208
       8.14310      24.00208
       8.15330      24.00208
       8.16350      24.00209
       8.17360      24.00209
       8.18380      24.00209
       8.19400      24.00209
       8.20410      24.00209
       8.21430      24.00210
       8.22440      24.00210
       8.23460      24.00210
       8.24480      24.00210
       8.25490      24.00210
       8.26510      24.00210
       8.27530      24.00211
       8.28540      24.00211
       8.29560      24.00211
       8.30580      24.00211
       8.31590      24.00211
       8.32610      24.00211
       8.33630      24.00212
       8.34640      24.00212
       8.35660      24.00212
       8.36670      24.00212
       8.37690      24.00212
       8.38710      24.00212
       8.39720      24.00213
       8.40740      24.00213
       8.41760      24.00213
       8.42770      24.00213
       8.43790      24.00213
       8.44810      24.00213
       8.45820      24.00214
       8.46840      24.00214
       8.47860      24.00214
       8.48870      24.00214
       8.49890      24.00214
       8.50910      24.00215
       8.51920      24.00215
       8.52940      24.00215
       8.53950      24.00215
       8.54970      24.00215
       8.55990      24.00215
       8.57000      24.00216
       8.58020      24.00216
       8.59040      24.00216
       8.60050      24.00216
       8.61070      24.00216
       8.62090      24.00216
       8.63100      24.00217
       8.64120      24.00217
       8.65140      24.00217
       8.66150      24.00217
       8.67170      24.00217
       8.68180      24.00218
       8.69200      24.00218
       8.70220      24.00218
       8.71230      24.00218
       8.72250      24.00218
       8.73270      24.00218
       8.74280      24.00219
       8.75300      24.00219
       8.76320      24.00219
       8.77330      24.00219
       8.78350      24.00219
       8.79370      24.00220
       8.80380      24.00220
       8.81400      24.00220
       8.82420      24.00220
       8.83430      24.00220
       8.84450      24.00220
       8.85460      24.00221
       8.86480      24.00221
       8.87500      24.00221
       8.88510      24.00221
       8.89530      24.00221
       8.90550      24.00221
       8.91560      24.00222
       8.92580      24.00222
       8.93600      24.00222
       8.94610      24.00222
       8.95630      24.00222
       8.96650      24.00223
       8.97660      24.00223
       8.98680      24.00223
       8.99690      24.00223
       9.00710      24.00223
       9.01730      24.00224
       9.02740      24.00224
       9.03760      24.00224
       9.04780      24.00224
       9.05790      24.00224
       9.06810      24.00224
       9.07830      24.00225
       9.08840      24.00225
       9.09860      24.00225
       9.10880      24.00225
       9.11890      24.00225
       9.12910      24.00226
       9.13930      24.00226
       9.14940      24.00226
       9.15960      24.00226
       9.16970      24.00226
       9.17990      24.00227
       9.19010      24.00227
       9.20020      24.00227
       9.21040      24.00227
       9.22060      24.00227
       9.23070      24.00228
       9.24090      24.00228
       9.25110      24.00228
       9.26120      24.00228
       9.27140      24.00228
       9.28160      24.00229
       9.29170      24.00229
       9.30190      24.00229
       9.31200      24.00229
       9.32220      24.00229
       9.33240      24.00229
       9.34250      24.00230
       9.35270      24.00230
       9.36290      24.00230
       9.37300      24.00230
       9.38320      24.00230
       9.39340      24.00231
       9.40350      24.00231
       9.41370      24.00231
       9.42390      24.00231
       9.43400      24.00231
       9.44420      24.00232
       9.45440      24.00232
       9.46450      24.00232
       9.47470      24.00232
       9.48480      24.00232
       9.49500      24.00233
       9.50520      24.00233
       9.51530      24.00233
       9.52550      24.00233
       9.53570      24.00233
       9.54580      24.00234
       9.55600      24.00234
       9.56620      24.00234
       9.57630      24.00234
       9.58650      24.00234
       9.59670      24.00235
       9.60680      24.00235
       9.61700      24.00235
       9.62710      24.00235
       9.63730      24.00235
       9.64750      24.00236
       9.65760      24.00236
       9.66780      24.00236
       9.67800      24.00236
       9.68810      24.00236
       9.69830      24.00237
       9.70850      24.00237
       9.71860      24.00237
       9.72880      24.00237
       9.73900      24.00237
       9.74910      24.00238
       9.75930      24.00238
       9.76940      24.00238
       9.77960      24.00238
       9.78980      24.00238
       9.79990      24.00239
       9.81010      24.00239
       9.82030      24.00239
       9.83040      24.00239
       9.84060      24.00239
       9.85080      24.00240
       9.86090      24.00240
       9.87110      24.00240
       9.88130      24.00240
       9.89140      24.00241
       9.90160      24.00241
       9.91180      24.00241
       9.92190      24.00241
       9.93210      24.00241
       9.94220      24.00241
       9.95240      24.00242
       9.96260      24.00242
       9.97270      24.00242
       9.98290      24.00242
       9.99310      24.00243
      10.00320      24.00243
      10.01340      24.00243
      10.02360      24.00243
      10.03370      24.00243
      10.04390      24.00244
      10.05410      24.00244
      10.06420      24.00244
      10.07440      24.00244
      10.08450      24.00245
      10.09470      24.00245
      10.10490      24.00245
      10.11500      24.00245
      10.12520      24.00245
      10.13540      24.00245
      10.14550      24.00246
      10.15570      24.00246
      10.16590      24.00246
      10.17600      24.00246
      10.18620      24.00247
      10.19640      24.00247
      10.20650      24.00247
      10.21670      24.00247
      10.22690      24.00248
      10.23700      24.00248
      10.24720      24.00248
      10.25730      24.00248
      10.26750      24.00248
      10.27770      24.00249
      10.28780      24.00249
      10.29800      24.00249
      10.30820      24.00249
      10.31830      24.00249
      10.32850      24.00250
      10.33870      24.00250
      10.34880      24.00250
      10.35900      24.00250
      10.36920      24.00251
      10.37930      24.00251
      10.38950      24.00251
      10.39960      24.00251
      10.40980      24.00251
      10.42000      24.00252
      10.43010      24.00252
      10.44030      24.00252
      10.45050      24.00252
      10.46060      24.00253
      10.47080      24.00253
      10.48100      24.00253
      10.49110      24.00253
      10.50130      24.00253
      10.51150      24.00254
      10.52160      24.00254
      10.53180      24.00254
      10.54200      24.00254
      10.55210      24.00255
      10.56230      24.00255
      10.57240      24.00255
      10.58260      24.00255
      10.59280      24.00256
      10.60290      24.00256
      10.61310      24.00256
      10.62330      24.00256
      10.63340      24.00256
      10.64360      24.00257
      10.65380      24.00257
      10.66390      24.00257
      10.67410      24.00257
      10.68430      24.00257
      10.69440      24.00258
      10.70460      24.00258
      10.71470      24.00258
      10.72490      24.00258
      10.73510      24.00259
      10.74520      24.00259
      10.75540      24.00259
      10.76560      24.00259
      10.77570      24.00260
      10.78590      24.00260
      10.79610      24.00260
      10.80620      24.00260
      10.81640      24.00261
      10.82660      24.00261
      10.83670      24.00261
      10.84690      24.00261
      10.85710      24.00261
      10.86720      24.00262
      10.87740      24.00262
      10.88750      24.00262
      10.89770      24.00262
      10.90790      24.00263
      10.91800      24.00263
      10.92820      24.00263
      10.93840      24.00263
      10.94850      24.00264
      10.95870      24.00264
      10.96890      24.00264
      10.97900      24.00264
      10.98920      24.00265
      10.99940      24.00265
      11.00950      24.00265
      11.01970      24.00265
      11.02980      24.00266
      11.04000      24.00266
      11.05020      24.00266
      11.06030      24.00266
      11.07050      24.00267
      11.08070      24.00267
      11.09080      24.00267
      11.10100      24.00267
      11.11120      24.00268
      11.12130      24.00268
      11.13150      24.00268
      11.14170      24.00268
      11.15180      24.00269
      11.16200      24.00269
      11.17220      24.00269
      11.18230      24.00269
      11.19250      24.00270
      11.20260      24.00270
      11.21280      24.00270
      11.22300      24.00270
      11.23310      24.00270
      11.24330      24.00271
      11.25350      24.00271
      11.26360      24.00271
      11.27380      24.00271
      11.28400      24.00272
      11.29410      24.00272
      11.30430      24.00272
      11.31450      24.00273
      11.32460      24.00273
      11.33480      24.00273
      11.34490      24.00273
      11.35510      24.00274
      11.36530      24.00274
      11.37540      24.00274
      11.38560      24.00274
      11.39580      24.00274
      11.40590      24.00275
      11.41610      24.00275
      11.42630      24.00275
      11.43640      24.00276
      11.44660      24.00276
      11.45680      24.00276
      11.46690      24.00276
      11.47710      24.00277
      11.48730      24.00277
      11.49740      24.00277
      11.50760      24.00277
      11.51770      24.00278
      11.52790      24.00278
      11.53810      24.00278
      11.54820      24.00278
      11.55840      24.00279
      11.56860      24.00279
      11.57870      24.00279
      11.58890      24.00279
      11.59910      24.00280
      11.60920      24.00280
      11.61940      24.00280
      11.62960      24.00280
      11.63970      24.00281
      11.64990      24.00281
      11.66000      24.00281
      11.67020      24.00282
      11.68040      24.00282
      11.69050      24.00282
      11.70070      24.00282
      11.71090      24.00282
      11.72100      24.00283
      11.73120      24.00283
      11.74140      24.00283
      11.75150      24.00284
      11.76170      24.00284
      11.77190      24.00284
      11.78200      24.00284
      11.79220      24.00285
      11.80230      24.00285
      11.81250      24.00285
      11.82270      24.00286
      11.83280      24.00286
      11.84300      24.00286
      11.85320      24.00286
      11.86330      24.00286
      11.87350      24.00287
      11.88370      24.00287
      11.89380      24.00287
      11.90400      24.00288
      11.91420      24.00288
      11.92430      24.00288
      11.93450      24.00288
      11.94470      24.00289
      11.95480      24.00289
      11.96500      24.00289
      11.97510      24.00290
      11.98530      24.00290
      11.99550      24.00290
      12.00560      24.00290
      12.01580      24.00291
      12.02600      24.00291
      12.03610      24.00291
      12.04630      24.00291
      12.05650      24.00292
      12.06660      24.00292
      12.07680      24.00292
      12.08700      24.00293
      12.09710      24.00293
      12.10730      24.00293
      12.11740      24.00293
      12.12760      24.00294
      12.13780      24.00294
      12.14790      24.00294
      12.15810      24.00294
      12.16830      24.00295
      12.17840      24.00295
      12.18860      24.00295
      12.19880      24.00296
      12.20890      24.00296
      12.21910      24.00296
      12.22930      24.00297
      12.23940      24.00297
      12.24960      24.00297
      12.25980      24.00297
      12.26990      24.00298
      12.28010      24.00298
      12.29020      24.00298
      12.30040      24.00299
      12.31060      24.00299
      12.32070      24.00299
      12.33090      24.00299
      12.34110      24.00300
      12.35120      24.00300
      12.36140      24.00300
      12.37160      24.00301
      12.38170      24.00301
      12.39190      24.00301
      12.40210      24.00301
      12.41220      24.00302
      12.42240      24.00302
      12.43250      24.00302
      12.44270      24.00303
      12.45290      24.00303
      12.46300      24.00303
      12.47320      24.00303
      12.48340      24.00304
      12.49350      24.00304
      12.50370      24.00304
      12.51390      24.00305
      12.52400      24.00305
      12.53420      24.00305
      12.54440      24.00306
      12.55450      24.00306
      12.56470      24.00306
      12.57490      24.00307
      12.58500      24.00307
      12.59520      24.00307
      12.60530      24.00307
      12.61550      24.00308
      12.62570      24.00308
      12.63580      24.00308
      12.64600      24.00309
      12.65620      24.00309
      12.66630      24.00309
      12.67650      24.00309
      12.68670      24.00310
      12.69680      24.00310
      12.70700      24.00310
      12.71720      24.00311
      12.72730      24.00311
      12.73750      24.00311
      12.74760      24.00312
      12.75780      24.00312
      12.76800      24.00312
      12.77810      24.00313
      12.78830      24.00313
      12.79850      24.00313
      12.80860      24.00313
      12.81880      24.00314
      12.82900      24.00314
      12.83910      24.00314
      12.84930      24.00315
      12.85950      24.00315
      12.86960      24.00315
      12.87980      24.00316
      12.89000      24.00316
      12.90010      24.00316
      12.91030      24.00317
      12.92040      24.00317
      12.93060      24.00317
      12.94080      24.00318
      12.95090      24.00318
      12.96110      24.00318
      12.97130      24.00319
      12.98140      24.00319
      12.99160      24.00319
      13.00180      24.00319
      13.01190      24.00320
      13.02210      24.00320
      13.03230      24.00320
      13.04240      24.00321
      13.05260      24.00321
      13.06270      24.00321
      13.07290      24.00322
      13.08310      24.00322
      13.09320      24.00322
      13.10340      24.00323
      13.11360      24.00323
      13.12370      24.00323
      13.13390      24.00324
      13.14410      24.00324
      13.15420      24.00324
      13.16440      24.00325
      13.17460      24.00325
      13.18470      24.00325
      13.19490      24.00326
      13.20510      24.00326
      13.21520      24.00326
      13.22540      24.00327
      13.23550      24.00327
      13.24570      24.00327
      13.25590      24.00327
      13.26600      24.00328
      13.27620      24.00328
      13.28640      24.00328
      13.29650      24.00329
      13.30670      24.00329
      13.31690      24.00330
      13.32700      24.00330
      13.33720      24.00330
      13.34740      24.00331
      13.35750      24.00331
      13.36770      24.00331
      13.37780      24.00331
      13.38800      24.00332
      13.39820      24.00332
      13.40830      24.00332
      13.41850      24.00333
      13.42870      24.00333
      13.43880      24.00334
      13.44900      24.00334
      13.45920      24.00334
      13.46930      24.00335
      13.47950      24.00335
      13.48970      24.00335
      13.49980      24.00336
      13.51000      24.00336
      13.52010      24.00336
      13.53030      24.00337
      13.54050      24.00337
      13.55060      24.00337
      13.56080      24.00338
      13.57100      24.00338
      13.58110      24.00338
      13.59130      24.00339
      13.60150      24.00339
      13.61160      24.00339
      13.62180      24.00340
      13.63200      24.00340
      13.64210      24.00340
      13.65230      24.00341
      13.66250      24.00341
      13.67260      24.00341
      13.68280      24.00342
      13.69290      24.00342
      13.70310      24.00343
      13.71330      24.00343
      13.72340      24.00343
      13.73360      24.00344
      13.74380      24.00344
      13.75390      24.00344
      13.76410      24.00345
      13.77430      24.00345
      13.78440      24.00345
      13.79460      24.00346
      13.80480      24.00346
      13.81490      24.00346
      13.82510      24.00347
      13.83520      24.00347
      13.84540      24.00348
      13.85560      24.00348
      13.86570      24.00348
      13.87590      24.00349
      13.88610      24.00349
      13.89620      24.00349
      13.90640      24.00350
      13.91660      24.00350
      13.92670      24.00350
      13.93690      24.00351
      13.94710      24.00351
      13.95720      24.00352
      13.96740      24.00352
      13.97760      24.00352
      13.98770      24.00353
      13.99790      24.00353
      14.00800      24.00353
      14.01820      24.00354
      14.02840      24.00354
      14.03850      24.00355
      14.04870      24.00355
      14.05890      24.00355
      14.06900      24.00356
      14.07920      24.00356
      14.08940      24.00356
      14.09950      24.00357
      14.10970      24.00357
      14.11990      24.00357
      14.13000      24.00358
      14.14020      24.00358
      14.15030      24.00359
      14.16050      24.00359
      14.17070      24.00359
      14.18080      24.00360
      14.19100      24.00360
      14.20120      24.00360
      14.21130      24.00361
      14.22150      24.00361
      14.23170      24.00362
      14.24180      24.00362
      14.25200      24.00362
      14.26220      24.00363
      14.27230      24.00363
      14.28250      24.00364
      14.29270      24.00364
      14.30280      24.00364
      14.31300      24.00365
      14.32310      24.00365
      14.33330      24.00366
      14.34350      24.00366
      14.35360      24.00366
      14.36380      24.00367
      14.37400      24.00367
      14.38410      24.00368
      14.39430      24.00368
      14.40450      24.00368
      14.41460      24.00369
      14.42480      24.00369
      14.43500      24.00369
      14.44510      24.00370
      14.45530      24.00370
      14.46540      24.00371
      14.47560      24.00371
      14.48580      24.00372
      14.49590      24.00372
      14.50610      24.00372
      14.51630      24.00373
      14.52640      24.00373
      14.53660      24.00373
      14.54680      24.00374
      14.55690      24.00374
      14.56710      24.00375
      14.57730      24.00375
      14.58740      24.00376
      14.59760      24.00376
      14.60780      24.00376
      14.61790      24.00377
      14.62810      24.00377
      14.63820      24.00377
      14.64840      24.00378
      14.65860      24.00378
      14.66870      24.00379
      14.67890      24.00379
      14.68910      24.00380
      14.69920      24.00380
      14.70940      24.00380
      14.71960      24.00381
      14.72970      24.00381
      14.73990      24.00382
      14.75010      24.00382
      14.76020      24.00382
      14.77040      24.00383
      14.78050      24.00383
      14.79070      24.00384
      14.80090      24.00384
      14.81100      24.00385
      14.82120      24.00385
      14.83140      24.00385
      14.84150      24.00386
      14.85170      24.00386
      14.86190      24.00387
      14.87200      24.00387
      14.88220      24.00388
      14.89240      24.00388
      14.90250      24.00388
      14.91270      24.00389
      14.92290      24.00389
      14.93300      24.00390
      14.94320      24.00390
      14.95330      24.00390
      14.96350      24.00391
      14.97370      24.00391
      14.98380      24.00392
      14.99400      24.00392
      15.00420      24.00393
      15.01430      24.00393
      15.02450      24.00393
      15.03470      24.00394
      15.04480      24.00394
      15.05500      24.00395
      15.06520      24.00395
      15.07530      24.00396
      15.08550      24.00396
      15.09560      24.00397
      15.10580      24.00397
      15.11600      24.00397
      15.12610      24.00398
      15.13630      24.00398
      15.14650      24.00399
      15.15660      24.00399
      15.16680      24.00400
      15.17700      24.00400
      15.18710      24.00401
      15.19730      24.00401
      15.20750      24.00401
      15.21760      24.00402
      15.22780      24.00402
      15.23800      24.00403
      15.24810      24.00403
      15.25830      24.00404
      15.26840      24.00404
      15.27860      24.00405
      15.28880      24.00405
      15.29890      24.00406
      15.30910      24.00406
      15.31930      24.00406
      15.32940      24.00407
      15.33960      24.00407
      15.34980      24.00408
      15.35990      24.00408
      15.37010      24.00409
      15.38030      24.00409
      15.39040      24.00410
      15.40060      24.00410
      15.41070      24.00411
      15.42090      24.00411
      15.43110      24.00412
      15.44120      24.00412
      15.45140      24.00413
      15.46160      24.00413
      15.47170      24.00413
      15.48190      24.00414
      15.49210      24.00414
      15.50220      24.00415
      15.51240      24.00415
      15.52260      24.00416
      15.53270      24.00416
      15.54290      24.00417
      15.55300      24.00417
      15.56320      24.00418
      15.57340      24.00418
      15.58350      24.00419
      15.59370      24.00419
      15.60390      24.00420
      15.61400      24.00420
      15.62420      24.00421
      15.63440      24.00421
      15.64450      24.00422
      15.65470      24.00422
      15.66490      24.00422
      15.67500      24.00423
      15.68520      24.00423
      15.69540      24.00424
      15.70550      24.00424
      15.71570      24.00425
      15.72580      24.00425
      15.73600      24.00426
      15.74620      24.00426
      15.75630      24.00427
      15.76650      24.00427
      15.77670      24.00428
      15.78680      24.00428
      15.79700      24.00429
      15.80720      24.00429
      15.81730      24.00430
      15.82750      24.00430
      15.83770      24.00431
      15.84780      24.00431
      15.85800      24.00432
      15.86810      24.00432
      15.87830      24.00433
      15.88850      24.00433
      15.89860      24.00434
      15.90880      24.00434
      15.91900      24.00435
      15.92910      24.00435
      15.93930      24.00436
      15.94950      24.00436
      15.95960      24.00437
      15.96980      24.00437
      15.98000      24.00438
      15.99010      24.00438
      16.00030      24.00439
      16.01050      24.00439
      16.02060      24.00440
      16.03080      24.00440
      16.04090      24.00441
      16.05110      24.00441
      16.06130      24.00442
      16.07140      24.00443
      16.08160      24.00443
      16.09180      24.00443
      16.10190      24.00444
      16.11210      24.00445
      16.12230      24.00445
      16.13240      24.00446
      16.14260      24.00446
      16.15280      24.00447
      16.16290      24.00447
      16.17310      24.00448
      16.18320      24.00448
      16.19340      24.00449
      16.20360      24.00449
      16.21370      24.00450
      16.22390      24.00450
      16.23410      24.00451
      16.24420      24.00451
      16.25440      24.00452
      16.26460      24.00452
      16.27470      24.00453
      16.28490      24.00454
      16.29510      24.00454
      16.30520      24.00455
      16.31540      24.00455
      16.32560      24.00456
      16.33570      24.00456
      16.34590      24.00457
      16.35600      24.00457
      16.36620      24.00458
      16.37640      24.00459
      16.38650      24.00459
      16.39670      24.00459
      16.40690      24.00460
      16.41700      24.00461
      16.42720      24.00461
      16.43740      24.00462
      16.44750      24.00462
      16.45770      24.00463
      16.46790      24.00463
      16.47800      24.00464
      16.48820      24.00464
      16.49830      24.00465
      16.50850      24.00466
      16.51870      24.00466
      16.52880      24.00467
      16.53900      24.00467
      16.54920      24.00468
      16.55930      24.00468
      16.56950      24.00469
      16.57970      24.00470
      16.58980      24.00470
      16.60000      24.00471
      16.61020      24.00471
      16.62030      24.00472
      16.63050      24.00472
      16.64070      24.00473
      16.65080      24.00474
      16.66100      24.00474
      16.67110      24.00475
      16.68130      24.00475
      16.69150      24.00476
      16.70160      24.00476
      16.71180      24.00477
      16.72200      24.00478
      16.73210      24.00478
      16.74230      24.00479
      16.75250      24.00479
      16.76260      24.00480
      16.77280      24.00480
      16.78300      24.00481
      16.79310      24.00482
      16.80330      24.00482
      16.81340      24.00483
      16.82360      24.00484
      16.83380      24.00484
      16.84390      24.00485
      16.85410      24.00485
      16.86430      24.00486
      16.87440      24.00487
      16.88460      24.00487
      16.89480      24.00488
      16.90490      24.00488
      16.91510      24.00489
      16.92530      24.00489
      16.93540      24.00490
      16.94560      24.00491
      16.95580      24.00491
      16.96590      24.00492
      16.97610      24.00492
      16.98620      24.00493
      16.99640      24.00494
      17.00660      24.00494
      17.01670      24.00495
      17.02690      24.00496
      17.03710      24.00496
      17.04720      24.00497
      17.05740      24.00497
      17.06760      24.00498
      17.07770      24.00499
      17.08790      24.00499
      17.09810      24.00500
      17.10820      24.00500
      17.11840      24.00501
      17.12850      24.00502
      17.13870      24.00502
      17.14890      24.00503
      17.15900      24.00504
      17.16920      24.00504
      17.17940      24.00505
      17.18950      24.00505
      17.19970      24.00506
      17.20990      24.00507
      17.22000      24.00507
      17.23020      24.00508
      17.24040      24.00509
      17.25050      24.00509
      17.26070      24.00510
      17.27090      24.00511
      17.28100      24.00511
      17.29120      24.00512
      17.30130      24.00513
      17.31150      24.00513
      17.32170      24.00514
      17.33180      24.00515
      17.34200      24.00515
      17.35220      24.00516
      17.36230      24.00517
      17.37250      24.00517
      17.38270      24.00518
      17.39280      24.00518
      17.40300      24.00519
      17.41320      24.00520
      17.42330      24.00520
      17.43350      24.00521
      17.44360      24.00522
      17.45380      24.00522
      17.46400      24.00523
      17.47410      24.00524
      17.48430      24.00524
      17.49450      24.00525
      17.50460      24.00526
      17.51480      24.00526
      17.52500      24.00527
      17.53510      24.00528
      17.54530      24.00529
      17.55550      24.00529
      17.56560      24.00530
      17.57580      24.00530
      17.58590      24.00531
      17.59610      24.00532
      17.60630      24.00533
      17.61640      24.00533
      17.62660      24.00534
      17.63680      24.00535
      17.64690      24.00535
      17.65710      24.00536
      17.66730      24.00537
      17.67740      24.00537
      17.68760      24.00538
      17.69780      24.00539
      17.70790      24.00539
      17.71810      24.00540
      17.72830      24.00541
      17.73840      24.00541
      17.74860      24.00542
      17.75870      24.00543
      17.76890      24.00544
      17.77910      24.00544
      17.78920      24.00545
      17.79940      24.00546
      17.80960      24.00546
      17.81970      24.00547
      17.82990      24.00548
      17.84010      24.00549
      17.85020      24.00549
      17.86040      24.00550
      17.87060      24.00551
      17.88070      24.00551
      17.89090      24.00552
      17.90100      24.00553
      17.91120      24.00554
      17.92140      24.00554
      17.93150      24.00555
      17.94170      24.00556
      17.95190      24.00557
      17.96200      24.00557
      17.97220      24.00558
      17.98240      24.00559
      17.99250      24.00559
      18.00270      24.00560
      18.01290      24.00561
      18.02300      24.00562
      18.03320      24.00562
      18.04340      24.00563
      18.05350      24.00564
      18.06370      24.00565
      18.07380      24.00566
      18.08400      24.00566
      18.09420      24.00567
      18.10430      24.00568
      18.11450      24.00568
      18.12470      24.00569
      18.13480      24.00570
      18.14500      24.00571
      18.15520      24.00571
      18.16530      24.00572
      18.17550      24.00573
      18.18570      24.00574
      18.19580      24.00574
      18.20600      24.00575
      18.21610      24.00576
      18.22630      24.00577
      18.23650      24.00578
      18.24660      24.00578
      18.25680      24.00579
      18.26700      24.00580
      18.27710      24.00581
      18.28730      24.00582
      18.29750      24.00582
      18.30760      24.00583
      18.31780      24.00584
      18.32800      24.00585
      18.33810      24.00585
      18.34830      24.00586
      18.35850      24.00587
      18.36860      24.00588
      18.37880      24.00589
      18.38890      24.00589
      18.39910      24.00590
      18.40930      24.00591
      18.41940      24.00592
      18.42960      24.00593
      18.43980      24.00593
      18.44990      24.00594
      18.46010      24.00595
      18.47030      24.00596
      18.48040      24.00597
      18.49060      24.00597
      18.50080      24.00598
      18.51090      24.00599
      18.52110      24.00600
      18.53120      24.00601
      18.54140      24.00602
      18.55160      24.00602
      18.56170      24.00603
      18.57190      24.00604
      18.58210      24.00605
      18.59220      24.00606
      18.60240      24.00607
      18.61260      24.00607
      18.62270      24.00608
      18.63290      24.00609
      18.64310      24.00610
      18.65320      24.00611
      18.66340      24.00611
      18.67360      24.00612
      18.68370      24.00613
      18.69390      24.00614
      18.70400      24.00615
      18.71420      24.00616
      18.72440      24.00617
      18.73450      24.00617
      18.74470      24.00618
      18.75490      24.00619
      18.76500      24.00620
      18.77520      24.00621
      18.78540      24.00622
      18.79550      24.00623
      18.80570      24.00624
      18.81590      24.00624
      18.82600      24.00625
      18.83620      24.00626
      18.84630      24.00627
      18.85650      24.00628
      18.86670      24.00629
      18.87680      24.00630
      18.88700      24.00630
      18.89720      24.00631
      18.90730      24.00632
      18.91750      24.00633
      18.92770      24.00634
      18.93780      24.00635
      18.94800      24.00636
      18.95820      24.00637
      18.96830      24.00638
      18.97850      24.00638
      18.98870      24.00639
      18.99880      24.00640
      19.00900      24.00641
      19.01910      24.00642
      19.02930      24.00643
      19.03950      24.00644
      19.04960      24.00645
      19.05980      24.00646
      19.07000      24.00647
      19.08010      24.00648
      19.09030      24.00648
      19.10050      24.00649
      19.11060      24.00650
      19.12080      24.00651
      19.13100      24.00652
      19.14110      24.00653
      19.15130      24.00654
      19.16140      24.00655
      19.17160      24.00656
      19.18180      24.00657
      19.19190      24.00658
      19.20210      24.00659
      19.21230      24.00660
      19.22240      24.00661
      19.23260      24.00661
      19.24280      24.00662
      19.25290      24.00663
      19.26310      24.00664
      19.27330      24.00665
      19.28340      24.00666
      19.29360      24.00667
      19.30380      24.00668
      19.31390      24.00669
      19.32410      24.00670
      19.33420      24.00671
      19.34440      24.00672
      19.35460      24.00673
      19.36470      24.00674
      19.37490      24.00675
      19.38510      24.00676
      19.39520      24.00677
      19.40540      24.00678
      19.41560      24.00679
      19.42570      24.00680
      19.43590      24.00681
      19.44610      24.00682
      19.45620      24.00683
      19.46640      24.00684
      19.47650      24.00685
      19.48670      24.00686
      19.49690      24.00687
      19.50700      24.00688
      19.51720      24.00689
      19.52740      24.00690
      19.53750      24.00691
      19.54770      24.00692
      19.55790      24.00693
      19.56800      24.00694
      19.57820      24.00695
      19.58840      24.00696
      19.59850      24.00697
      19.60870      24.00698
      19.61880      24.00699
      19.62900      24.00700
      19.63920      24.00701
      19.64930      24.00702
      19.65950      24.00703
      19.66970      24.00704
      19.67980      24.00705
      19.69000      24.00706
      19.70020      24.00707
      19.71030      24.00708
      19.72050      24.00709
      19.73070      24.00710
      19.74080      24.00711
      19.75100      24.00713
      19.76120      24.00714
      19.77130      24.00715
      19.78150      24.00716
      19.79160      24.00717
      19.80180      24.00718
      19.81200      24.00719
      19.82210      24.00720
      19.83230      24.00721
      19.84250      24.00722
      19.85260      24.00723
      19.86280      24.00724
      19.87300      24.00725
      19.88310      24.00727
      19.89330      24.00728
      19.90350      24.00729
      19.91360      24.00730
      19.92380      24.00731
      19.93390      24.00732
      19.94410      24.00733
      19.95430      24.00734
      19.96440      24.00735
      19.97460      24.00736
      19.98480      24.00738
      19.99490      24.00739
      20.00510      24.00740
      20.01530      24.00741
      20.02540      24.00742
      20.03560      24.00743
      20.04580      24.00744
      20.05590      24.00745
      20.06610      24.00747
      20.07630      24.00748
      20.08640      24.00749
      20.09660      24.00750
      20.10670      24.00751
      20.11690      24.00752
      20.12710      24.00753
      20.13720      24.00755
      20.14740      24.00756
      20.15760      24.00757
      20.16770      24.00758
      20.17790      24.00759
      20.18810      24.00760
      20.19820      24.00762
      20.20840      24.00763
      20.21860      24.00764
      20.22870      24.00765
      20.23890      24.00766
      20.24900      24.00767
      20.25920      24.00769
      20.26940      24.00770
      20.27950      24.00771
      20.28970      24.00772
      20.29990      24.00773
      20.31000      24.00775
      20.32020      24.00776
      20.33040      24.00777
      20.34050      24.00778
      20.35070      24.00779
      20.36090      24.00781
      20.37100      24.00782
      20.38120      24.00783
      20.39140      24.00784
      20.40150      24.00785
      20.41170      24.00787
      20.42180      24.00788
      20.43200      24.00789
      20.44220      24.00790
      20.45230      24.00792
      20.46250      24.00793
      20.47270      24.00794
      20.48280      24.00795
      20.49300      24.00797
      20.50320      24.00798
      20.51330      24.00799
      20.52350      24.00800
      20.53370      24.00802
      20.54380      24.00803
      20.55400      24.00804
      20.56410      24.00805
      20.57430      24.00807
      20.58450      24.00808
      20.59460      24.00809
      20.60480      24.00811
      20.61500      24.00812
      20.62510      24.00813
      20.63530      24.00814
      20.64550      24.00816
      20.65560      24.00817
      20.66580      24.00818
      20.67600      24.00820
      20.68610      24.00821
      20.69630      24.00822
      20.70650      24.00824
      20.71660      24.00825
      20.72680      24.00826
      20.73690      24.00827
      20.74710      24.00829
      20.75730      24.00830
      20.76740      24.00831
      20.77760      24.00833
      20.78780      24.00834
      20.79790      24.00835
      20.80810      24.00837
      20.81830      24.00838
      20.82840      24.00840
      20.83860      24.00841
      20.84880      24.00842
      20.85890      24.00844
      20.86910      24.00845
      20.87920      24.00846
      20.88940      24.00848
      20.89960      24.00849
      20.90970      24.00850
      20.91990      24.00852
      20.93010      24.00853
      20.94020      24.00855
      20.95040      24.00856
      20.96060      24.00857
      20.97070      24.00859
      20.98090      24.00860
      20.99110      24.00862
      21.00120      24.00863
      21.01140      24.00864
      21.02160      24.00866
      21.03170      24.00867
      21.04190      24.00869
      21.05200      24.00870
      21.06220      24.00871
      21.07240      24.00873
      21.08250      24.00874
      21.09270      24.00876
      21.10290      24.00877
      21.11300      24.00879
      21.12320      24.00880
      21.13340      24.00882
      21.14350      24.00883
      21.15370      24.00885
      21.16390      24.00886
      21.17400      24.00887
      21.18420      24.00889
      21.19430      24.00890
      21.20450      24.00892
      21.21470      24.00893
      21.22480      24.00895
      21.23500      24.00896
      21.24520      24.00898
      21.25530      24.00899
      21.26550      24.00901
      21.27570      24.00902
      21.28580      24.00904
      21.29600      24.00905
      21.30620      24.00907
      21.31630      24.00908
      21.32650      24.00910
      21.33660      24.00912
      21.34680      24.00913
      21.35700      24.00915
      21.36710      24.00916
      21.37730      24.00918
      21.38750      24.00919
      21.39760      24.00921
      21.40780      24.00922
      21.41800      24.00924
      21.42810      24.00925
      21.43830      24.00927
      21.44850      24.00928
      21.45860      24.00930
      21.46880      24.00932
      21.47900      24.00933
      21.48910      24.00935
      21.49930      24.00937
      21.50940      24.00938
      21.51960      24.00940
      21.52980      24.00941
      21.53990      24.00943
      21.55010      24.00945
      21.56030      24.00946
      21.57040      24.00948
      21.58060      24.00949
      21.59080      24.00951
      21.60090      24.00953
      21.61110      24.00954
      21.62130      24.00956
      21.63140      24.00957
      21.64160      24.00959
      21.65170      24.00961
      21.66190      24.00962
      21.67210      24.00964
      21.68220      24.00966
      21.69240      24.00967
      21.70260      24.00969
      21.71270      24.00971
      21.72290      24.00973
      21.73310      24.00974
      21.74320      24.00976
      21.75340      24.00978
      21.76360      24.00979
      21.77370      24.00981
      21.78390      24.00983
      21.79410      24.00984
      21.80420      24.00986
      21.81440      24.00988
      21.82450      24.00990
      21.83470      24.00991
      21.84490      24.00993
      21.85500      24.00995
      21.86520      24.00997
      21.87540      24.00998
      21.88550      24.01000
      21.89570      24.01002
      21.90590      24.01004
      21.91600      24.01005
      21.92620      24.01007
      21.93640      24.01009
      21.94650      24.01011
      21.95670      24.01012
      21.96680      24.01014
      21.97700      24.01016
      21.98720      24.01018
      21.99730      24.01020
      22.00750      24.01021
      22.01770      24.01023
      22.02780      24.01025
      22.03800      24.01027
      22.04820      24.01029
      22.05830      24.01031
      22.06850      24.01032
      22.07870      24.01034
      22.08880      24.01036
      22.09900      24.01038
      22.10920      24.01040
      22.11930      24.01042
      22.12950      24.01044
      22.13960      24.01045
      22.14980      24.01047
      22.16000      24.01049
      22.17010      24.01051
      22.18030      24.01053
      22.19050      24.01055
      22.20060      24.01057
      22.21080      24.01059
      22.22100      24.01061
      22.23110      24.01063
      22.24130      24.01064
      22.25150      24.01066
      22.26160      24.01068
      22.27180      24.01070
      22.28190      24.01072
      22.29210      24.01074
      22.30230      24.01076
      22.31240      24.01078
      22.32260      24.01080
      22.33280      24.01082
      22.34290      24.01084
      22.35310      24.01086
      22.36330      24.01088
      22.37340      24.01090
      22.38360      24.01092
      22.39380      24.01094
      22.40390      24.01096
      22.41410      24.01098
      22.42430      24.01100
      22.43440      24.01102
      22.44460      24.01104
      22.45470      24.01106
      22.46490      24.01108
      22.47510      24.01110
      22.48520      24.01112
      22.49540      24.01114
      22.50560      24.01117
      22.51570      24.01119
      22.52590      24.01121
      22.53610      24.01123
      22.54620      24.01125
      22.55640      24.01127
      22.56660      24.01129
      22.57670      24.01131
      22.58690      24.01133
      22.59700      24.01135
      22.60720      24.01138
      22.61740      24.01140
      22.62750      24.01142
      22.63770      24.01144
      22.64790      24.01146
      22.65800      24.01148
      22.66820      24.01150
      22.67840      24.01153
      22.68850      24.01155
      22.69870      24.01157
      22.70890      24.01159
      22.71900      24.01161
      22.72920      24.01163
      22.73940      24.01166
      22.74950      24.01168
      22.75970      24.01170
      22.76980      24.01172
      22.78000      24.01175
      22.79020      24.01177
      22.80030      24.01179
      22.81050      24.01181
      22.82070      24.01184
      22.83080      24.01186
      22.84100      24.01188
      22.85120      24.01190
      22.86130      24.01193
      22.87150      24.01195
      22.88170      24.01197
      22.89180      24.01200
      22.90200      24.01202
      22.91210      24.01204
      22.92230      24.01207
      22.93250      24.01209
      22.94260      24.01211
      22.95280      24.01214
      22.96300      24.01216
      22.97310      24.01218
      22.98330      24.01221
      22.99350      24.01223
      23.00360      24.01225
      23.01380      24.01228
      23.02400      24.01230
      23.03410      24.01233
      23.04430      24.01235
      23.05450      24.01237
      23.06460      24.01240
      23.07480      24.01242
      23.08490      24.01245
      23.09510      24.01247
      23.10530      24.01250
      23.11540      24.01252
      23.12560      24.01254
      23.13580      24.01257
      23.14590      24.01259
      23.15610      24.01262
      23.16630      24.01264
      23.17640      24.01267
      23.18660      24.01269
      23.19680      24.01272
      23.20690      24.01274
      23.21710      24.01277
      23.22720      24.01279
      23.23740      24.01282
      23.24760      24.01285
      23.25770      24.01287
      23.26790      24.01290
      23.27810      24.01292
      23.28820      24.01295
      23.29840      24.01297
      23.30860      24.01300
      23.31870      24.01303
      23.32890      24.01305
      23.33910      24.01308
      23.34920      24.01311
      23.35940      24.01313
      23.36950      24.01316
      23.37970      24.01319
      23.38990      24.01321
      23.40000      24.01324
      23.41020      24.01327
      23.42040      24.01329
      23.43050      24.01332
      23.44070      24.01335
      23.45090      24.01337
      23.46100      24.01340
      23.47120      24.01343
      23.48140      24.01345
      23.49150      24.01348
      23.50170      24.01351
      23.51190      24.01354
      23.52200      24.01357
      23.53220      24.01359
      23.54230      24.01362
      23.55250      24.01365
      23.56270      24.01368
      23.57280      24.01370
      23.58300      24.01373
      23.59320      24.01376
      23.60330      24.01379
      23.61350      24.01382
      23.62370      24.01385
      23.63380      24.01387
      23.64400      24.01390
      23.65420      24.01393
      23.66430      24.01396
      23.67450      24.01399
      23.68460      24.01402
      23.69480      24.01405
      23.70500      24.01408
      23.71510      24.01411
      23.72530      24.01414
      23.73550      24.01417
      23.74560      24.01420
      23.75580      24.01423
      23.76600      24.01426
      23.77610      24.01428
      23.78630      24.01431
      23.79650      24.01435
      23.80660      24.01438
      23.81680      24.01441
      23.82700      24.01444
      23.83710      24.01447
      23.84730      24.01450
      23.85740      24.01453
      23.86760      24.01456
      23.87780      24.01459
      23.88790      24.01462
      23.89810      24.01465
      23.90830      24.01468
      23.91840      24.01471
      23.92860      24.01475
      23.93880      24.01478
      23.94890      24.01481
      23.95910      24.01484
      23.96930      24.01487
      23.97940      24.01490
      23.98960      24.01493
      23.99970      24.01497
      24.00990      24.01500
      24.02010      24.01503
      24.03020      24.01506
      24.04040      24.01510
      24.05060      24.01513
      24.06070      24.01516
      24.07090      24.01519
      24.08110      24.01523
      24.09120      24.01526
      24.10140      24.01529
      24.11160      24.01533
      24.12170      24.01536
      24.13190      24.01539
      24.14210      24.01543
      24.15220      24.01546
      24.16240      24.01550
      24.17250      24.01553
      24.18270      24.01556
      24.19290      24.01560
      24.20300      24.01563
      24.21320      24.01567
      24.22340      24.01570
      24.23350      24.01573
      24.24370      24.01577
      24.25390      24.01580
      24.26400      24.01584
      24.27420      24.01587
      24.28440      24.01591
      24.29450      24.01594
      24.30470      24.01598
      24.31480      24.01601
      24.32500      24.01605
      24.33520      24.01609
      24.34530      24.01612
      24.35550      24.01616
      24.36570      24.01619
      24.37580      24.01623
      24.38600      24.01627
      24.39620      24.01630
      24.40630      24.01634
      24.41650      24.01638
      24.42670      24.01641
      24.43680      24.01645
      24.44700      24.01649
      24.45720      24.01652
      24.46730      24.01656
      24.47750      24.01660
      24.48760      24.01664
      24.49780      24.01667
      24.50800      24.01671
      24.51810      24.01675
      24.52830      24.01679
      24.53850      24.01683
      24.54860      24.01686
      24.55880      24.01690
      24.56900      24.01694
      24.57910      24.01698
      24.58930      24.01702
      24.59950      24.01706
      24.60960      24.01710
      24.61980      24.01714
      24.62990      24.01718
      24.64010      24.01721
      24.65030      24.01725
      24.66040      24.01729
      24.67060      24.01733
      24.68080      24.01737
      24.69090      24.01741
      24.70110      24.01745
      24.71130      24.01749
      24.72140      24.01754
      24.73160      24.01758
      24.74180      24.01762
      24.75190      24.01766
      24.76210      24.01770
      24.77230      24.01774
      24.78240      24.01778
      24.79260      24.01782
      24.80270      24.01787
      24.81290      24.01791
      24.82310      24.01795
      24.83320      24.01799
      24.84340      24.01803
      24.85360      24.01808
      24.86370      24.01812
      24.87390      24.01816
      24.88410      24.01821
      24.89420      24.01825
      24.90440      24.01829
      24.91460      24.01834
      24.92470      24.01838
      24.93490      24.01842
      24.94500      24.01847
      24.95520      24.01851
      24.96540      24.01855
      24.97550      24.01860
      24.98570      24.01864
      24.99590      24.01869
      25.00600      24.01873
      25.01620      24.01878
      25.02640      24.01882
      25.03650      24.01887
      25.04670      24.01891
      25.05690      24.01896
      25.06700      24.01900
      25.07720      24.01905
      25.08740      24.01910
      25.09750      24.01914
      25.10770      24.01919
      25.11780      24.01924
      25.12800      24.01928
      25.13820      24.01933
      25.14830      24.01938
      25.15850      24.01942
      25.16870      24.01947
      25.17880      24.01952
      25.18900      24.01957
      25.19920      24.01962
      25.20930      24.01966
      25.21950      24.01971
      25.22970      24.01976
      25.23980      24.01981
      25.25000      24.01986
      25.26010      24.01991
      25.27030      24.01996
      25.28050      24.02001
      25.29060      24.02005
      25.30080      24.02011
      25.31100      24.02015
      25.32110      24.02020
      25.33130      24.02025
      25.34150      24.02031
      25.35160      24.02036
      25.36180      24.02041
      25.37200      24.02046
      25.38210      24.02051
      25.39230      24.02056
      25.40240      24.02061
      25.41260      24.02066
      25.42280      24.02072
      25.43290      24.02077
      25.44310      24.02082
      25.45330      24.02087
      25.46340      24.02093
      25.47360      24.02098
      25.48380      24.02103
      25.49390      24.02109
      25.50410      24.02114
      25.51430      24.02119
      25.52440      24.02125
      25.53460      24.02130
      25.54480      24.02136
      25.55490      24.02141
      25.56510      24.02147
      25.57520      24.02152
      25.58540      24.02158
      25.59560      24.02163
      25.60570      24.02169
      25.61590      24.02174
      25.62610      24.02180
      25.63620      24.02186
      25.64640      24.02191
      25.65660      24.02197
      25.66670      24.02203
      25.67690      24.02209
      25.68710      24.02214
      25.69720      24.02220
      25.70740      24.02226
      25.71750      24.02232
      25.72770      24.02237
      25.73790      24.02243
      25.74800      24.02249
      25.75820      24.02255
      25.76840      24.02261
      25.77850      24.02267
      25.78870      24.02273
      25.79890      24.02279
      25.80900      24.02285
      25.81920      24.02291
      25.82940      24.02297
      25.83950      24.02303
      25.84970      24.02309
      25.85990      24.02316
      25.87000      24.02322
      25.88020      24.02328
      25.89030      24.02334
      25.90050      24.02340
      25.91070      24.02347
      25.92080      24.02353
      25.93100      24.02359
      25.94120      24.02365
      25.95130      24.02372
      25.96150      24.02378
      25.97170      24.02385
      25.98180      24.02391
      25.99200      24.02398
      26.00220      24.02404
      26.01230      24.02411
      26.02250      24.02417
      26.03260      24.02424
      26.04280      24.02430
      26.05300      24.02437
      26.06310      24.02444
      26.07330      24.02450
      26.08350      24.02457
      26.09360      24.02464
      26.10380      24.02471
      26.11400      24.02477
      26.12410      24.02484
      26.13430      24.02491
      26.14450      24.02498
      26.15460      24.02505
      26.16480      24.02512
      26.17500      24.02519
      26.18510      24.02526
      26.19530      24.02533
      26.20540      24.02540
      26.21560      24.02547
      26.22580      24.02554
      26.23590      24.02561
      26.24610      24.02568
      26.25630      24.02575
      26.26640      24.02583
      26.27660      24.02590
      26.28680      24.02597
      26.29690      24.02604
      26.30710      24.02612
      26.31730      24.02619
      26.32740      24.02627
      26.33760      24.02634
      26.34770      24.02641
      26.35790      24.02649
      26.36810      24.02657
      26.37820      24.02664
      26.38840      24.02672
      26.39860      24.02679
      26.40870      24.02687
      26.41890      24.02695
      26.42910      24.02703
      26.43920      24.02710
      26.44940      24.02718
      26.45960      24.02726
      26.46970      24.02734
      26.47990      24.02742
      26.49010      24.02750
      26.50020      24.02758
      26.51040      24.02766
      26.52050      24.02774
      26.53070      24.02782
      26.54090      24.02790
      26.55100      24.02798
      26.56120      24.02806
      26.57140      24.02814
      26.58150      24.02823
      26.59170      24.02831
      26.60190      24.02839
      26.61200      24.02848
      26.62220      24.02856
      26.63240      24.02864
      26.64250      24.02873
      26.65270      24.02881
      26.66280      24.02890
      26.67300      24.02899
      26.68320      24.02907
      26.69330      24.02916
      26.70350      24.02925
      26.71370      24.02933
      26.72380      24.02942
      26.73400      24.02951
      26.74420      24.02960
      26.75430      24.02969
      26.76450      24.02978
      26.77470      24.02987
      26.78480      24.02995
      26.79500      24.03005
      26.80520      24.03014
      26.81530      24.03023
      26.82550      24.03032
      26.83560      24.03041
      26.84580      24.03050
      26.85600      24.03060
      26.86610      24.03069
      26.87630      24.03078
      26.88650      24.03088
      26.89660      24.03097
      26.90680      24.03107
      26.91700      24.03116
      26.92710      24.03126
      26.93730      24.03136
      26.94750      24.03145
      26.95760      24.03155
      26.96780      24.03165
      26.97790      24.03175
      26.98810      24.03185
      26.99830      24.03195
      27.00840      24.03205
      27.01860      24.03214
      27.02880      24.03225
      27.03890      24.03235
      27.04910      24.03245
      27.05930      24.03255
      27.06940      24.03265
      27.07960      24.03275
      27.08980      24.03286
      27.09990      24.03296
      27.11010      24.03307
      27.12020      24.03317
      27.13040      24.03328
      27.14060      24.03338
      27.15070      24.03349
      27.16090      24.03360
      27.17110      24.03370
      27.18120      24.03381
      27.19140      24.03392
      27.20160      24.03403
      27.21170      24.03414
      27.22190      24.03425
      27.23210      24.03436
      27.24220      24.03447
      27.25240      24.03458
      27.26260      24.03469
      27.27270      24.03481
      27.28290      24.03492
      27.29300      24.03503
      27.30320      24.03515
      27.31340      24.03526
      27.32350      24.03538
      27.33370      24.03549
      27.34390      24.03561
      27.35400      24.03573
      27.36420      24.03584
      27.37440      24.03596
      27.38450      24.03608
      27.39470      24.03620
      27.40490      24.03632
      27.41500      24.03644
      27.42520      24.03656
      27.43530      24.03668
      27.44550      24.03681
      27.45570      24.03693
      27.46580      24.03705
      27.47600      24.03718
      27.48620      24.03730
      27.49630      24.03743
      27.50650      24.03755
      27.51670      24.03768
      27.52680      24.03781
      27.53700      24.03794
      27.54720      24.03806
      27.55730      24.03819
      27.56750      24.03832
      27.57770      24.03845
      27.58780      24.03859
      27.59800      24.03872
      27.60810      24.03885
      27.61830      24.03898
      27.62850      24.03912
      27.63860      24.03925
      27.64880      24.03939
      27.65900      24.03952
      27.66910      24.03966
      27.67930      24.03980
      27.68950      24.03994
      27.69960      24.04007
      27.70980      24.04021
      27.72000      24.04035
      27.73010      24.04049
      27.74030      24.04064
      27.75040      24.04078
      27.76060      24.04092
      27.77080      24.04107
      27.78090      24.04121
      27.79110      24.04136
      27.80130      24.04150
      27.81140      24.04165
      27.82160      24.04180
      27.83180      24.04194
      27.84190      24.04209
      27.85210      24.04224
      27.86230      24.04240
      27.87240      24.04255
      27.88260      24.04270
      27.89280      24.04285
      27.90290      24.04301
      27.91310      24.04316
      27.92320      24.04332
      27.93340      24.04347
      27.94360      24.04363
      27.95370      24.04379
      27.96390      24.04395
      27.97410      24.04411
      27.98420      24.04427
      27.99440      24.04443
      28.00460      24.04459
      28.01470      24.04476
      28.02490      24.04492
      28.03510      24.04509
      28.04520      24.04525
      28.05540      24.04542
      28.06550      24.04559
      28.07570      24.04576
      28.08590      24.04593
      28.09600      24.04610
      28.10620      24.04627
      28.11640      24.04644
      28.12650      24.04661
      28.13670      24.04679
      28.14690      24.04697
      28.15700      24.04714
      28.16720      24.04732
      28.17740      24.04750
      28.18750      24.04768
      28.19770      24.04786
      28.20790      24.04804
      28.21800      24.04822
      28.22820      24.04840
      28.23830      24.04859
      28.24850      24.04877
      28.25870      24.04896
      28.26880      24.04915
      28.27900      24.04934
      28.28920      24.04953
      28.29930      24.04972
      28.30950      24.04991
      28.31970      24.05011
      28.32980      24.05030
      28.34000      24.05050
      28.35020      24.05069
      28.36030      24.05089
      28.37050      24.05109
      28.38060      24.05129
      28.39080      24.05149
      28.40100      24.05169
      28.41110      24.05189
      28.42130      24.05210
      28.43150      24.05231
      28.44160      24.05251
      28.45180      24.05272
      28.46200      24.05293
      28.47210      24.05314
      28.48230      24.05335
      28.49250      24.05357
      28.50260      24.05378
      28.51280      24.05400
      28.52300      24.05421
      28.53310      24.05443
      28.54330      24.05465
      28.55340      24.05487
      28.56360      24.05509
      28.57380      24.05532
      28.58390      24.05554
      28.59410      24.05577
      28.60430      24.05600
      28.61440      24.05622
      28.62460      24.05646
      28.63480      24.05669
      28.64490      24.05692
      28.65510      24.05716
      28.66530      24.05739
      28.67540      24.05763
      28.68560      24.05787
      28.69570      24.05811
      28.70590      24.05835
      28.71610      24.05860
      28.72620      24.05884
      28.73640      24.05909
      28.74660      24.05934
      28.75670      24.05959
      28.76690      24.05984
      28.77710      24.06009
      28.78720      24.06034
      28.79740      24.06060
      28.80760      24.06086
      28.81770      24.06112
      28.82790      24.06138
      28.83810      24.06164
      28.84820      24.06191
      28.85840      24.06217
      28.86850      24.06244
      28.87870      24.06271
      28.88890      24.06298
      28.89900      24.06325
      28.90920      24.06353
      28.91940      24.06381
      28.92950      24.06409
      28.93970      24.06437
      28.94990      24.06465
      28.96000      24.06493
      28.97020      24.06522
      28.98040      24.06551
      28.99050      24.06580
      29.00070      24.06609
      29.01080      24.06638
      29.02100      24.06668
      29.03120      24.06698
      29.04130      24.06728
      29.05150      24.06758
      29.06170      24.06788
      29.07180      24.06819
      29.08200      24.06850
      29.09220      24.06881
      29.10230      24.06912
      29.11250      24.06944
      29.12270      24.06976
      29.13280      24.07007
      29.14300      24.07039
      29.15310      24.07072
      29.16330      24.07104
      29.17350      24.07137
      29.18360      24.07170
      29.19380      24.07204
      29.20400      24.07238
      29.21410      24.07271
      29.22430      24.07306
      29.23450      24.07340
      29.24460      24.07375
      29.25480      24.07409
      29.26500      24.07445
      29.27510      24.07480
      29.28530      24.07516
      29.29550      24.07552
      29.30560      24.07588
      29.31580      24.07625
      29.32590      24.07661
      29.33610      24.07699
      29.34630      24.07736
      29.35640      24.07774
      29.36660      24.07812
      29.37680      24.07850
      29.38690      24.07889
      29.39710      24.07928
      29.40730      24.07967
      29.41740      24.08007
      29.42760      24.08047
      29.43780      24.08088
      29.44790      24.08128
      29.45810      24.08169
      29.46820      24.08210
      29.47840      24.08252
      29.48860      24.08294
      29.49870      24.08337
      29.50890      24.08380
      29.51910      24.08423
      29.52920      24.08467
      29.53940      24.08511
      29.54960      24.08556
      29.55970      24.08600
      29.56990      24.08646
      29.58010      24.08692
      29.59020      24.08738
      29.60040      24.08784
      29.61060      24.08832
      29.62070      24.08879
      29.63090      24.08928
      29.64100      24.08976
      29.65120      24.09025
      29.66140      24.09075
      29.67150      24.09125
      29.68170      24.09175
      29.69190      24.09227
      29.70200      24.09278
      29.71220      24.09331
      29.72240      24.09384
      29.73250      24.09437
      29.74270      24.09492
      29.75290      24.09546
      29.76300      24.09601
      29.77320      24.09657
      29.78330      24.09714
      29.79350      24.09771
      29.80370      24.09830
      29.81380      24.09888
      29.82400      24.09948
      29.83420      24.10008
      29.84430      24.10069
      29.85450      24.10131
      29.86470      24.10193
      29.87480      24.10256
      29.88500      24.10320
      29.89520      24.10386
      29.90530      24.10451
      29.91550      24.10518
      29.92570      24.10586
      29.93580      24.10654
      29.94600      24.10724
      29.95610      24.10794
      29.96630      24.10865
      29.97650      24.10938
      29.98660      24.11011
      29.99680      24.11086
      30.00700      24.11162
      30.01710      24.11238
      30.02730      24.11317
      30.03750      24.11396
      30.04760      24.11476
      30.05780      24.11558
      30.06800      24.11642
      30.07810      24.11725
      30.08830      24.11811
      30.09840      24.11897
      30.10860      24.11986
      30.11880      24.12076
      30.12890      24.12167
      30.13910      24.12260
      30.14930      24.12355
      30.15940      24.12451
      30.16960      24.12549
      30.17980      24.12648
      30.18990      24.12749
      30.20010      24.12852
      30.21030      24.12957
      30.22040      24.13063
      30.23060      24.13172
      30.24080      24.13283
      30.25090      24.13395
      30.26110      24.13510
      30.27120      24.13626
      30.28140      24.13745
      30.29160      24.13866
      30.30170      24.13989
      30.31190      24.14115
      30.32210      24.14244
      30.33220      24.14373
      30.34240      24.14507
      30.35260      24.14643
      30.36270      24.14781
      30.37290      24.14922
      30.38310      24.15067
      30.39320      24.15212
      30.40340      24.15363
      30.41350      24.15515
      30.42370      24.15671
      30.43390      24.15831
      30.44400      24.15992
      30.45420      24.16158
      30.46440      24.16327
      30.47450      24.16499
      30.48470      24.16676
      30.49490      24.16856
      30.50500      24.17039
      30.51520      24.17226
      30.52540      24.17418
      30.53550      24.17613
      30.54570      24.17813
      30.55590      24.18017
      30.56600      24.18224
      30.57620      24.18438
      30.58630      24.18653
      30.59650      24.18876
      30.60670      24.19103
      30.61680      24.19333
      30.62700      24.19571
      30.63720      24.19813
      30.64730      24.20058
      30.65750      24.20311
      30.66770      24.20570
      30.67780      24.20831
      30.68800      24.21101
      30.69820      24.21377
      30.70830      24.21656
      30.71850      24.21944
      30.72860      24.22236
      30.73880      24.22536
      30.74900      24.22844
      30.75910      24.23155
      30.76930      24.23476
      30.77950      24.23804
      30.78960      24.24135
      30.79980      24.24478
      30.81000      24.24828
      30.82010      24.25182
      30.83030      24.25547
      30.84050      24.25920
      30.85060      24.26298
      30.86080      24.26688
      30.87100      24.27086
      30.88110      24.27489
      30.89130      24.27905
      30.90140      24.28325
      30.91160      24.28759
      30.92180      24.29202
      30.93190      24.29650
      30.94210      24.30113
      30.95230      24.30585
      30.96240      24.31063
      30.97260      24.31556
      30.98280      24.32059
      30.99290      24.32568
      31.00310      24.33093
      31.01330      24.33629
      31.02340      24.34171
      31.03360      24.34729
      31.04370      24.35294
      31.05390      24.35876
      31.06410      24.36471
      31.07420      24.37072
      31.08440      24.37691
      31.09460      24.38323
      31.10470      24.38962
      31.11490      24.39620
      31.12510      24.40292
      31.13520      24.40971
      31.14540      24.41670
      31.15560      24.42384
      31.16570      24.43104
      31.17590      24.43846
      31.18600      24.44596
      31.19620      24.45368
      31.20640      24.46155
      31.21650      24.46950
      31.22670      24.47768
      31.23690      24.48603
      31.24700      24.49445
      31.25720      24.50312
      31.26740      24.51195
      31.27750      24.52087
      31.28770      24.53004
      31.29790      24.53939
      31.30800      24.54882
      31.31820      24.55852
      31.32840      24.56840
      31.33850      24.57837
      31.34870      24.58862
      31.35880      24.59895
      31.36900      24.60957
      31.37920      24.62039
      31.38930      24.63129
      31.39950      24.64250
      31.40970      24.65391
      31.41980      24.66540
      31.43000      24.67721
      31.44020      24.68922
      31.45030      24.70132
      31.46050      24.71375
      31.47070      24.72639
      31.48080      24.73913
      31.49100      24.75220
      31.50110      24.76536
      31.51130      24.77887
      31.52150      24.79260
      31.53160      24.80642
      31.54180      24.82060
      31.55200      24.83500
      31.56210      24.84950
      31.57230      24.86437
      31.58250      24.87947
      31.59260      24.89466
      31.60280      24.91023
      31.61300      24.92604
      31.62310      24.94194
      31.63330      24.95823
      31.64350      24.97476
      31.65360      24.99138
      31.66380      25.00840
      31.67390      25.02551
      31.68410      25.04302
      31.69430      25.06079
      31.70440      25.07863
      31.71460      25.09690
      31.72480      25.11543
      31.73490      25.13402
      31.74510      25.15305
      31.75530      25.17234
      31.76540      25.19169
      31.77560      25.21148
      31.78580      25.23154
      31.79590      25.25166
      31.80610      25.27223
      31.81620      25.29285
      31.82640      25.31394
      31.83660      25.33528
      31.84670      25.35667
      31.85690      25.37853
      31.86710      25.40066
      31.87720      25.42282
      31.88740      25.44546
      31.89760      25.46835
      31.90770      25.49128
      31.91790      25.51469
      31.92810      25.53835
      31.93820      25.56204
      31.94840      25.58621
      31.95860      25.61064
      31.96870      25.63508
      31.97890      25.66001
      31.98900      25.68494
      31.99920      25.71037
      32.00940      25.73604
      32.01950      25.76171
      32.02970      25.78787
      32.03990      25.81428
      32.05000      25.84065
      32.06020      25.86753
      32.07040      25.89464
      32.08050      25.92172
      32.09070      25.94929
      32.10090      25.97709
      32.11100      26.00485
      32.12120      26.03310
      32.13130      26.06129
      32.14150      26.08996
      32.15170      26.11886
      32.16180      26.14768
      32.17200      26.17699
      32.18220      26.20650
      32.19230      26.23590
      32.20250      26.26580
      32.21270      26.29590
      32.22280      26.32588
      32.23300      26.35634
      32.24320      26.38696
      32.25330      26.41747
      32.26350      26.44844
      32.27370      26.47958
      32.28380      26.51056
      32.29400      26.54200
      32.30410      26.57329
      32.31430      26.60502
      32.32450      26.63690
      32.33460      26.66858
      32.34480      26.70070
      32.35500      26.73295
      32.36510      26.76499
      32.37530      26.79746
      32.38550      26.83002
      32.39560      26.86236
      32.40580      26.89510
      32.41600      26.92793
      32.42610      26.96051
      32.43630      26.99347
      32.44640      27.02617
      32.45660      27.05925
      32.46680      27.09237
      32.47690      27.12520
      32.48710      27.15839
      32.49730      27.19160
      32.50740      27.22450
      32.51760      27.25773
      32.52780      27.29096
      32.53790      27.32384
      32.54810      27.35704
      32.55830      27.39021
      32.56840      27.42302
      32.57860      27.45611
      32.58880      27.48913
      32.59890      27.52178
      32.60910      27.55467
      32.61920      27.58717
      32.62940      27.61988
      32.63960      27.65251
      32.64970      27.68470
      32.65990      27.71709
      32.67010      27.74936
      32.68020      27.78116
      32.69040      27.81313
      32.70060      27.84494
      32.71070      27.87628
      32.72090      27.90774
      32.73110      27.93900
      32.74120      27.96976
      32.75140      28.00062
      32.76150      28.03096
      32.77170      28.06136
      32.78190      28.09150
      32.79200      28.12111
      32.80220      28.15075
      32.81240      28.18011
      32.82250      28.20888
      32.83270      28.23765
      32.84290      28.26611
      32.85300      28.29398
      32.86320      28.32178
      32.87340      28.34925
      32.88350      28.37608
      32.89370      28.40282
      32.90390      28.42919
      32.91400      28.45491
      32.92420      28.48048
      32.93430      28.50540
      32.94450      28.53014
      32.95470      28.55445
      32.96480      28.57809
      32.97500      28.60149
      32.98520      28.62444
      32.99530      28.64669
      33.00550      28.66868
      33.01570      28.69016
      33.02580      28.71093
      33.03600      28.73139
      33.04620      28.75133
      33.05630      28.77053
      33.06650      28.78938
      33.07660      28.80748
      33.08680      28.82521
      33.09700      28.84235
      33.10710      28.85876
      33.11730      28.87472
      33.12750      28.89008
      33.13760      28.90469
      33.14780      28.91883
      33.15800      28.93234
      33.16810      28.94508
      33.17830      28.95732
      33.18850      28.96890
      33.19860      28.97972
      33.20880      28.98999
      33.21890      28.99950
      33.22910      29.00843
      33.23930      29.01669
      33.24940      29.02418
      33.25960      29.03107
      33.26980      29.03726
      33.27990      29.04271
      33.29010      29.04751
      33.30030      29.05161
      33.31040      29.05498
      33.32060      29.05767
      33.33080      29.05966
      33.34090      29.06093
      33.35110      29.06150
      33.36130      29.06136
      33.37140      29.06053
      33.38160      29.05897
      33.39170      29.05674
      33.40190      29.05377
      33.41210      29.05010
      33.42220      29.04577
      33.43240      29.04071
      33.44260      29.03494
      33.45270      29.02854
      33.46290      29.02139
      33.47310      29.01356
      33.48320      29.00513
      33.49340      28.99594
      33.50360      28.98608
      33.51370      28.97566
      33.52390      28.96448
      33.53400      28.95276
      33.54420      28.94028
      33.55440      28.92716
      33.56450      28.91355
      33.57470      28.89918
      33.58490      28.88419
      33.59500      28.86874
      33.60520      28.85254
      33.61540      28.83576
      33.62550      28.81856
      33.63570      28.80062
      33.64590      28.78211
      33.65600      28.76325
      33.66620      28.74364
      33.67640      28.72351
      33.68650      28.70304
      33.69670      28.68187
      33.70680      28.66041
      33.71700      28.63824
      33.72720      28.61558
      33.73730      28.59268
      33.74750      28.56909
      33.75770      28.54505
      33.76780      28.52082
      33.77800      28.49591
      33.78820      28.47058
      33.79830      28.44510
      33.80850      28.41899
      33.81870      28.39248
      33.82880      28.36585
      33.83900      28.33861
      33.84910      28.31129
      33.85930      28.28336
      33.86950      28.25509
      33.87960      28.22679
      33.88980      28.19790
      33.90000      28.16872
      33.91010      28.13955
      33.92030      28.10982
      33.93050      28.07981
      33.94060      28.04986
      33.95080      28.01937
      33.96100      27.98866
      33.97110      27.95802
      33.98130      27.92687
      33.99150      27.89552
      34.00160      27.86431
      34.01180      27.83260
      34.02190      27.80103
      34.03210      27.76900
      34.04230      27.73683
      34.05240      27.70484
      34.06260      27.67240
      34.07280      27.63984
      34.08290      27.60750
      34.09310      27.57474
      34.10330      27.54190
      34.11340      27.50929
      34.12360      27.47630
      34.13380      27.44324
      34.14390      27.41046
      34.15410      27.37732
      34.16420      27.34446
      34.17440      27.31126
      34.18460      27.27804
      34.19470      27.24514
      34.20490      27.21191
      34.21510      27.17869
      34.22520      27.14581
      34.23540      27.11263
      34.24560      27.07948
      34.25570      27.04671
      34.26590      27.01365
      34.27610      26.98065
      34.28620      26.94802
      34.29640      26.91516
      34.30660      26.88237
      34.31670      26.84997
      34.32690      26.81735
      34.33700      26.78514
      34.34720      26.75272
      34.35740      26.72041
      34.36750      26.68852
      34.37770      26.65644
      34.38790      26.62449
      34.39800      26.59299
      34.40820      26.56130
      34.41840      26.52977
      34.42850      26.49868
      34.43870      26.46745
      34.44890      26.43639
      34.45900      26.40578
      34.46920      26.37504
      34.47930      26.34476
      34.48950      26.31439
      34.49970      26.28418
      34.50980      26.25446
      34.52000      26.22463
      34.53020      26.19499
      34.54030      26.16586
      34.55050      26.13663
      34.56070      26.10760
      34.57080      26.07907
      34.58100      26.05047
      34.59120      26.02209
      34.60130      25.99421
      34.61150      25.96626
      34.62170      25.93855
      34.63180      25.91133
      34.64200      25.88408
      34.65210      25.85732
      34.66230      25.83053
      34.67250      25.80398
      34.68260      25.77793
      34.69280      25.75186
      34.70300      25.72603
      34.71310      25.70070
      34.72330      25.67537
      34.73350      25.65028
      34.74360      25.62570
      34.75380      25.60112
      34.76400      25.57679
      34.77410      25.55294
      34.78430      25.52912
      34.79440      25.50579
      34.80460      25.48248
      34.81480      25.45942
      34.82490      25.43684
      34.83510      25.41431
      34.84530      25.39203
      34.85540      25.37022
      34.86560      25.34846
      34.87580      25.32695
      34.88590      25.30592
      34.89610      25.28493
      34.90630      25.26420
      34.91640      25.24393
      34.92660      25.22371
      34.93670      25.20395
      34.94690      25.18425
      34.95710      25.16481
      34.96720      25.14581
      34.97740      25.12687
      34.98760      25.10820
      34.99770      25.08995
      35.00790      25.07178
      35.01810      25.05385
      35.02820      25.03636
      35.03840      25.01893
      35.04860      25.00176
      35.05870      24.98499
      35.06890      24.96831
      35.07910      24.95186
      35.08920      24.93583
      35.09940      24.91987
      35.10950      24.90430
      35.11970      24.88882
      35.12990      24.87357
      35.14000      24.85871
      35.15020      24.84393
      35.16040      24.82938
      35.17050      24.81519
      35.18070      24.80110
      35.19090      24.78724
      35.20100      24.77372
      35.21120      24.76030
      35.22140      24.74709
      35.23150      24.73423
      35.24170      24.72146
      35.25180      24.70902
      35.26200      24.69667
      35.27220      24.68452
      35.28230      24.67271
      35.29250      24.66098
      35.30270      24.64945
      35.31280      24.63823
      35.32300      24.62710
      35.33320      24.61616
      35.34330      24.60553
      35.35350      24.59497
      35.36370      24.58461
      35.37380      24.57453
      35.38400      24.56454
      35.39420      24.55473
      35.40430      24.54519
      35.41450      24.53573
      35.42460      24.52655
      35.43480      24.51744
      35.44500      24.50850
      35.45510      24.49981
      35.46530      24.49121
      35.47550      24.48277
      35.48560      24.47456
      35.49580      24.46644
      35.50600      24.45847
      35.51610      24.45074
      35.52630      24.44308
      35.53650      24.43556
      35.54660      24.42827
      35.55680      24.42105
      35.56690      24.41404
      35.57710      24.40710
      35.58730      24.40030
      35.59740      24.39369
      35.60760      24.38716
      35.61780      24.38076
      35.62790      24.37455
      35.63810      24.36840
      35.64830      24.36238
      35.65840      24.35654
      35.66860      24.35077
      35.67880      24.34511
      35.68890      24.33962
      35.69910      24.33419
      35.70930      24.32887
      35.71940      24.32372
      35.72960      24.31862
      35.73970      24.31368
      35.74990      24.30879
      35.76010      24.30400
      35.77020      24.29936
      35.78040      24.29478
      35.79060      24.29029
      35.80070      24.28593
      35.81090      24.28163
      35.82110      24.27742
      35.83120      24.27334
      35.84140      24.26930
      35.85160      24.26535
      35.86170      24.26153
      35.87190      24.25774
      35.88200      24.25408
      35.89220      24.25045
      35.90240      24.24691
      35.91250      24.24347
      35.92270      24.24008
      35.93290      24.23675
      35.94300      24.23353
      35.95320      24.23035
      35.96340      24.22723
      35.97350      24.22422
      35.98370      24.22124
      35.99390      24.21832
